20190309001,16,6,7,1
20190309002,26,3,8,5
20190309003,36,3,8,5
20190309004,46,5,1,4
20190309005,56,0,5,5
20190309006,66,6,2,4
20190309007,76,5,5,0
20190309008,86,7,7,0
20190309009,96,3,0,3
20190309010,106,4,1,3
20190309011,116,3,4,1
20190309012,126,7,0,7
20190309013,136,2,7,5
20190309014,146,8,6,2
20190309015,156,6,4,2
20190309016,166,7,9,2
20190309017,176,7,5,2
20190309018,186,0,2,2
20190309019,196,8,9,1
20190309020,206,8,9,1
20190309021,216,3,1,2
20190309022,226,1,1,0
20190309023,236,1,9,8
20190309024,246,5,0,5
20190309025,256,0,4,4
20190309026,266,1,8,7
20190309027,276,9,7,2
20190309028,286,2,8,6
20190309029,296,8,7,1
20190309030,306,5,5,0
20190309031,316,9,6,3
20190309032,326,5,3,2
20190309033,336,1,7,6
20190309034,346,3,8,5
20190309035,356,1,5,4
20190309036,366,2,6,4
20190309037,376,5,3,2
20190309038,386,4,9,5
20190309039,396,4,9,5
20190309040,406,2,8,6
20190309041,416,1,0,1
20190309042,426,8,3,5
20190309043,436,3,1,2
20190309044,446,0,1,1
20190309045,456,9,6,3
20190309046,466,0,7,7
20190309047,476,9,6,3
20190309048,486,6,6,0
20190309049,496,9,3,6
20190309050,506,5,2,3
20190309051,516,2,9,7
20190309052,526,4,6,2
20190309053,536,7,4,3
20190309054,546,9,0,9
20190309055,556,0,7,7
20190309056,566,9,6,3
20190309057,576,3,9,6
20190309058,586,0,1,1
20190309059,596,6,6,0
20190309060,606,1,2,1
20190309061,616,6,2,4
20190309062,626,8,3,5
20190309063,636,3,7,4
20190309064,646,7,2,5
20190309065,656,7,3,4
20190309066,666,6,3,3
20190309067,676,3,4,1
20190309068,686,7,2,5
20190309069,696,0,2,2
20190309070,706,0,3,3
20190309071,716,4,0,4
20190309072,726,0,9,9
20190309073,736,2,5,3
20190309074,746,3,9,6
20190309075,756,3,4,1
20190309076,766,7,4,3
20190309077,776,6,5,1
20190309078,786,4,8,4
20190309079,796,6,8,2
20190309080,806,9,1,8
20190309081,816,4,9,5
20190309082,826,7,3,4
20190309083,836,9,0,9
20190309084,846,1,2,1
20190309085,856,6,5,1
20190309086,866,1,6,5
20190309087,876,1,8,7
20190309088,886,3,1,2
20190309089,896,7,0,7
20190309090,906,7,7,0
20190309091,916,3,8,5
20190309092,926,1,8,7
20190309093,936,4,9,5
20190309094,946,5,8,3
20190309095,956,2,3,1
20190309096,966,5,3,2
20190309097,976,0,2,2
20190309098,986,2,4,2
20190309099,996,5,0,5
20190309100,1006,4,3,1
20190309101,1016,0,2,2
20190309102,1026,5,6,1
20190309103,1036,3,3,0
20190309104,1046,7,0,7
20190309105,1056,3,5,2
20190309106,1066,2,7,5
20190309107,1076,8,0,8
20190309108,1086,1,8,7
20190309109,1096,7,1,6
20190309110,1106,6,5,1
20190309111,1116,9,5,4
20190309112,1126,7,5,2
20190309113,1136,7,6,1
20190309114,1146,5,1,4
20190309115,1156,2,5,3
20190309116,1166,1,2,1
20190309117,1176,6,4,2
20190309118,1186,4,5,1
20190309119,1196,3,9,6
20190309120,1206,9,0,9
20190309121,1216,7,0,7
20190309122,1226,0,7,7
20190309123,1236,8,1,7
20190309124,1246,1,7,6
20190309125,1256,1,9,8
20190309126,1266,7,4,3
20190309127,1276,4,3,1
20190309128,1286,8,2,6
20190309129,1296,3,3,0
20190309130,1306,5,5,0
20190309131,1316,3,9,6
20190309132,1326,2,8,6
20190309133,1336,3,0,3
20190309134,1346,4,5,1
20190309135,1356,1,1,0
20190309136,1366,1,5,4
20190309137,1376,2,7,5
20190309138,1386,7,4,3
20190309139,1396,1,8,7
20190309140,1406,8,8,0
20190309141,1416,0,0,0
20190309142,1426,4,5,1
20190309143,1436,9,4,5
20190309144,1446,1,6,5
20190309145,1456,9,8,1
20190309146,1466,5,7,2
20190309147,1476,4,6,2
20190309148,1486,0,7,7
20190309149,1496,2,0,2
20190309150,1506,7,9,2
20190309151,1516,3,4,1
20190309152,1526,4,6,2
20190309153,1536,6,3,3
20190309154,1546,4,2,2
20190309155,1556,9,0,9
20190309156,1566,9,9,0
20190309157,1576,8,0,8
20190309158,1586,8,2,6
20190309159,1596,6,5,1
20190309160,1606,1,0,1
20190309161,1616,6,3,3
20190309162,1626,6,2,4
20190309163,1636,1,2,1
20190309164,1646,0,5,5
20190309165,1656,2,4,2
20190309166,1666,2,8,6
20190309167,1676,7,4,3
20190309168,1686,3,5,2
20190309169,1696,1,7,6
20190309170,1706,5,6,1
20190309171,1716,3,0,3
20190309172,1726,5,0,5
20190309173,1736,3,1,2
20190309174,1746,4,8,4
20190309175,1756,4,3,1
20190309176,1766,5,1,4
20190309177,1776,1,1,0
20190309178,1786,4,1,3
20190309179,1796,9,1,8
20190309180,1806,9,1,8
20190309181,1816,8,9,1
20190309182,1826,7,2,5
20190309183,1836,1,5,4
20190309184,1846,3,9,6
20190309185,1856,3,6,3
20190309186,1866,1,1,0
20190309187,1876,7,1,6
20190309188,1886,2,4,2
20190309189,1896,6,2,4
20190309190,1906,6,6,0
20190309191,1916,2,2,0
20190309192,1926,9,1,8
20190309193,1936,3,4,1
20190309194,1946,2,5,3
20190309195,1956,1,8,7
20190309196,1966,0,4,4
20190309197,1976,8,0,8
20190309198,1986,5,8,3
20190309199,1996,8,1,7
20190309200,2006,9,4,5
20190309201,2016,4,5,1
20190309202,2026,1,1,0
20190309203,2036,0,8,8
20190309204,2046,6,3,3
20190309205,2056,6,1,5
20190309206,2066,3,1,2
20190309207,2076,7,9,2
20190309208,2086,7,6,1
20190309209,2096,4,9,5
20190309210,2106,3,2,1
20190309211,2116,9,5,4
20190309212,2126,9,7,2
20190309213,2136,6,2,4
20190309214,2146,2,7,5
20190309215,2156,7,7,0
20190309216,2166,7,6,1
20190309217,2176,2,5,3
20190309218,2186,3,3,0
20190309219,2196,4,2,2
20190309220,2206,1,2,1
20190309221,2216,9,0,9
20190309222,2226,7,5,2
20190309223,2236,8,8,0
20190309224,2246,7,6,1
20190309225,2256,7,5,2
20190309226,2266,3,7,4
20190309227,2276,4,0,4
20190309228,2286,6,2,4
20190309229,2296,4,8,4
20190309230,2306,4,0,4
20190309231,2316,0,3,3
20190309232,2326,6,3,3
20190309233,2336,7,1,6
20190309234,2346,0,3,3
20190309235,2356,0,6,6
20190309236,2366,1,8,7
20190309237,2376,8,0,8
20190309238,2386,4,6,2
20190309239,2396,7,2,5
20190309240,2406,6,7,1
20190309241,2416,2,7,5
20190309242,2426,1,0,1
20190309243,2436,8,3,5
20190309244,2446,8,7,1
20190309245,2456,1,2,1
20190309246,2466,0,9,9
20190309247,2476,7,3,4
20190309248,2486,8,0,8
20190309249,2496,7,7,0
20190309250,2506,7,4,3
20190309251,2516,4,4,0
20190309252,2526,7,7,0
20190309253,2536,4,0,4
20190309254,2546,0,6,6
20190309255,2556,0,3,3
20190309256,2566,0,7,7
20190309257,2576,6,5,1
20190309258,2586,7,4,3
20190309259,2596,0,3,3
20190309260,2606,6,4,2
20190309261,2616,1,4,3
20190309262,2626,5,8,3
20190309263,2636,1,7,6
20190309264,2646,1,2,1
20190309265,2656,1,1,0
20190309266,2666,2,9,7
20190309267,2676,5,1,4
20190309268,2686,3,5,2
20190309269,2696,6,8,2
20190309270,2706,6,4,2
20190309271,2716,3,5,2
20190309272,2726,9,7,2
20190309273,2736,4,3,1
20190309274,2746,6,3,3
20190309275,2756,4,5,1
20190309276,2766,9,5,4
20190309277,2776,5,0,5
20190309278,2786,2,3,1
20190309279,2796,8,9,1
20190309280,2806,2,1,1
20190309281,2816,4,5,1
20190309282,2826,9,0,9
20190309283,2836,6,0,6
20190309284,2846,1,9,8
20190309285,2856,8,7,1
20190309286,2866,8,6,2
20190309287,2876,1,1,0
20190309288,2886,8,5,3
20190310001,17,5,6,1
20190310002,27,9,6,3
20190310003,37,3,8,5
20190310004,47,3,6,3
20190310005,57,1,2,1
20190310006,67,5,0,5
20190310007,77,5,5,0
20190310008,87,3,9,6
20190310009,97,7,5,2
20190310010,107,0,1,1
20190310011,117,7,7,0
20190310012,127,4,5,1
20190310013,137,8,3,5
20190310014,147,0,0,0
20190310015,157,0,2,2
20190310016,167,5,9,4
20190310017,177,5,2,3
20190310018,187,9,5,4
20190310019,197,7,5,2
20190310020,207,0,9,9
20190310021,217,3,2,1
20190310022,227,7,7,0
20190310023,237,0,9,9
20190310024,247,6,9,3
20190310025,257,6,5,1
20190310026,267,3,5,2
20190310027,277,3,0,3
20190310028,287,4,4,0
20190310029,297,9,1,8
20190310030,307,3,7,4
20190310031,317,7,6,1
20190310032,327,7,8,1
20190310033,337,8,9,1
20190310034,347,5,1,4
20190310035,357,7,4,3
20190310036,367,4,6,2
20190310037,377,4,2,2
20190310038,387,6,4,2
20190310039,397,9,1,8
20190310040,407,0,3,3
20190310041,417,6,9,3
20190310042,427,4,5,1
20190310043,437,6,8,2
20190310044,447,9,7,2
20190310045,457,9,3,6
20190310046,467,9,6,3
20190310047,477,0,8,8
20190310048,487,2,5,3
20190310049,497,0,0,0
20190310050,507,6,8,2
20190310051,517,1,9,8
20190310052,527,7,1,6
20190310053,537,8,2,6
20190310054,547,2,7,5
20190310055,557,9,9,0
20190310056,567,6,8,2
20190310057,577,6,3,3
20190310058,587,8,6,2
20190310059,597,8,0,8
20190310060,607,8,1,7
20190310061,617,6,4,2
20190310062,627,3,3,0
20190310063,637,1,2,1
20190310064,647,7,9,2
20190310065,657,0,2,2
20190310066,667,4,8,4
20190310067,677,4,9,5
20190310068,687,4,6,2
20190310069,697,6,3,3
20190310070,707,9,1,8
20190310071,717,1,1,0
20190310072,727,4,1,3
20190310073,737,9,5,4
20190310074,747,9,1,8
20190310075,757,9,8,1
20190310076,767,5,3,2
20190310077,777,6,5,1
20190310078,787,9,1,8
20190310079,797,2,0,2
20190310080,807,6,7,1
20190310081,817,9,3,6
20190310082,827,2,9,7
20190310083,837,4,9,5
20190310084,847,8,0,8
20190310085,857,4,7,3
20190310086,867,7,8,1
20190310087,877,3,2,1
20190310088,887,8,4,4
20190310089,897,0,0,0
20190310090,907,5,5,0
20190310091,917,8,3,5
20190310092,927,9,2,7
20190310093,937,1,8,7
20190310094,947,0,5,5
20190310095,957,9,3,6
20190310096,967,8,4,4
20190310097,977,8,0,8
20190310098,987,8,4,4
20190310099,997,0,2,2
20190310100,1007,0,1,1
20190310101,1017,9,0,9
20190310102,1027,1,3,2
20190310103,1037,8,3,5
20190310104,1047,7,5,2
20190310105,1057,1,8,7
20190310106,1067,6,0,6
20190310107,1077,4,1,3
20190310108,1087,5,0,5
20190310109,1097,0,9,9
20190310110,1107,5,7,2
20190310111,1117,7,4,3
20190310112,1127,5,7,2
20190310113,1137,7,9,2
20190310114,1147,9,7,2
20190310115,1157,0,8,8
20190310116,1167,3,0,3
20190310117,1177,1,8,7
20190310118,1187,0,2,2
20190310119,1197,2,8,6
20190310120,1207,0,4,4
20190310121,1217,9,4,5
20190310122,1227,3,1,2
20190310123,1237,9,8,1
20190310124,1247,3,3,0
20190310125,1257,3,9,6
20190310126,1267,3,3,0
20190310127,1277,6,0,6
20190310128,1287,2,3,1
20190310129,1297,6,0,6
20190310130,1307,9,2,7
20190310131,1317,3,8,5
20190310132,1327,6,4,2
20190310133,1337,1,1,0
20190310134,1347,4,7,3
20190310135,1357,5,5,0
20190310136,1367,6,4,2
20190310137,1377,1,2,1
20190310138,1387,4,2,2
20190310139,1397,3,0,3
20190310140,1407,9,6,3
20190310141,1417,8,0,8
20190310142,1427,3,6,3
20190310143,1437,2,7,5
20190310144,1447,9,9,0
20190310145,1457,0,9,9
20190310146,1467,7,3,4
20190310147,1477,4,9,5
20190310148,1487,2,9,7
20190310149,1497,6,6,0
20190310150,1507,4,8,4
20190310151,1517,6,5,1
20190310152,1527,0,7,7
20190310153,1537,1,5,4
20190310154,1547,4,2,2
20190310155,1557,5,1,4
20190310156,1567,0,8,8
20190310157,1577,2,4,2
20190310158,1587,1,5,4
20190310159,1597,4,8,4
20190310160,1607,1,8,7
20190310161,1617,0,6,6
20190310162,1627,1,7,6
20190310163,1637,9,7,2
20190310164,1647,7,3,4
20190310165,1657,1,9,8
20190310166,1667,5,1,4
20190310167,1677,7,1,6
20190310168,1687,0,3,3
20190310169,1697,7,8,1
20190310170,1707,8,6,2
20190310171,1717,1,6,5
20190310172,1727,2,5,3
20190310173,1737,7,0,7
20190310174,1747,4,3,1
20190310175,1757,8,7,1
20190310176,1767,8,0,8
20190310177,1777,9,7,2
20190310178,1787,9,9,0
20190310179,1797,1,1,0
20190310180,1807,2,5,3
20190310181,1817,9,8,1
20190310182,1827,7,8,1
20190310183,1837,7,8,1
20190310184,1847,9,6,3
20190310185,1857,4,4,0
20190310186,1867,5,1,4
20190310187,1877,5,4,1
20190310188,1887,3,4,1
20190310189,1897,5,1,4
20190310190,1907,3,2,1
20190310191,1917,9,6,3
20190310192,1927,6,5,1
20190310193,1937,2,8,6
20190310194,1947,8,2,6
20190310195,1957,8,3,5
20190310196,1967,4,8,4
20190310197,1977,6,5,1
20190310198,1987,0,1,1
20190310199,1997,6,9,3
20190310200,2007,7,2,5
20190310201,2017,9,1,8
20190310202,2027,3,5,2
20190310203,2037,8,6,2
20190310204,2047,1,2,1
20190310205,2057,3,8,5
20190310206,2067,0,0,0
20190310207,2077,6,4,2
20190310208,2087,6,7,1
20190310209,2097,4,6,2
20190310210,2107,6,0,6
20190310211,2117,0,8,8
20190310212,2127,0,3,3
20190310213,2137,6,4,2
20190310214,2147,0,3,3
20190310215,2157,9,4,5
20190310216,2167,6,9,3
20190310217,2177,3,8,5
20190310218,2187,6,8,2
20190310219,2197,9,4,5
20190310220,2207,1,8,7
20190310221,2217,2,7,5
20190310222,2227,4,8,4
20190310223,2237,6,1,5
20190310224,2247,5,5,0
20190310225,2257,9,0,9
20190310226,2267,6,5,1
20190310227,2277,5,4,1
20190310228,2287,6,4,2
20190310229,2297,6,3,3
20190310230,2307,9,7,2
20190310231,2317,6,1,5
20190310232,2327,5,8,3
20190310233,2337,9,8,1
20190310234,2347,9,5,4
20190310235,2357,2,5,3
20190310236,2367,7,2,5
20190310237,2377,2,9,7
20190310238,2387,4,1,3
20190310239,2397,1,4,3
20190310240,2407,3,8,5
20190310241,2417,5,2,3
20190310242,2427,6,0,6
20190310243,2437,6,5,1
20190310244,2447,4,3,1
20190310245,2457,2,1,1
20190310246,2467,3,3,0
20190310247,2477,0,3,3
20190310248,2487,3,7,4
20190310249,2497,9,8,1
20190310250,2507,3,7,4
20190310251,2517,9,5,4
20190310252,2527,9,7,2
20190310253,2537,8,3,5
20190310254,2547,8,0,8
20190310255,2557,9,1,8
20190310256,2567,9,1,8
20190310257,2577,7,8,1
20190310258,2587,4,9,5
20190310259,2597,4,2,2
20190310260,2607,8,2,6
20190310261,2617,8,5,3
20190310262,2627,5,4,1
20190310263,2637,5,4,1
20190310264,2647,9,4,5
20190310265,2657,2,3,1
20190310266,2667,7,6,1
20190310267,2677,8,9,1
20190310268,2687,1,1,0
20190310269,2697,2,7,5
20190310270,2707,2,0,2
20190310271,2717,9,3,6
20190310272,2727,9,6,3
20190310273,2737,8,0,8
20190310274,2747,9,1,8
20190310275,2757,5,7,2
20190310276,2767,4,4,0
20190310277,2777,7,4,3
20190310278,2787,6,7,1
20190310279,2797,5,4,1
20190310280,2807,8,6,2
20190310281,2817,3,2,1
20190310282,2827,9,5,4
20190310283,2837,8,0,8
20190310284,2847,0,4,4
20190310285,2857,9,3,6
20190310286,2867,2,0,2
20190310287,2877,7,6,1
20190310288,2887,8,8,0
20190311001,11,9,4,5
20190311002,21,9,6,3
20190311003,31,5,7,2
20190311004,41,7,4,3
20190311005,51,6,0,6
20190311006,61,2,0,2
20190311007,71,0,0,0
20190311008,81,8,3,5
20190311009,91,6,5,1
20190311010,101,4,1,3
20190311011,111,5,0,5
20190311012,121,3,7,4
20190311013,131,2,5,3
20190311014,141,1,3,2
20190311015,151,9,2,7
20190311016,161,5,8,3
20190311017,171,6,4,2
20190311018,181,4,9,5
20190311019,191,5,2,3
20190311020,201,9,0,9
20190311021,211,5,2,3
20190311022,221,7,0,7
20190311023,231,2,8,6
20190311024,241,1,3,2
20190311025,251,0,1,1
20190311026,261,7,9,2
20190311027,271,3,6,3
20190311028,281,9,8,1
20190311029,291,8,9,1
20190311030,301,0,3,3
20190311031,311,8,3,5
20190311032,321,3,9,6
20190311033,331,1,3,2
20190311034,341,1,6,5
20190311035,351,0,9,9
20190311036,361,8,9,1
20190311037,371,7,9,2
20190311038,381,4,7,3
20190311039,391,1,6,5
20190311040,401,3,7,4
20190311041,411,6,5,1
20190311042,421,4,3,1
20190311043,431,9,2,7
20190311044,441,6,1,5
20190311045,451,9,1,8
20190311046,461,9,2,7
20190311047,471,1,9,8
20190311048,481,8,5,3
20190311049,491,2,9,7
20190311050,501,1,5,4
20190311051,511,9,8,1
20190311052,521,8,0,8
20190311053,531,5,0,5
20190311054,541,5,5,0
20190311055,551,4,9,5
20190311056,561,0,9,9
20190311057,571,7,6,1
20190311058,581,3,7,4
20190311059,591,4,8,4
20190311060,601,4,2,2
20190311061,611,5,9,4
20190311062,621,4,1,3
20190311063,631,0,7,7
20190311064,641,0,3,3
20190311065,651,1,6,5
20190311066,661,9,6,3
20190311067,671,5,6,1
20190311068,681,6,0,6
20190311069,691,3,9,6
20190311070,701,1,7,6
20190311071,711,2,7,5
20190311072,721,0,4,4
20190311073,731,1,7,6
20190311074,741,2,6,4
20190311075,751,4,5,1
20190311076,761,8,1,7
20190311077,771,8,2,6
20190311078,781,4,9,5
20190311079,791,9,7,2
20190311080,801,7,0,7
20190311081,811,4,4,0
20190311082,821,0,7,7
20190311083,831,9,8,1
20190311084,841,7,6,1
20190311085,851,9,0,9
20190311086,861,9,3,6
20190311087,871,4,0,4
20190311088,881,1,7,6
20190311089,891,3,9,6
20190311090,901,0,5,5
20190311091,911,4,0,4
20190311092,921,3,0,3
20190311093,931,8,3,5
20190311094,941,0,9,9
20190311095,951,7,0,7
20190311096,961,2,0,2
20190311097,971,5,9,4
20190311098,981,3,7,4
20190311099,991,7,1,6
20190311100,1001,8,1,7
20190311101,1011,5,5,0
20190311102,1021,4,4,0
20190311103,1031,4,0,4
20190311104,1041,4,6,2
20190311105,1051,9,4,5
20190311106,1061,7,4,3
20190311107,1071,5,8,3
20190311108,1081,9,4,5
20190311109,1091,0,9,9
20190311110,1101,7,9,2
20190311111,1111,5,7,2
20190311112,1121,5,1,4
20190311113,1131,9,9,0
20190311114,1141,0,5,5
20190311115,1151,4,6,2
20190311116,1161,4,1,3
20190311117,1171,9,1,8
20190311118,1181,6,5,1
20190311119,1191,4,8,4
20190311120,1201,4,6,2
20190311121,1211,7,6,1
20190311122,1221,9,3,6
20190311123,1231,5,6,1
20190311124,1241,2,5,3
20190311125,1251,4,2,2
20190311126,1261,7,7,0
20190311127,1271,6,6,0
20190311128,1281,2,6,4
20190311129,1291,8,4,4
20190311130,1301,5,9,4
20190311131,1311,0,0,0
20190311132,1321,7,3,4
20190311133,1331,3,7,4
20190311134,1341,2,5,3
20190311135,1351,1,7,6
20190311136,1361,9,0,9
20190311137,1371,3,6,3
20190311138,1381,7,5,2
20190311139,1391,3,6,3
20190311140,1401,2,2,0
20190311141,1411,6,8,2
20190311142,1421,5,9,4
20190311143,1431,9,7,2
20190311144,1441,9,4,5
20190311145,1451,9,7,2
20190311146,1461,2,5,3
20190311147,1471,6,0,6
20190311148,1481,4,6,2
20190311149,1491,1,6,5
20190311150,1501,9,0,9
20190311151,1511,9,7,2
20190311152,1521,2,8,6
20190311153,1531,7,4,3
20190311154,1541,7,8,1
20190311155,1551,5,0,5
20190311156,1561,1,9,8
20190311157,1571,7,6,1
20190311158,1581,9,1,8
20190311159,1591,2,6,4
20190311160,1601,7,8,1
20190311161,1611,8,5,3
20190311162,1621,1,4,3
20190311163,1631,0,7,7
20190311164,1641,9,7,2
20190311165,1651,4,2,2
20190311166,1661,5,9,4
20190311167,1671,5,8,3
20190311168,1681,6,2,4
20190311169,1691,0,9,9
20190311170,1701,2,1,1
20190311171,1711,7,7,0
20190311172,1721,0,9,9
20190311173,1731,5,9,4
20190311174,1741,1,4,3
20190311175,1751,3,5,2
20190311176,1761,4,6,2
20190311177,1771,2,3,1
20190311178,1781,7,1,6
20190311179,1791,9,6,3
20190311180,1801,7,0,7
20190311181,1811,4,9,5
20190311182,1821,2,6,4
20190311183,1831,3,7,4
20190311184,1841,8,9,1
20190311185,1851,8,7,1
20190311186,1861,5,7,2
20190311187,1871,4,5,1
20190311188,1881,2,3,1
20190311189,1891,4,6,2
20190311190,1901,5,5,0
20190311191,1911,6,0,6
20190311192,1921,9,8,1
20190311193,1931,9,9,0
20190311194,1941,7,7,0
20190311195,1951,6,1,5
20190311196,1961,2,0,2
20190311197,1971,6,7,1
20190311198,1981,7,0,7
20190311199,1991,0,1,1
20190311200,2001,7,3,4
20190311201,2011,1,3,2
20190311202,2021,2,1,1
20190311203,2031,1,1,0
20190311204,2041,6,7,1
20190311205,2051,1,3,2
20190311206,2061,0,4,4
20190311207,2071,9,6,3
20190311208,2081,4,1,3
20190311209,2091,3,1,2
20190311210,2101,4,3,1
20190311211,2111,4,6,2
20190311212,2121,8,1,7
20190311213,2131,1,1,0
20190311214,2141,0,5,5
20190311215,2151,1,9,8
20190311216,2161,9,5,4
20190311217,2171,0,0,0
20190311218,2181,0,2,2
20190311219,2191,8,7,1
20190311220,2201,6,4,2
20190311221,2211,2,4,2
20190311222,2221,5,9,4
20190311223,2231,7,7,0
20190311224,2241,0,2,2
20190311225,2251,7,3,4
20190311226,2261,6,5,1
20190311227,2271,8,6,2
20190311228,2281,9,2,7
20190311229,2291,2,1,1
20190311230,2301,0,9,9
20190311231,2311,7,0,7
20190311232,2321,9,8,1
20190311233,2331,7,2,5
20190311234,2341,2,1,1
20190311235,2351,5,8,3
20190311236,2361,6,9,3
20190311237,2371,1,4,3
20190311238,2381,8,7,1
20190311239,2391,9,7,2
20190311240,2401,2,2,0
20190311241,2411,0,5,5
20190311242,2421,7,5,2
20190311243,2431,6,0,6
20190311244,2441,0,6,6
20190311245,2451,4,8,4
20190311246,2461,3,3,0
20190311247,2471,7,7,0
20190311248,2481,1,0,1
20190311249,2491,4,6,2
20190311250,2501,3,7,4
20190311251,2511,7,2,5
20190311252,2521,0,4,4
20190311253,2531,9,5,4
20190311254,2541,6,0,6
20190311255,2551,8,7,1
20190311256,2561,2,5,3
20190311257,2571,1,6,5
20190311258,2581,6,7,1
20190311259,2591,3,0,3
20190311260,2601,1,8,7
20190311261,2611,6,1,5
20190311262,2621,3,0,3
20190311263,2631,6,9,3
20190311264,2641,0,7,7
20190311265,2651,6,8,2
20190311266,2661,1,2,1
20190311267,2671,2,2,0
20190311268,2681,9,4,5
20190311269,2691,7,3,4
20190311270,2701,4,9,5
20190311271,2711,0,1,1
20190311272,2721,5,4,1
20190311273,2731,1,2,1
20190311274,2741,2,7,5
20190311275,2751,4,5,1
20190311276,2761,5,7,2
20190311277,2771,2,1,1
20190311278,2781,1,7,6
20190311279,2791,0,5,5
20190311280,2801,6,9,3
20190311281,2811,0,8,8
20190311282,2821,8,1,7
20190311283,2831,3,3,0
20190311284,2841,5,6,1
20190311285,2851,2,2,0
20190311286,2861,2,8,6
20190311287,2871,7,8,1
20190311288,2881,4,0,4
20190312001,12,9,3,6
20190312002,22,8,3,5
20190312003,32,3,5,2
20190312004,42,2,2,0
20190312005,52,2,0,2
20190312006,62,6,0,6
20190312007,72,2,8,6
20190312008,82,5,2,3
20190312009,92,3,7,4
20190312010,102,3,4,1
20190312011,112,5,5,0
20190312012,122,4,2,2
20190312013,132,1,4,3
20190312014,142,6,9,3
20190312015,152,6,0,6
20190312016,162,1,9,8
20190312017,172,3,3,0
20190312018,182,1,7,6
20190312019,192,6,8,2
20190312020,202,4,8,4
20190312021,212,8,7,1
20190312022,222,3,3,0
20190312023,232,7,0,7
20190312024,242,4,7,3
20190312025,252,4,2,2
20190312026,262,1,6,5
20190312027,272,9,8,1
20190312028,282,3,2,1
20190312029,292,6,9,3
20190312030,302,7,5,2
20190312031,312,9,2,7
20190312032,322,5,0,5
20190312033,332,5,2,3
20190312034,342,4,4,0
20190312035,352,7,8,1
20190312036,362,8,7,1
20190312037,372,2,4,2
20190312038,382,9,1,8
20190312039,392,8,9,1
20190312040,402,8,4,4
20190312041,412,7,7,0
20190312042,422,1,2,1
20190312043,432,4,8,4
20190312044,442,7,7,0
20190312045,452,4,9,5
20190312046,462,2,7,5
20190312047,472,8,9,1
20190312048,482,4,0,4
20190312049,492,0,2,2
20190312050,502,6,1,5
20190312051,512,9,6,3
20190312052,522,9,9,0
20190312053,532,3,7,4
20190312054,542,5,7,2
20190312055,552,0,3,3
20190312056,562,6,2,4
20190312057,572,6,2,4
20190312058,582,2,7,5
20190312059,592,5,5,0
20190312060,602,6,9,3
20190312061,612,2,1,1
20190312062,622,0,8,8
20190312063,632,1,3,2
20190312064,642,4,4,0
20190312065,652,4,4,0
20190312066,662,4,7,3
20190312067,672,4,9,5
20190312068,682,7,1,6
20190312069,692,0,6,6
20190312070,702,5,9,4
20190312071,712,4,1,3
20190312072,722,9,0,9
20190312073,732,7,3,4
20190312074,742,8,4,4
20190312075,752,3,6,3
20190312076,762,2,0,2
20190312077,772,9,2,7
20190312078,782,8,7,1
20190312079,792,3,3,0
20190312080,802,0,3,3
20190312081,812,8,8,0
20190312082,822,0,5,5
20190312083,832,1,5,4
20190312084,842,4,3,1
20190312085,852,7,2,5
20190312086,862,9,2,7
20190312087,872,9,5,4
20190312088,882,3,3,0
20190312089,892,4,1,3
20190312090,902,1,8,7
20190312091,912,2,1,1
20190312092,922,7,1,6
20190312093,932,3,5,2
20190312094,942,3,2,1
20190312095,952,1,9,8
20190312096,962,8,9,1
20190312097,972,0,3,3
20190312098,982,6,2,4
20190312099,992,3,1,2
20190312100,1002,8,3,5
20190312101,1012,6,0,6
20190312102,1022,6,8,2
20190312103,1032,7,0,7
20190312104,1042,8,2,6
20190312105,1052,3,5,2
20190312106,1062,2,7,5
20190312107,1072,1,1,0
20190312108,1082,4,9,5
20190312109,1092,1,2,1
20190312110,1102,0,3,3
20190312111,1112,7,4,3
20190312112,1122,0,2,2
20190312113,1132,0,8,8
20190312114,1142,5,8,3
20190312115,1152,6,1,5
20190312116,1162,8,9,1
20190312117,1172,0,5,5
20190312118,1182,8,0,8
20190312119,1192,9,0,9
20190312120,1202,8,6,2
20190312121,1212,1,2,1
20190312122,1222,4,8,4
20190312123,1232,7,0,7
20190312124,1242,7,0,7
20190312125,1252,3,4,1
20190312126,1262,7,9,2
20190312127,1272,6,0,6
20190312128,1282,5,2,3
20190312129,1292,1,8,7
20190312130,1302,2,3,1
20190312131,1312,7,5,2
20190312132,1322,6,7,1
20190312133,1332,9,7,2
20190312134,1342,3,4,1
20190312135,1352,0,6,6
20190312136,1362,7,8,1
20190312137,1372,6,8,2
20190312138,1382,9,6,3
20190312139,1392,2,9,7
20190312140,1402,3,7,4
20190312141,1412,6,9,3
20190312142,1422,3,8,5
20190312143,1432,2,4,2
20190312144,1442,6,3,3
20190312145,1452,0,5,5
20190312146,1462,9,8,1
20190312147,1472,1,7,6
20190312148,1482,9,8,1
20190312149,1492,9,4,5
20190312150,1502,2,5,3
20190312151,1512,6,1,5
20190312152,1522,2,7,5
20190312153,1532,7,6,1
20190312154,1542,4,4,0
20190312155,1552,0,4,4
20190312156,1562,4,5,1
20190312157,1572,9,6,3
20190312158,1582,4,3,1
20190312159,1592,6,8,2
20190312160,1602,5,6,1
20190312161,1612,0,9,9
20190312162,1622,1,6,5
20190312163,1632,6,1,5
20190312164,1642,1,8,7
20190312165,1652,6,4,2
20190312166,1662,1,2,1
20190312167,1672,5,8,3
20190312168,1682,2,7,5
20190312169,1692,1,5,4
20190312170,1702,4,3,1
20190312171,1712,2,7,5
20190312172,1722,3,4,1
20190312173,1732,1,0,1
20190312174,1742,3,6,3
20190312175,1752,9,0,9
20190312176,1762,5,9,4
20190312177,1772,5,8,3
20190312178,1782,4,1,3
20190312179,1792,5,1,4
20190312180,1802,9,1,8
20190312181,1812,2,3,1
20190312182,1822,2,0,2
20190312183,1832,9,0,9
20190312184,1842,8,0,8
20190312185,1852,5,4,1
20190312186,1862,2,7,5
20190312187,1872,5,5,0
20190312188,1882,1,3,2
20190312189,1892,7,4,3
20190312190,1902,3,7,4
20190312191,1912,2,0,2
20190312192,1922,0,1,1
20190312193,1932,1,5,4
20190312194,1942,9,8,1
20190312195,1952,5,8,3
20190312196,1962,0,3,3
20190312197,1972,4,9,5
20190312198,1982,5,9,4
20190312199,1992,6,8,2
20190312200,2002,9,9,0
20190312201,2012,2,6,4
20190312202,2022,2,3,1
20190312203,2032,0,9,9
20190312204,2042,5,9,4
20190312205,2052,1,7,6
20190312206,2062,5,2,3
20190312207,2072,1,3,2
20190312208,2082,4,8,4
20190312209,2092,4,2,2
20190312210,2102,9,0,9
20190312211,2112,5,1,4
20190312212,2122,4,0,4
20190312213,2132,5,7,2
20190312214,2142,7,1,6
20190312215,2152,8,2,6
20190312216,2162,8,5,3
20190312217,2172,0,1,1
20190312218,2182,6,2,4
20190312219,2192,4,4,0
20190312220,2202,6,1,5
20190312221,2212,7,2,5
20190312222,2222,2,9,7
20190312223,2232,8,1,7
20190312224,2242,0,1,1
20190312225,2252,3,2,1
20190312226,2262,2,2,0
20190312227,2272,3,4,1
20190312228,2282,0,1,1
20190312229,2292,1,7,6
20190312230,2302,1,8,7
20190312231,2312,5,1,4
20190312232,2322,6,6,0
20190312233,2332,1,0,1
20190312234,2342,1,4,3
20190312235,2352,5,1,4
20190312236,2362,7,0,7
20190312237,2372,8,9,1
20190312238,2382,4,9,5
20190312239,2392,2,6,4
20190312240,2402,1,2,1
20190312241,2412,3,1,2
20190312242,2422,5,5,0
20190312243,2432,1,7,6
20190312244,2442,3,7,4
20190312245,2452,6,1,5
20190312246,2462,3,5,2
20190312247,2472,7,0,7
20190312248,2482,5,8,3
20190312249,2492,0,9,9
20190312250,2502,4,1,3
20190312251,2512,9,6,3
20190312252,2522,9,1,8
20190312253,2532,0,3,3
20190312254,2542,0,2,2
20190312255,2552,1,5,4
20190312256,2562,6,9,3
20190312257,2572,3,8,5
20190312258,2582,3,1,2
20190312259,2592,1,0,1
20190312260,2602,5,6,1
20190312261,2612,4,1,3
20190312262,2622,8,9,1
20190312263,2632,4,9,5
20190312264,2642,0,5,5
20190312265,2652,0,9,9
20190312266,2662,4,6,2
20190312267,2672,0,8,8
20190312268,2682,1,3,2
20190312269,2692,0,2,2
20190312270,2702,4,7,3
20190312271,2712,3,0,3
20190312272,2722,3,9,6
20190312273,2732,6,5,1
20190312274,2742,5,0,5
20190312275,2752,5,9,4
20190312276,2762,7,4,3
20190312277,2772,9,8,1
20190312278,2782,8,6,2
20190312279,2792,8,1,7
20190312280,2802,8,1,7
20190312281,2812,2,9,7
20190312282,2822,3,8,5
20190312283,2832,7,9,2
20190312284,2842,1,0,1
20190312285,2852,8,0,8
20190312286,2862,4,2,2
20190312287,2872,2,7,5
20190312288,2882,6,3,3
20190313001,13,5,9,4
20190313002,23,0,3,3
20190313003,33,5,1,4
20190313004,43,0,8,8
20190313005,53,6,0,6
20190313006,63,2,3,1
20190313007,73,9,4,5
20190313008,83,5,0,5
20190313009,93,4,9,5
20190313010,103,1,2,1
20190313011,113,4,3,1
20190313012,123,7,5,2
20190313013,133,1,1,0
20190313014,143,6,7,1
20190313015,153,9,6,3
20190313016,163,7,2,5
20190313017,173,1,6,5
20190313018,183,4,4,0
20190313019,193,9,0,9
20190313020,203,7,1,6
20190313021,213,8,3,5
20190313022,223,5,9,4
20190313023,233,2,3,1
20190313024,243,6,2,4
20190313025,253,5,1,4
20190313026,263,9,7,2
20190313027,273,8,8,0
20190313028,283,0,9,9
20190313029,293,7,3,4
20190313030,303,9,9,0
20190313031,313,0,7,7
20190313032,323,2,6,4
20190313033,333,0,7,7
20190313034,343,4,4,0
20190313035,353,6,9,3
20190313036,363,6,1,5
20190313037,373,4,3,1
20190313038,383,1,9,8
20190313039,393,8,0,8
20190313040,403,4,1,3
20190313041,413,8,7,1
20190313042,423,7,3,4
20190313043,433,5,8,3
20190313044,443,9,2,7
20190313045,453,0,1,1
20190313046,463,5,1,4
20190313047,473,8,3,5
20190313048,483,7,1,6
20190313049,493,9,4,5
20190313050,503,4,3,1
20190313051,513,4,0,4
20190313052,523,4,2,2
20190313053,533,9,7,2
20190313054,543,2,9,7
20190313055,553,9,3,6
20190313056,563,5,2,3
20190313057,573,7,4,3
20190313058,583,2,3,1
20190313059,593,3,4,1
20190313060,603,7,2,5
20190313061,613,4,1,3
20190313062,623,1,6,5
20190313063,633,0,0,0
20190313064,643,9,5,4
20190313065,653,7,5,2
20190313066,663,2,8,6
20190313067,673,0,8,8
20190313068,683,3,4,1
20190313069,693,8,7,1
20190313070,703,6,0,6
20190313071,713,0,1,1
20190313072,723,5,7,2
20190313073,733,1,7,6
20190313074,743,5,9,4
20190313075,753,0,1,1
20190313076,763,6,7,1
20190313077,773,0,8,8
20190313078,783,3,5,2
20190313079,793,6,9,3
20190313080,803,1,5,4
20190313081,813,0,6,6
20190313082,823,4,4,0
20190313083,833,9,0,9
20190313084,843,6,4,2
20190313085,853,8,2,6
20190313086,863,0,3,3
20190313087,873,4,4,0
20190313088,883,9,1,8
20190313089,893,1,7,6
20190313090,903,0,4,4
20190313091,913,2,8,6
20190313092,923,1,9,8
20190313093,933,6,7,1
20190313094,943,2,4,2
20190313095,953,7,7,0
20190313096,963,2,1,1
20190313097,973,0,8,8
20190313098,983,9,8,1
20190313099,993,1,0,1
20190313100,1003,9,4,5
20190313101,1013,1,4,3
20190313102,1023,3,2,1
20190313103,1033,3,4,1
20190313104,1043,6,7,1
20190313105,1053,9,5,4
20190313106,1063,6,9,3
20190313107,1073,5,2,3
20190313108,1083,0,9,9
20190313109,1093,2,5,3
20190313110,1103,6,9,3
20190313111,1113,1,8,7
20190313112,1123,1,2,1
20190313113,1133,3,3,0
20190313114,1143,0,4,4
20190313115,1153,5,7,2
20190313116,1163,6,8,2
20190313117,1173,4,1,3
20190313118,1183,4,8,4
20190313119,1193,9,8,1
20190313120,1203,0,3,3
20190313121,1213,6,6,0
20190313122,1223,1,5,4
20190313123,1233,3,6,3
20190313124,1243,3,7,4
20190313125,1253,7,0,7
20190313126,1263,5,3,2
20190313127,1273,4,5,1
20190313128,1283,6,1,5
20190313129,1293,6,0,6
20190313130,1303,8,0,8
20190313131,1313,0,5,5
20190313132,1323,6,1,5
20190313133,1333,1,0,1
20190313134,1343,1,9,8
20190313135,1353,1,4,3
20190313136,1363,7,3,4
20190313137,1373,1,0,1
20190313138,1383,2,0,2
20190313139,1393,6,1,5
20190313140,1403,7,9,2
20190313141,1413,2,2,0
20190313142,1423,9,5,4
20190313143,1433,0,5,5
20190313144,1443,3,6,3
20190313145,1453,1,5,4
20190313146,1463,1,1,0
20190313147,1473,1,9,8
20190313148,1483,2,9,7
20190313149,1493,2,5,3
20190313150,1503,7,0,7
20190313151,1513,3,8,5
20190313152,1523,1,7,6
20190313153,1533,3,2,1
20190313154,1543,8,7,1
20190313155,1553,1,8,7
20190313156,1563,1,7,6
20190313157,1573,8,7,1
20190313158,1583,8,5,3
20190313159,1593,5,3,2
20190313160,1603,7,9,2
20190313161,1613,6,7,1
20190313162,1623,1,6,5
20190313163,1633,7,1,6
20190313164,1643,8,2,6
20190313165,1653,5,5,0
20190313166,1663,5,4,1
20190313167,1673,4,1,3
20190313168,1683,9,5,4
20190313169,1693,6,5,1
20190313170,1703,5,9,4
20190313171,1713,2,8,6
20190313172,1723,1,0,1
20190313173,1733,0,2,2
20190313174,1743,7,5,2
20190313175,1753,7,0,7
20190313176,1763,0,4,4
20190313177,1773,4,3,1
20190313178,1783,6,5,1
20190313179,1793,1,9,8
20190313180,1803,2,5,3
20190313181,1813,6,3,3
20190313182,1823,9,9,0
20190313183,1833,9,8,1
20190313184,1843,8,2,6
20190313185,1853,9,9,0
20190313186,1863,5,9,4
20190313187,1873,4,7,3
20190313188,1883,1,7,6
20190313189,1893,2,4,2
20190313190,1903,1,1,0
20190313191,1913,6,3,3
20190313192,1923,6,2,4
20190313193,1933,0,9,9
20190313194,1943,5,9,4
20190313195,1953,4,6,2
20190313196,1963,9,0,9
20190313197,1973,7,9,2
20190313198,1983,4,4,0
20190313199,1993,6,6,0
20190313200,2003,0,9,9
20190313201,2013,2,4,2
20190313202,2023,0,3,3
20190313203,2033,6,3,3
20190313204,2043,0,0,0
20190313205,2053,6,5,1
20190313206,2063,9,7,2
20190313207,2073,8,2,6
20190313208,2083,7,3,4
20190313209,2093,3,0,3
20190313210,2103,5,9,4
20190313211,2113,7,1,6
20190313212,2123,8,0,8
20190313213,2133,7,6,1
20190313214,2143,3,7,4
20190313215,2153,5,9,4
20190313216,2163,0,5,5
20190313217,2173,4,3,1
20190313218,2183,0,7,7
20190313219,2193,8,8,0
20190313220,2203,8,2,6
20190313221,2213,1,6,5
20190313222,2223,3,5,2
20190313223,2233,6,2,4
20190313224,2243,8,4,4
20190313225,2253,5,4,1
20190313226,2263,0,8,8
20190313227,2273,9,5,4
20190313228,2283,2,9,7
20190313229,2293,9,2,7
20190313230,2303,4,7,3
20190313231,2313,1,0,1
20190313232,2323,2,9,7
20190313233,2333,9,8,1
20190313234,2343,9,2,7
20190313235,2353,2,0,2
20190313236,2363,5,4,1
20190313237,2373,6,3,3
20190313238,2383,5,7,2
20190313239,2393,5,4,1
20190313240,2403,4,3,1
20190313241,2413,8,7,1
20190313242,2423,7,7,0
20190313243,2433,2,9,7
20190313244,2443,7,9,2
20190313245,2453,1,8,7
20190313246,2463,7,4,3
20190313247,2473,8,2,6
20190313248,2483,3,6,3
20190313249,2493,7,5,2
20190313250,2503,8,9,1
20190313251,2513,5,4,1
20190313252,2523,7,4,3
20190313253,2533,6,1,5
20190313254,2543,6,0,6
20190313255,2553,0,1,1
20190313256,2563,8,3,5
20190313257,2573,6,3,3
20190313258,2583,8,7,1
20190313259,2593,3,6,3
20190313260,2603,7,4,3
20190313261,2613,2,1,1
20190313262,2623,2,2,0
20190313263,2633,9,5,4
20190313264,2643,3,0,3
20190313265,2653,8,7,1
20190313266,2663,5,8,3
20190313267,2673,2,8,6
20190313268,2683,5,7,2
20190313269,2693,3,1,2
20190313270,2703,8,9,1
20190313271,2713,4,9,5
20190313272,2723,3,3,0
20190313273,2733,2,1,1
20190313274,2743,3,4,1
20190313275,2753,9,2,7
20190313276,2763,9,2,7
20190313277,2773,9,4,5
20190313278,2783,3,0,3
20190313279,2793,0,3,3
20190313280,2803,6,8,2
20190313281,2813,7,3,4
20190313282,2823,1,4,3
20190313283,2833,9,6,3
20190313284,2843,0,7,7
20190313285,2853,1,4,3
20190313286,2863,6,3,3
20190313287,2873,7,7,0
20190313288,2883,2,1,1
20190314001,14,7,1,6
20190314002,24,3,5,2
20190314003,34,3,5,2
20190314004,44,4,2,2
20190314005,54,5,5,0
20190314006,64,9,8,1
20190314007,74,2,9,7
20190314008,84,0,6,6
20190314009,94,4,2,2
20190314010,104,4,4,0
20190314011,114,6,9,3
20190314012,124,5,1,4
20190314013,134,0,2,2
20190314014,144,3,0,3
20190314015,154,7,6,1
20190314016,164,9,1,8
20190314017,174,9,2,7
20190314018,184,0,7,7
20190314019,194,3,4,1
20190314020,204,7,6,1
20190314021,214,0,6,6
20190314022,224,6,4,2
20190314023,234,7,5,2
20190314024,244,9,8,1
20190314025,254,7,4,3
20190314026,264,0,6,6
20190314027,274,9,8,1
20190314028,284,9,8,1
20190314029,294,3,4,1
20190314030,304,2,2,0
20190314031,314,4,6,2
20190314032,324,3,8,5
20190314033,334,7,3,4
20190314034,344,3,2,1
20190314035,354,5,3,2
20190314036,364,9,5,4
20190314037,374,7,2,5
20190314038,384,0,7,7
20190314039,394,7,7,0
20190314040,404,1,6,5
20190314041,414,0,0,0
20190314042,424,3,7,4
20190314043,434,0,6,6
20190314044,444,9,5,4
20190314045,454,9,0,9
20190314046,464,8,0,8
20190314047,474,5,0,5
20190314048,484,5,4,1
20190314049,494,3,1,2
20190314050,504,1,0,1
20190314051,514,2,6,4
20190314052,524,4,3,1
20190314053,534,6,8,2
20190314054,544,4,5,1
20190314055,554,7,6,1
20190314056,564,2,2,0
20190314057,574,0,4,4
20190314058,584,0,8,8
20190314059,594,7,7,0
20190314060,604,0,7,7
20190314061,614,8,8,0
20190314062,624,1,0,1
20190314063,634,4,0,4
20190314064,644,2,6,4
20190314065,654,2,0,2
20190314066,664,4,4,0
20190314067,674,2,3,1
20190314068,684,8,6,2
20190314069,694,5,1,4
20190314070,704,6,8,2
20190314071,714,8,8,0
20190314072,724,4,1,3
20190314073,734,6,1,5
20190314074,744,6,7,1
20190314075,754,3,0,3
20190314076,764,9,8,1
20190314077,774,2,9,7
20190314078,784,9,9,0
20190314079,794,2,1,1
20190314080,804,7,5,2
20190314081,814,0,0,0
20190314082,824,0,7,7
20190314083,834,0,4,4
20190314084,844,2,9,7
20190314085,854,6,9,3
20190314086,864,1,6,5
20190314087,874,3,9,6
20190314088,884,2,0,2
20190314089,894,0,0,0
20190314090,904,5,1,4
20190314091,914,0,8,8
20190314092,924,3,4,1
20190314093,934,1,9,8
20190314094,944,2,8,6
20190314095,954,5,0,5
20190314096,964,4,5,1
20190314097,974,4,8,4
20190314098,984,2,6,4
20190314099,994,1,1,0
20190314100,1004,4,7,3
20190314101,1014,0,1,1
20190314102,1024,7,7,0
20190314103,1034,7,5,2
20190314104,1044,1,0,1
20190314105,1054,5,4,1
20190314106,1064,2,2,0
20190314107,1074,3,1,2
20190314108,1084,0,4,4
20190314109,1094,8,1,7
20190314110,1104,2,8,6
20190314111,1114,5,9,4
20190314112,1124,5,3,2
20190314113,1134,3,3,0
20190314114,1144,4,3,1
20190314115,1154,3,9,6
20190314116,1164,5,6,1
20190314117,1174,9,7,2
20190314118,1184,8,8,0
20190314119,1194,6,8,2
20190314120,1204,9,8,1
20190314121,1214,8,1,7
20190314122,1224,4,5,1
20190314123,1234,0,5,5
20190314124,1244,4,8,4
20190314125,1254,8,7,1
20190314126,1264,6,8,2
20190314127,1274,7,0,7
20190314128,1284,8,9,1
20190314129,1294,8,4,4
20190314130,1304,0,9,9
20190314131,1314,8,5,3
20190314132,1324,5,9,4
20190314133,1334,4,7,3
20190314134,1344,6,4,2
20190314135,1354,2,9,7
20190314136,1364,3,3,0
20190314137,1374,1,6,5
20190314138,1384,8,6,2
20190314139,1394,9,0,9
20190314140,1404,7,1,6
20190314141,1414,1,3,2
20190314142,1424,7,4,3
20190314143,1434,8,9,1
20190314144,1444,0,6,6
20190314145,1454,4,4,0
20190314146,1464,8,9,1
20190314147,1474,8,1,7
20190314148,1484,7,6,1
20190314149,1494,9,6,3
20190314150,1504,4,5,1
20190314151,1514,1,4,3
20190314152,1524,5,5,0
20190314153,1534,6,2,4
20190314154,1544,4,8,4
20190314155,1554,5,2,3
20190314156,1564,5,7,2
20190314157,1574,8,0,8
20190314158,1584,0,2,2
20190314159,1594,3,5,2
20190314160,1604,9,6,3
20190314161,1614,9,3,6
20190314162,1624,7,4,3
20190314163,1634,1,0,1
20190314164,1644,4,7,3
20190314165,1654,7,4,3
20190314166,1664,1,6,5
20190314167,1674,4,9,5
20190314168,1684,6,8,2
20190314169,1694,4,2,2
20190314170,1704,5,3,2
20190314171,1714,0,5,5
20190314172,1724,2,9,7
20190314173,1734,0,3,3
20190314174,1744,6,0,6
20190314175,1754,4,1,3
20190314176,1764,8,9,1
20190314177,1774,7,8,1
20190314178,1784,6,1,5
20190314179,1794,6,7,1
20190314180,1804,6,0,6
20190314181,1814,3,2,1
20190314182,1824,2,1,1
20190314183,1834,1,4,3
20190314184,1844,6,4,2
20190314185,1854,5,4,1
20190314186,1864,6,9,3
20190314187,1874,5,2,3
20190314188,1884,4,0,4
20190314189,1894,2,9,7
20190314190,1904,0,7,7
20190314191,1914,1,7,6
20190314192,1924,6,1,5
20190314193,1934,0,5,5
20190314194,1944,0,1,1
20190314195,1954,5,3,2
20190314196,1964,6,5,1
20190314197,1974,2,1,1
20190314198,1984,0,6,6
20190314199,1994,3,9,6
20190314200,2004,9,6,3
20190314201,2014,3,3,0
20190314202,2024,8,4,4
20190314203,2034,0,3,3
20190314204,2044,8,1,7
20190314205,2054,7,0,7
20190314206,2064,6,8,2
20190314207,2074,9,4,5
20190314208,2084,2,7,5
20190314209,2094,2,7,5
20190314210,2104,2,8,6
20190314211,2114,7,1,6
20190314212,2124,4,7,3
20190314213,2134,0,1,1
20190314214,2144,0,5,5
20190314215,2154,7,9,2
20190314216,2164,1,6,5
20190314217,2174,8,2,6
20190314218,2184,2,5,3
20190314219,2194,8,3,5
20190314220,2204,9,9,0
20190314221,2214,0,0,0
20190314222,2224,8,7,1
20190314223,2234,5,7,2
20190314224,2244,4,5,1
20190314225,2254,9,7,2
20190314226,2264,9,7,2
20190314227,2274,1,0,1
20190314228,2284,6,4,2
20190314229,2294,9,3,6
20190314230,2304,2,4,2
20190314231,2314,3,3,0
20190314232,2324,7,2,5
20190314233,2334,9,7,2
20190314234,2344,9,7,2
20190314235,2354,6,1,5
20190314236,2364,9,9,0
20190314237,2374,2,7,5
20190314238,2384,9,7,2
20190314239,2394,6,5,1
20190314240,2404,1,9,8
20190314241,2414,8,4,4
20190314242,2424,2,2,0
20190314243,2434,9,2,7
20190314244,2444,9,0,9
20190314245,2454,4,3,1
20190314246,2464,4,1,3
20190314247,2474,6,6,0
20190314248,2484,3,7,4
20190314249,2494,6,1,5
20190314250,2504,5,4,1
20190314251,2514,2,6,4
20190314252,2524,4,6,2
20190314253,2534,1,4,3
20190314254,2544,2,9,7
20190314255,2554,1,9,8
20190314256,2564,1,8,7
20190314257,2574,2,9,7
20190314258,2584,4,2,2
20190314259,2594,9,8,1
20190314260,2604,2,6,4
20190314261,2614,7,2,5
20190314262,2624,4,3,1
20190314263,2634,9,3,6
20190314264,2644,7,8,1
20190314265,2654,8,2,6
20190314266,2664,3,4,1
20190314267,2674,7,5,2
20190314268,2684,6,1,5
20190314269,2694,7,9,2
20190314270,2704,0,0,0
20190314271,2714,7,3,4
20190314272,2724,7,3,4
20190314273,2734,1,6,5
20190314274,2744,0,5,5
20190314275,2754,8,2,6
20190314276,2764,1,3,2
20190314277,2774,1,3,2
20190314278,2784,9,2,7
20190314279,2794,8,5,3
20190314280,2804,8,1,7
20190314281,2814,2,3,1
20190314282,2824,7,6,1
20190314283,2834,5,0,5
20190314284,2844,0,5,5
20190314285,2854,9,7,2
20190314286,2864,4,6,2
20190314287,2874,2,0,2
20190314288,2884,2,4,2
20190315001,15,7,3,4
20190315002,25,6,4,2
20190315003,35,8,1,7
20190315004,45,7,6,1
20190315005,55,6,7,1
20190315006,65,7,0,7
20190315007,75,0,7,7
20190315008,85,4,2,2
20190315009,95,1,9,8
20190315010,105,2,3,1
20190315011,115,7,4,3
20190315012,125,1,2,1
20190315013,135,4,0,4
20190315014,145,8,7,1
20190315015,155,4,6,2
20190315016,165,9,1,8
20190315017,175,3,8,5
20190315018,185,4,7,3
20190315019,195,0,0,0
20190315020,205,0,9,9
20190315021,215,6,7,1
20190315022,225,6,2,4
20190315023,235,3,5,2
20190315024,245,5,1,4
20190315025,255,7,2,5
20190315026,265,1,3,2
20190315027,275,6,1,5
20190315028,285,3,4,1
20190315029,295,5,8,3
20190315030,305,4,5,1
20190315031,315,6,1,5
20190315032,325,3,0,3
20190315033,335,2,7,5
20190315034,345,1,4,3
20190315035,355,2,2,0
20190315036,365,6,2,4
20190315037,375,5,0,5
20190315038,385,8,4,4
20190315039,395,2,4,2
20190315040,405,9,1,8
20190315041,415,4,5,1
20190315042,425,8,2,6
20190315043,435,2,4,2
20190315044,445,0,4,4
20190315045,455,8,2,6
20190315046,465,3,2,1
20190315047,475,5,6,1
20190315048,485,7,9,2
20190315049,495,2,2,0
20190315050,505,3,3,0
20190315051,515,0,9,9
20190315052,525,8,5,3
20190315053,535,7,5,2
20190315054,545,2,9,7
20190315055,555,9,5,4
20190315056,565,3,1,2
20190315057,575,3,2,1
20190315058,585,0,7,7
20190315059,595,0,2,2
20190315060,605,5,2,3
20190315061,615,5,6,1
20190315062,625,1,4,3
20190315063,635,2,7,5
20190315064,645,7,5,2
20190315065,655,5,4,1
20190315066,665,2,5,3
20190315067,675,7,1,6
20190315068,685,0,2,2
20190315069,695,7,2,5
20190315070,705,8,1,7
20190315071,715,5,1,4
20190315072,725,3,9,6
20190315073,735,6,3,3
20190315074,745,6,9,3
20190315075,755,7,0,7
20190315076,765,8,8,0
20190315077,775,4,7,3
20190315078,785,0,6,6
20190315079,795,7,9,2
20190315080,805,3,9,6
20190315081,815,7,2,5
20190315082,825,1,0,1
20190315083,835,7,0,7
20190315084,845,3,7,4
20190315085,855,2,1,1
20190315086,865,1,2,1
20190315087,875,9,5,4
20190315088,885,4,8,4
20190315089,895,7,5,2
20190315090,905,8,6,2
20190315091,915,2,7,5
20190315092,925,8,8,0
20190315093,935,1,4,3
20190315094,945,6,3,3
20190315095,955,6,7,1
20190315096,965,7,3,4
20190315097,975,2,5,3
20190315098,985,1,6,5
20190315099,995,1,1,0
20190315100,1005,1,9,8
20190315101,1015,7,8,1
20190315102,1025,8,6,2
20190315103,1035,6,6,0
20190315104,1045,3,3,0
20190315105,1055,9,2,7
20190315106,1065,7,9,2
20190315107,1075,4,3,1
20190315108,1085,9,1,8
20190315109,1095,0,5,5
20190315110,1105,8,3,5
20190315111,1115,3,1,2
20190315112,1125,4,4,0
20190315113,1135,1,3,2
20190315114,1145,1,6,5
20190315115,1155,0,8,8
20190315116,1165,7,1,6
20190315117,1175,8,0,8
20190315118,1185,1,7,6
20190315119,1195,8,9,1
20190315120,1205,6,8,2
20190315121,1215,3,9,6
20190315122,1225,2,1,1
20190315123,1235,6,8,2
20190315124,1245,5,8,3
20190315125,1255,5,5,0
20190315126,1265,1,9,8
20190315127,1275,4,7,3
20190315128,1285,6,9,3
20190315129,1295,5,2,3
20190315130,1305,3,2,1
20190315131,1315,0,7,7
20190315132,1325,6,9,3
20190315133,1335,0,0,0
20190315134,1345,5,0,5
20190315135,1355,3,4,1
20190315136,1365,0,3,3
20190315137,1375,3,4,1
20190315138,1385,5,6,1
20190315139,1395,8,5,3
20190315140,1405,9,9,0
20190315141,1415,5,9,4
20190315142,1425,3,7,4
20190315143,1435,5,3,2
20190315144,1445,2,2,0
20190315145,1455,3,4,1
20190315146,1465,2,7,5
20190315147,1475,2,3,1
20190315148,1485,3,1,2
20190315149,1495,2,7,5
20190315150,1505,6,0,6
20190315151,1515,0,3,3
20190315152,1525,3,2,1
20190315153,1535,8,2,6
20190315154,1545,7,3,4
20190315155,1555,5,4,1
20190315156,1565,2,3,1
20190315157,1575,9,9,0
20190315158,1585,4,8,4
20190315159,1595,0,2,2
20190315160,1605,7,0,7
20190315161,1615,9,8,1
20190315162,1625,5,1,4
20190315163,1635,1,7,6
20190315164,1645,1,0,1
20190315165,1655,0,3,3
20190315166,1665,5,4,1
20190315167,1675,4,6,2
20190315168,1685,5,6,1
20190315169,1695,7,8,1
20190315170,1705,0,5,5
20190315171,1715,7,7,0
20190315172,1725,8,5,3
20190315173,1735,4,7,3
20190315174,1745,7,6,1
20190315175,1755,2,3,1
20190315176,1765,8,6,2
20190315177,1775,4,3,1
20190315178,1785,4,0,4
20190315179,1795,3,4,1
20190315180,1805,4,0,4
20190315181,1815,2,5,3
20190315182,1825,9,4,5
20190315183,1835,3,5,2
20190315184,1845,1,5,4
20190315185,1855,8,7,1
20190315186,1865,0,5,5
20190315187,1875,5,0,5
20190315188,1885,2,1,1
20190315189,1895,8,4,4
20190315190,1905,6,3,3
20190315191,1915,6,2,4
20190315192,1925,2,6,4
20190315193,1935,4,8,4
20190315194,1945,4,5,1
20190315195,1955,3,5,2
20190315196,1965,8,1,7
20190315197,1975,4,6,2
20190315198,1985,2,9,7
20190315199,1995,8,7,1
20190315200,2005,3,5,2
20190315201,2015,0,1,1
20190315202,2025,1,4,3
20190315203,2035,4,8,4
20190315204,2045,2,6,4
20190315205,2055,0,4,4
20190315206,2065,1,7,6
20190315207,2075,4,4,0
20190315208,2085,5,1,4
20190315209,2095,7,7,0
20190315210,2105,9,9,0
20190315211,2115,1,5,4
20190315212,2125,9,2,7
20190315213,2135,3,8,5
20190315214,2145,5,9,4
20190315215,2155,6,1,5
20190315216,2165,1,5,4
20190315217,2175,6,0,6
20190315218,2185,3,4,1
20190315219,2195,0,0,0
20190315220,2205,5,0,5
20190315221,2215,6,1,5
20190315222,2225,2,7,5
20190315223,2235,9,2,7
20190315224,2245,7,2,5
20190315225,2255,9,3,6
20190315226,2265,0,0,0
20190315227,2275,6,8,2
20190315228,2285,2,7,5
20190315229,2295,7,2,5
20190315230,2305,7,5,2
20190315231,2315,4,4,0
20190315232,2325,3,2,1
20190315233,2335,5,3,2
20190315234,2345,0,7,7
20190315235,2355,5,1,4
20190315236,2365,1,2,1
20190315237,2375,0,8,8
20190315238,2385,1,6,5
20190315239,2395,4,2,2
20190315240,2405,8,9,1
20190315241,2415,0,4,4
20190315242,2425,7,6,1
20190315243,2435,0,2,2
20190315244,2445,9,8,1
20190315245,2455,2,7,5
20190315246,2465,1,7,6
20190315247,2475,7,9,2
20190315248,2485,5,7,2
20190315249,2495,0,9,9
20190315250,2505,1,4,3
20190315251,2515,7,8,1
20190315252,2525,6,4,2
20190315253,2535,0,6,6
20190315254,2545,2,1,1
20190315255,2555,7,1,6
20190315256,2565,4,2,2
20190315257,2575,6,3,3
20190315258,2585,1,0,1
20190315259,2595,9,5,4
20190315260,2605,2,3,1
20190315261,2615,6,1,5
20190315262,2625,3,6,3
20190315263,2635,1,3,2
20190315264,2645,6,8,2
20190315265,2655,7,1,6
20190315266,2665,6,5,1
20190315267,2675,4,3,1
20190315268,2685,7,1,6
20190315269,2695,0,6,6
20190315270,2705,5,4,1
20190315271,2715,2,3,1
20190315272,2725,2,1,1
20190315273,2735,6,0,6
20190315274,2745,6,2,4
20190315275,2755,3,1,2
20190315276,2765,8,7,1
20190315277,2775,1,7,6
20190315278,2785,9,5,4
20190315279,2795,1,7,6
20190315280,2805,2,6,4
20190315281,2815,8,6,2
20190315282,2825,1,5,4
20190315283,2835,0,4,4
20190315284,2845,6,4,2
20190315285,2855,0,5,5
20190315286,2865,8,9,1
20190315287,2875,9,5,4
20190315288,2885,0,6,6
20190316001,16,7,1,6
20190316002,26,8,0,8
20190316003,36,0,7,7
20190316004,46,0,8,8
20190316005,56,5,6,1
20190316006,66,6,9,3
20190316007,76,7,1,6
20190316008,86,2,7,5
20190316009,96,2,9,7
20190316010,106,7,4,3
20190316011,116,0,0,0
20190316012,126,3,3,0
20190316013,136,6,1,5
20190316014,146,9,1,8
20190316015,156,0,4,4
20190316016,166,9,2,7
20190316017,176,6,3,3
20190316018,186,5,2,3
20190316019,196,1,8,7
20190316020,206,7,7,0
20190316021,216,3,8,5
20190316022,226,3,2,1
20190316023,236,2,8,6
20190316024,246,8,1,7
20190316025,256,2,5,3
20190316026,266,9,0,9
20190316027,276,8,2,6
20190316028,286,8,2,6
20190316029,296,8,6,2
20190316030,306,9,0,9
20190316031,316,6,6,0
20190316032,326,7,0,7
20190316033,336,4,2,2
20190316034,346,9,5,4
20190316035,356,8,9,1
20190316036,366,9,8,1
20190316037,376,6,7,1
20190316038,386,8,0,8
20190316039,396,2,7,5
20190316040,406,8,8,0
20190316041,416,5,5,0
20190316042,426,4,1,3
20190316043,436,0,4,4
20190316044,446,4,7,3
20190316045,456,5,8,3
20190316046,466,5,4,1
20190316047,476,2,9,7
20190316048,486,7,5,2
20190316049,496,7,7,0
20190316050,506,0,8,8
20190316051,516,5,1,4
20190316052,526,7,4,3
20190316053,536,3,4,1
20190316054,546,2,3,1
20190316055,556,2,5,3
20190316056,566,8,0,8
20190316057,576,5,6,1
20190316058,586,4,4,0
20190316059,596,8,4,4
20190316060,606,9,1,8
20190316061,616,4,5,1
20190316062,626,4,9,5
20190316063,636,4,7,3
20190316064,646,2,7,5
20190316065,656,9,1,8
20190316066,666,5,5,0
20190316067,676,0,0,0
20190316068,686,0,7,7
20190316069,696,1,5,4
20190316070,706,9,1,8
20190316071,716,2,2,0
20190316072,726,9,3,6
20190316073,736,3,7,4
20190316074,746,5,2,3
20190316075,756,0,8,8
20190316076,766,4,0,4
20190316077,776,5,6,1
20190316078,786,7,1,6
20190316079,796,3,0,3
20190316080,806,6,2,4
20190316081,816,2,6,4
20190316082,826,7,9,2
20190316083,836,4,4,0
20190316084,846,0,4,4
20190316085,856,5,6,1
20190316086,866,2,2,0
20190316087,876,1,7,6
20190316088,886,3,2,1
20190316089,896,2,7,5
20190316090,906,6,0,6
20190316091,916,4,3,1
20190316092,926,2,6,4
20190316093,936,2,0,2
20190316094,946,9,6,3
20190316095,956,8,3,5
20190316096,966,7,0,7
20190316097,976,3,6,3
20190316098,986,1,5,4
20190316099,996,6,4,2
20190316100,1006,9,9,0
20190316101,1016,9,8,1
20190316102,1026,3,0,3
20190316103,1036,0,6,6
20190316104,1046,4,3,1
20190316105,1056,6,2,4
20190316106,1066,7,9,2
20190316107,1076,5,4,1
20190316108,1086,3,0,3
20190316109,1096,1,0,1
20190316110,1106,1,8,7
20190316111,1116,8,8,0
20190316112,1126,6,2,4
20190316113,1136,3,0,3
20190316114,1146,1,2,1
20190316115,1156,9,3,6
20190316116,1166,6,7,1
20190316117,1176,0,1,1
20190316118,1186,0,4,4
20190316119,1196,0,9,9
20190316120,1206,3,9,6
20190316121,1216,7,7,0
20190316122,1226,8,1,7
20190316123,1236,2,2,0
20190316124,1246,8,9,1
20190316125,1256,8,9,1
20190316126,1266,8,8,0
20190316127,1276,6,0,6
20190316128,1286,4,0,4
20190316129,1296,7,8,1
20190316130,1306,1,2,1
20190316131,1316,1,3,2
20190316132,1326,3,4,1
20190316133,1336,4,3,1
20190316134,1346,2,4,2
20190316135,1356,8,3,5
20190316136,1366,4,8,4
20190316137,1376,0,6,6
20190316138,1386,6,2,4
20190316139,1396,0,7,7
20190316140,1406,5,3,2
20190316141,1416,5,0,5
20190316142,1426,4,5,1
20190316143,1436,3,6,3
20190316144,1446,9,9,0
20190316145,1456,6,4,2
20190316146,1466,5,3,2
20190316147,1476,0,9,9
20190316148,1486,3,3,0
20190316149,1496,7,4,3
20190316150,1506,2,4,2
20190316151,1516,3,5,2
20190316152,1526,1,9,8
20190316153,1536,1,0,1
20190316154,1546,1,8,7
20190316155,1556,4,5,1
20190316156,1566,1,9,8
20190316157,1576,9,3,6
20190316158,1586,5,6,1
20190316159,1596,9,1,8
20190316160,1606,0,0,0
20190316161,1616,0,9,9
20190316162,1626,2,6,4
20190316163,1636,7,0,7
20190316164,1646,1,0,1
20190316165,1656,2,9,7
20190316166,1666,9,0,9
20190316167,1676,4,1,3
20190316168,1686,5,1,4
20190316169,1696,0,1,1
20190316170,1706,0,8,8
20190316171,1716,9,9,0
20190316172,1726,8,8,0
20190316173,1736,0,8,8
20190316174,1746,8,6,2
20190316175,1756,3,9,6
20190316176,1766,1,8,7
20190316177,1776,2,7,5
20190316178,1786,0,8,8
20190316179,1796,7,8,1
20190316180,1806,5,3,2
20190316181,1816,0,2,2
20190316182,1826,8,3,5
20190316183,1836,7,0,7
20190316184,1846,7,5,2
20190316185,1856,3,0,3
20190316186,1866,3,2,1
20190316187,1876,0,8,8
20190316188,1886,9,8,1
20190316189,1896,7,9,2
20190316190,1906,7,8,1
20190316191,1916,9,5,4
20190316192,1926,2,0,2
20190316193,1936,7,0,7
20190316194,1946,5,4,1
20190316195,1956,1,1,0
20190316196,1966,1,9,8
20190316197,1976,5,2,3
20190316198,1986,1,2,1
20190316199,1996,9,5,4
20190316200,2006,7,0,7
20190316201,2016,5,9,4
20190316202,2026,5,0,5
20190316203,2036,4,6,2
20190316204,2046,0,3,3
20190316205,2056,2,2,0
20190316206,2066,1,1,0
20190316207,2076,2,6,4
20190316208,2086,2,5,3
20190316209,2096,9,9,0
20190316210,2106,3,7,4
20190316211,2116,9,3,6
20190316212,2126,5,4,1
20190316213,2136,1,6,5
20190316214,2146,2,9,7
20190316215,2156,0,0,0
20190316216,2166,7,9,2
20190316217,2176,5,7,2
20190316218,2186,9,1,8
20190316219,2196,7,3,4
20190316220,2206,9,5,4
20190316221,2216,4,0,4
20190316222,2226,4,6,2
20190316223,2236,2,5,3
20190316224,2246,9,6,3
20190316225,2256,9,4,5
20190316226,2266,7,1,6
20190316227,2276,2,6,4
20190316228,2286,3,2,1
20190316229,2296,0,2,2
20190316230,2306,6,1,5
20190316231,2316,8,4,4
20190316232,2326,9,5,4
20190316233,2336,0,9,9
20190316234,2346,3,3,0
20190316235,2356,1,5,4
20190316236,2366,6,3,3
20190316237,2376,1,0,1
20190316238,2386,0,4,4
20190316239,2396,2,2,0
20190316240,2406,0,1,1
20190316241,2416,1,7,6
20190316242,2426,5,4,1
20190316243,2436,6,1,5
20190316244,2446,8,0,8
20190316245,2456,8,3,5
20190316246,2466,2,8,6
20190316247,2476,0,2,2
20190316248,2486,4,4,0
20190316249,2496,2,8,6
20190316250,2506,1,6,5
20190316251,2516,3,1,2
20190316252,2526,3,6,3
20190316253,2536,5,8,3
20190316254,2546,2,7,5
20190316255,2556,4,5,1
20190316256,2566,9,9,0
20190316257,2576,9,7,2
20190316258,2586,8,2,6
20190316259,2596,8,3,5
20190316260,2606,3,1,2
20190316261,2616,1,0,1
20190316262,2626,7,8,1
20190316263,2636,0,2,2
20190316264,2646,1,5,4
20190316265,2656,3,0,3
20190316266,2666,9,0,9
20190316267,2676,0,9,9
20190316268,2686,0,3,3
20190316269,2696,0,0,0
20190316270,2706,3,5,2
20190316271,2716,1,9,8
20190316272,2726,5,2,3
20190316273,2736,6,6,0
20190316274,2746,4,4,0
20190316275,2756,7,2,5
20190316276,2766,8,0,8
20190316277,2776,0,3,3
20190316278,2786,4,2,2
20190316279,2796,0,8,8
20190316280,2806,3,7,4
20190316281,2816,7,3,4
20190316282,2826,7,5,2
20190316283,2836,7,8,1
20190316284,2846,9,6,3
20190316285,2856,8,0,8
20190316286,2866,3,5,2
20190316287,2876,7,6,1
20190316288,2886,4,2,2
20190317001,17,0,7,7
20190317002,27,5,5,0
20190317003,37,6,1,5
20190317004,47,3,4,1
20190317005,57,3,2,1
20190317006,67,0,5,5
20190317007,77,4,9,5
20190317008,87,8,2,6
20190317009,97,4,7,3
20190317010,107,9,4,5
20190317011,117,4,9,5
20190317012,127,2,4,2
20190317013,137,2,8,6
20190317014,147,7,1,6
20190317015,157,1,2,1
20190317016,167,4,7,3
20190317017,177,1,0,1
20190317018,187,4,5,1
20190317019,197,7,8,1
20190317020,207,0,0,0
20190317021,217,3,0,3
20190317022,227,0,5,5
20190317023,237,4,8,4
20190317024,247,1,8,7
20190317025,257,8,2,6
20190317026,267,7,0,7
20190317027,277,2,3,1
20190317028,287,8,0,8
20190317029,297,6,7,1
20190317030,307,5,6,1
20190317031,317,7,1,6
20190317032,327,3,9,6
20190317033,337,6,8,2
20190317034,347,7,0,7
20190317035,357,8,4,4
20190317036,367,3,3,0
20190317037,377,9,4,5
20190317038,387,7,5,2
20190317039,397,1,1,0
20190317040,407,9,6,3
20190317041,417,3,7,4
20190317042,427,9,6,3
20190317043,437,6,9,3
20190317044,447,5,2,3
20190317045,457,9,9,0
20190317046,467,0,8,8
20190317047,477,2,0,2
20190317048,487,4,6,2
20190317049,497,7,6,1
20190317050,507,1,2,1
20190317051,517,8,8,0
20190317052,527,0,0,0
20190317053,537,2,6,4
20190317054,547,4,8,4
20190317055,557,0,2,2
20190317056,567,3,7,4
20190317057,577,0,1,1
20190317058,587,9,5,4
20190317059,597,4,8,4
20190317060,607,8,4,4
20190317061,617,0,8,8
20190317062,627,5,4,1
20190317063,637,4,6,2
20190317064,647,2,5,3
20190317065,657,6,8,2
20190317066,667,1,6,5
20190317067,677,0,4,4
20190317068,687,7,5,2
20190317069,697,7,0,7
20190317070,707,9,1,8
20190317071,717,5,2,3
20190317072,727,4,7,3
20190317073,737,2,6,4
20190317074,747,9,1,8
20190317075,757,3,8,5
20190317076,767,7,4,3
20190317077,777,8,0,8
20190317078,787,8,9,1
20190317079,797,8,1,7
20190317080,807,8,1,7
20190317081,817,0,1,1
20190317082,827,5,6,1
20190317083,837,3,8,5
20190317084,847,6,1,5
20190317085,857,4,6,2
20190317086,867,5,0,5
20190317087,877,7,9,2
20190317088,887,5,7,2
20190317089,897,8,8,0
20190317090,907,0,1,1
20190317091,917,1,4,3
20190317092,927,9,2,7
20190317093,937,8,6,2
20190317094,947,0,1,1
20190317095,957,6,8,2
20190317096,967,7,0,7
20190317097,977,0,4,4
20190317098,987,1,3,2
20190317099,997,3,9,6
20190317100,1007,2,3,1
20190317101,1017,4,9,5
20190317102,1027,0,0,0
20190317103,1037,4,1,3
20190317104,1047,1,3,2
20190317105,1057,5,1,4
20190317106,1067,7,6,1
20190317107,1077,9,7,2
20190317108,1087,4,5,1
20190317109,1097,5,8,3
20190317110,1107,7,9,2
20190317111,1117,9,3,6
20190317112,1127,0,5,5
20190317113,1137,1,3,2
20190317114,1147,8,5,3
20190317115,1157,4,0,4
20190317116,1167,1,8,7
20190317117,1177,6,6,0
20190317118,1187,0,4,4
20190317119,1197,5,8,3
20190317120,1207,7,6,1
20190317121,1217,0,7,7
20190317122,1227,9,3,6
20190317123,1237,5,1,4
20190317124,1247,2,6,4
20190317125,1257,5,6,1
20190317126,1267,8,6,2
20190317127,1277,0,5,5
20190317128,1287,9,4,5
20190317129,1297,8,7,1
20190317130,1307,9,4,5
20190317131,1317,9,7,2
20190317132,1327,4,6,2
20190317133,1337,6,4,2
20190317134,1347,0,7,7
20190317135,1357,8,0,8
20190317136,1367,5,1,4
20190317137,1377,7,8,1
20190317138,1387,7,3,4
20190317139,1397,3,9,6
20190317140,1407,5,4,1
20190317141,1417,1,6,5
20190317142,1427,7,1,6
20190317143,1437,4,2,2
20190317144,1447,8,2,6
20190317145,1457,4,7,3
20190317146,1467,3,5,2
20190317147,1477,0,4,4
20190317148,1487,7,8,1
20190317149,1497,2,4,2
20190317150,1507,9,7,2
20190317151,1517,9,7,2
20190317152,1527,8,2,6
20190317153,1537,2,5,3
20190317154,1547,2,6,4
20190317155,1557,7,4,3
20190317156,1567,2,9,7
20190317157,1577,8,1,7
20190317158,1587,8,1,7
20190317159,1597,7,0,7
20190317160,1607,9,8,1
20190317161,1617,0,5,5
20190317162,1627,0,2,2
20190317163,1637,6,9,3
20190317164,1647,7,8,1
20190317165,1657,7,5,2
20190317166,1667,0,1,1
20190317167,1677,1,8,7
20190317168,1687,0,3,3
20190317169,1697,4,6,2
20190317170,1707,6,6,0
20190317171,1717,9,1,8
20190317172,1727,2,7,5
20190317173,1737,0,9,9
20190317174,1747,9,2,7
20190317175,1757,5,3,2
20190317176,1767,4,5,1
20190317177,1777,6,4,2
20190317178,1787,4,6,2
20190317179,1797,8,2,6
20190317180,1807,7,8,1
20190317181,1817,7,8,1
20190317182,1827,7,0,7
20190317183,1837,9,2,7
20190317184,1847,7,1,6
20190317185,1857,6,0,6
20190317186,1867,7,9,2
20190317187,1877,7,4,3
20190317188,1887,4,5,1
20190317189,1897,4,8,4
20190317190,1907,3,8,5
20190317191,1917,1,8,7
20190317192,1927,7,7,0
20190317193,1937,2,0,2
20190317194,1947,4,0,4
20190317195,1957,0,1,1
20190317196,1967,1,2,1
20190317197,1977,4,3,1
20190317198,1987,0,8,8
20190317199,1997,4,6,2
20190317200,2007,8,3,5
20190317201,2017,7,4,3
20190317202,2027,7,8,1
20190317203,2037,9,1,8
20190317204,2047,0,3,3
20190317205,2057,9,6,3
20190317206,2067,1,9,8
20190317207,2077,5,4,1
20190317208,2087,5,1,4
20190317209,2097,7,6,1
20190317210,2107,0,8,8
20190317211,2117,4,1,3
20190317212,2127,0,4,4
20190317213,2137,6,9,3
20190317214,2147,7,1,6
20190317215,2157,8,4,4
20190317216,2167,9,4,5
20190317217,2177,3,6,3
20190317218,2187,6,3,3
20190317219,2197,9,4,5
20190317220,2207,8,9,1
20190317221,2217,6,6,0
20190317222,2227,1,7,6
20190317223,2237,6,3,3
20190317224,2247,0,2,2
20190317225,2257,5,3,2
20190317226,2267,4,5,1
20190317227,2277,8,7,1
20190317228,2287,1,0,1
20190317229,2297,2,0,2
20190317230,2307,5,7,2
20190317231,2317,3,3,0
20190317232,2327,5,4,1
20190317233,2337,2,5,3
20190317234,2347,9,0,9
20190317235,2357,9,3,6
20190317236,2367,2,3,1
20190317237,2377,4,4,0
20190317238,2387,1,0,1
20190317239,2397,4,5,1
20190317240,2407,6,7,1
20190317241,2417,6,9,3
20190317242,2427,1,5,4
20190317243,2437,6,5,1
20190317244,2447,5,3,2
20190317245,2457,7,4,3
20190317246,2467,3,0,3
20190317247,2477,1,7,6
20190317248,2487,6,7,1
20190317249,2497,1,8,7
20190317250,2507,4,3,1
20190317251,2517,5,2,3
20190317252,2527,1,5,4
20190317253,2537,3,9,6
20190317254,2547,5,5,0
20190317255,2557,8,6,2
20190317256,2567,3,6,3
20190317257,2577,1,1,0
20190317258,2587,5,1,4
20190317259,2597,4,9,5
20190317260,2607,1,0,1
20190317261,2617,5,3,2
20190317262,2627,0,1,1
20190317263,2637,3,1,2
20190317264,2647,0,0,0
20190317265,2657,2,2,0
20190317266,2667,2,1,1
20190317267,2677,9,2,7
20190317268,2687,8,4,4
20190317269,2697,9,6,3
20190317270,2707,0,2,2
20190317271,2717,5,2,3
20190317272,2727,8,5,3
20190317273,2737,2,1,1
20190317274,2747,8,3,5
20190317275,2757,6,5,1
20190317276,2767,5,6,1
20190317277,2777,5,5,0
20190317278,2787,9,3,6
20190317279,2797,5,2,3
20190317280,2807,3,7,4
20190317281,2817,0,9,9
20190317282,2827,2,7,5
20190317283,2837,0,8,8
20190317284,2847,4,5,1
20190317285,2857,1,9,8
20190317286,2867,0,5,5
20190317287,2877,6,6,0
20190317288,2887,1,3,2
20190318001,11,5,7,2
20190318002,21,8,5,3
20190318003,31,3,4,1
20190318004,41,9,1,8
20190318005,51,7,3,4
20190318006,61,7,9,2
20190318007,71,5,8,3
20190318008,81,0,9,9
20190318009,91,5,3,2
20190318010,101,8,9,1
20190318011,111,7,0,7
20190318012,121,0,1,1
20190318013,131,7,4,3
20190318014,141,8,8,0
20190318015,151,8,5,3
20190318016,161,7,9,2
20190318017,171,2,8,6
20190318018,181,2,9,7
20190318019,191,6,2,4
20190318020,201,0,5,5
20190318021,211,6,9,3
20190318022,221,4,2,2
20190318023,231,1,1,0
20190318024,241,5,6,1
20190318025,251,4,7,3
20190318026,261,6,5,1
20190318027,271,0,5,5
20190318028,281,1,0,1
20190318029,291,3,3,0
20190318030,301,2,3,1
20190318031,311,0,9,9
20190318032,321,9,2,7
20190318033,331,4,6,2
20190318034,341,9,6,3
20190318035,351,9,3,6
20190318036,361,3,2,1
20190318037,371,5,1,4
20190318038,381,4,7,3
20190318039,391,6,7,1
20190318040,401,2,2,0
20190318041,411,8,5,3
20190318042,421,4,6,2
20190318043,431,9,3,6
20190318044,441,5,9,4
20190318045,451,6,5,1
20190318046,461,9,0,9
20190318047,471,4,4,0
20190318048,481,4,7,3
20190318049,491,9,2,7
20190318050,501,6,9,3
20190318051,511,0,6,6
20190318052,521,9,4,5
20190318053,531,5,9,4
20190318054,541,5,4,1
20190318055,551,9,7,2
20190318056,561,5,9,4
20190318057,571,4,8,4
20190318058,581,8,6,2
20190318059,591,5,0,5
20190318060,601,1,6,5
20190318061,611,8,4,4
20190318062,621,3,1,2
20190318063,631,1,0,1
20190318064,641,8,7,1
20190318065,651,2,0,2
20190318066,661,6,1,5
20190318067,671,9,5,4
20190318068,681,8,4,4
20190318069,691,5,1,4
20190318070,701,0,9,9
20190318071,711,0,3,3
20190318072,721,6,3,3
20190318073,731,5,3,2
20190318074,741,1,8,7
20190318075,751,4,1,3
20190318076,761,0,5,5
20190318077,771,2,3,1
20190318078,781,7,2,5
20190318079,791,0,6,6
20190318080,801,3,3,0
20190318081,811,2,1,1
20190318082,821,9,2,7
20190318083,831,0,0,0
20190318084,841,4,5,1
20190318085,851,4,1,3
20190318086,861,4,5,1
20190318087,871,5,1,4
20190318088,881,4,0,4
20190318089,891,3,2,1
20190318090,901,7,3,4
20190318091,911,4,7,3
20190318092,921,0,8,8
20190318093,931,7,4,3
20190318094,941,3,3,0
20190318095,951,2,5,3
20190318096,961,6,7,1
20190318097,971,3,1,2
20190318098,981,2,8,6
20190318099,991,2,9,7
20190318100,1001,1,6,5
20190318101,1011,1,4,3
20190318102,1021,2,1,1
20190318103,1031,6,9,3
20190318104,1041,9,0,9
20190318105,1051,8,0,8
20190318106,1061,3,5,2
20190318107,1071,8,3,5
20190318108,1081,5,1,4
20190318109,1091,5,4,1
20190318110,1101,9,8,1
20190318111,1111,7,2,5
20190318112,1121,3,0,3
20190318113,1131,9,0,9
20190318114,1141,3,3,0
20190318115,1151,6,4,2
20190318116,1161,1,1,0
20190318117,1171,9,9,0
20190318118,1181,5,9,4
20190318119,1191,2,1,1
20190318120,1201,0,6,6
20190318121,1211,5,7,2
20190318122,1221,2,8,6
20190318123,1231,2,4,2
20190318124,1241,6,0,6
20190318125,1251,5,3,2
20190318126,1261,3,2,1
20190318127,1271,8,1,7
20190318128,1281,2,5,3
20190318129,1291,9,1,8
20190318130,1301,1,1,0
20190318131,1311,8,4,4
20190318132,1321,0,3,3
20190318133,1331,1,5,4
20190318134,1341,6,9,3
20190318135,1351,2,9,7
20190318136,1361,5,2,3
20190318137,1371,9,9,0
20190318138,1381,5,2,3
20190318139,1391,5,9,4
20190318140,1401,6,2,4
20190318141,1411,1,7,6
20190318142,1421,9,0,9
20190318143,1431,6,0,6
20190318144,1441,7,8,1
20190318145,1451,9,4,5
20190318146,1461,3,4,1
20190318147,1471,8,4,4
20190318148,1481,0,0,0
20190318149,1491,5,3,2
20190318150,1501,6,5,1
20190318151,1511,4,3,1
20190318152,1521,0,7,7
20190318153,1531,1,6,5
20190318154,1541,5,3,2
20190318155,1551,0,9,9
20190318156,1561,8,2,6
20190318157,1571,1,1,0
20190318158,1581,8,4,4
20190318159,1591,0,9,9
20190318160,1601,7,1,6
20190318161,1611,1,8,7
20190318162,1621,7,0,7
20190318163,1631,6,4,2
20190318164,1641,3,2,1
20190318165,1651,2,3,1
20190318166,1661,3,3,0
20190318167,1671,4,2,2
20190318168,1681,3,4,1
20190318169,1691,7,1,6
20190318170,1701,6,6,0
20190318171,1711,4,5,1
20190318172,1721,6,0,6
20190318173,1731,8,1,7
20190318174,1741,1,5,4
20190318175,1751,9,6,3
20190318176,1761,8,6,2
20190318177,1771,7,1,6
20190318178,1781,9,8,1
20190318179,1791,5,8,3
20190318180,1801,8,7,1
20190318181,1811,8,6,2
20190318182,1821,7,0,7
20190318183,1831,2,5,3
20190318184,1841,6,0,6
20190318185,1851,9,8,1
20190318186,1861,8,4,4
20190318187,1871,1,0,1
20190318188,1881,3,5,2
20190318189,1891,7,3,4
20190318190,1901,5,8,3
20190318191,1911,2,7,5
20190318192,1921,3,6,3
20190318193,1931,2,4,2
20190318194,1941,7,1,6
20190318195,1951,4,2,2
20190318196,1961,0,6,6
20190318197,1971,5,3,2
20190318198,1981,3,0,3
20190318199,1991,3,5,2
20190318200,2001,2,3,1
20190318201,2011,2,3,1
20190318202,2021,6,0,6
20190318203,2031,2,7,5
20190318204,2041,4,3,1
20190318205,2051,8,1,7
20190318206,2061,3,8,5
20190318207,2071,2,6,4
20190318208,2081,4,9,5
20190318209,2091,8,4,4
20190318210,2101,5,9,4
20190318211,2111,2,5,3
20190318212,2121,4,5,1
20190318213,2131,6,7,1
20190318214,2141,6,6,0
20190318215,2151,5,9,4
20190318216,2161,3,4,1
20190318217,2171,6,8,2
20190318218,2181,6,0,6
20190318219,2191,8,1,7
20190318220,2201,2,6,4
20190318221,2211,5,0,5
20190318222,2221,5,7,2
20190318223,2231,4,6,2
20190318224,2241,4,3,1
20190318225,2251,6,7,1
20190318226,2261,7,4,3
20190318227,2271,7,1,6
20190318228,2281,3,0,3
20190318229,2291,3,5,2
20190318230,2301,9,5,4
20190318231,2311,1,6,5
20190318232,2321,2,7,5
20190318233,2331,2,5,3
20190318234,2341,3,6,3
20190318235,2351,6,4,2
20190318236,2361,7,9,2
20190318237,2371,0,9,9
20190318238,2381,4,1,3
20190318239,2391,0,4,4
20190318240,2401,6,5,1
20190318241,2411,7,2,5
20190318242,2421,1,7,6
20190318243,2431,0,3,3
20190318244,2441,1,3,2
20190318245,2451,5,0,5
20190318246,2461,7,5,2
20190318247,2471,1,2,1
20190318248,2481,7,4,3
20190318249,2491,0,6,6
20190318250,2501,4,6,2
20190318251,2511,4,3,1
20190318252,2521,8,2,6
20190318253,2531,1,4,3
20190318254,2541,6,4,2
20190318255,2551,5,1,4
20190318256,2561,5,5,0
20190318257,2571,6,6,0
20190318258,2581,7,8,1
20190318259,2591,8,3,5
20190318260,2601,3,7,4
20190318261,2611,7,0,7
20190318262,2621,8,7,1
20190318263,2631,2,7,5
20190318264,2641,6,2,4
20190318265,2651,3,3,0
20190318266,2661,7,7,0
20190318267,2671,2,3,1
20190318268,2681,6,9,3
20190318269,2691,7,5,2
20190318270,2701,5,6,1
20190318271,2711,5,0,5
20190318272,2721,9,9,0
20190318273,2731,1,6,5
20190318274,2741,1,3,2
20190318275,2751,0,4,4
20190318276,2761,8,7,1
20190318277,2771,7,5,2
20190318278,2781,1,8,7
20190318279,2791,1,6,5
20190318280,2801,3,9,6
20190318281,2811,8,8,0
20190318282,2821,5,0,5
20190318283,2831,1,5,4
20190318284,2841,9,4,5
20190318285,2851,0,7,7
20190318286,2861,8,0,8
20190318287,2871,1,4,3
20190318288,2881,6,7,1
20190319001,12,1,8,7
20190319002,22,3,4,1
20190319003,32,7,4,3
20190319004,42,6,6,0
20190319005,52,8,3,5
20190319006,62,8,6,2
20190319007,72,8,2,6
20190319008,82,0,4,4
20190319009,92,8,4,4
20190319010,102,0,9,9
20190319011,112,1,4,3
20190319012,122,9,2,7
20190319013,132,8,2,6
20190319014,142,1,7,6
20190319015,152,1,6,5
20190319016,162,9,0,9
20190319017,172,9,4,5
20190319018,182,2,6,4
20190319019,192,6,3,3
20190319020,202,5,7,2
20190319021,212,3,2,1
20190319022,222,8,8,0
20190319023,232,5,8,3
20190319024,242,2,9,7
20190319025,252,3,8,5
20190319026,262,0,0,0
20190319027,272,5,3,2
20190319028,282,9,8,1
20190319029,292,4,1,3
20190319030,302,3,2,1
20190319031,312,4,5,1
20190319032,322,5,4,1
20190319033,332,4,5,1
20190319034,342,3,0,3
20190319035,352,3,9,6
20190319036,362,4,0,4
20190319037,372,2,2,0
20190319038,382,3,3,0
20190319039,392,6,6,0
20190319040,402,8,4,4
20190319041,412,1,5,4
20190319042,422,1,3,2
20190319043,432,4,9,5
20190319044,442,2,2,0
20190319045,452,7,4,3
20190319046,462,7,0,7
20190319047,472,6,8,2
20190319048,482,5,7,2
20190319049,492,6,9,3
20190319050,502,6,1,5
20190319051,512,0,9,9
20190319052,522,6,7,1
20190319053,532,8,7,1
20190319054,542,1,7,6
20190319055,552,6,3,3
20190319056,562,0,7,7
20190319057,572,5,9,4
20190319058,582,8,3,5
20190319059,592,1,6,5
20190319060,602,2,0,2
20190319061,612,6,6,0
20190319062,622,1,0,1
20190319063,632,2,0,2
20190319064,642,5,6,1
20190319065,652,7,6,1
20190319066,662,1,3,2
20190319067,672,3,6,3
20190319068,682,7,5,2
20190319069,692,9,3,6
20190319070,702,3,8,5
20190319071,712,2,5,3
20190319072,722,1,3,2
20190319073,732,2,4,2
20190319074,742,3,5,2
20190319075,752,1,0,1
20190319076,762,6,8,2
20190319077,772,9,2,7
20190319078,782,8,2,6
20190319079,792,6,4,2
20190319080,802,4,8,4
20190319081,812,5,1,4
20190319082,822,0,0,0
20190319083,832,5,7,2
20190319084,842,4,5,1
20190319085,852,3,4,1
20190319086,862,7,3,4
20190319087,872,8,9,1
20190319088,882,3,6,3
20190319089,892,4,5,1
20190319090,902,2,7,5
20190319091,912,8,4,4
20190319092,922,3,2,1
20190319093,932,6,8,2
20190319094,942,2,7,5
20190319095,952,5,1,4
20190319096,962,8,1,7
20190319097,972,2,7,5
20190319098,982,7,9,2
20190319099,992,9,5,4
20190319100,1002,6,3,3
20190319101,1012,5,0,5
20190319102,1022,3,4,1
20190319103,1032,4,3,1
20190319104,1042,7,5,2
20190319105,1052,6,2,4
20190319106,1062,4,2,2
20190319107,1072,1,8,7
20190319108,1082,5,7,2
20190319109,1092,4,0,4
20190319110,1102,9,1,8
20190319111,1112,3,2,1
20190319112,1122,6,3,3
20190319113,1132,9,3,6
20190319114,1142,2,1,1
20190319115,1152,0,1,1
20190319116,1162,9,0,9
20190319117,1172,3,8,5
20190319118,1182,7,2,5
20190319119,1192,8,7,1
20190319120,1202,9,5,4
20190319121,1212,1,1,0
20190319122,1222,6,1,5
20190319123,1232,9,8,1
20190319124,1242,3,0,3
20190319125,1252,0,9,9
20190319126,1262,2,2,0
20190319127,1272,6,7,1
20190319128,1282,3,1,2
20190319129,1292,7,3,4
20190319130,1302,1,0,1
20190319131,1312,8,1,7
20190319132,1322,1,5,4
20190319133,1332,9,2,7
20190319134,1342,9,8,1
20190319135,1352,6,4,2
20190319136,1362,9,8,1
20190319137,1372,5,0,5
20190319138,1382,5,6,1
20190319139,1392,9,6,3
20190319140,1402,3,7,4
20190319141,1412,0,8,8
20190319142,1422,5,4,1
20190319143,1432,4,8,4
20190319144,1442,8,1,7
20190319145,1452,4,9,5
20190319146,1462,2,7,5
20190319147,1472,8,3,5
20190319148,1482,9,3,6
20190319149,1492,8,0,8
20190319150,1502,9,0,9
20190319151,1512,6,1,5
20190319152,1522,2,8,6
20190319153,1532,6,8,2
20190319154,1542,5,4,1
20190319155,1552,4,6,2
20190319156,1562,4,9,5
20190319157,1572,1,1,0
20190319158,1582,4,8,4
20190319159,1592,5,9,4
20190319160,1602,8,9,1
20190319161,1612,3,1,2
20190319162,1622,0,0,0
20190319163,1632,9,2,7
20190319164,1642,2,1,1
20190319165,1652,7,9,2
20190319166,1662,4,3,1
20190319167,1672,3,4,1
20190319168,1682,6,5,1
20190319169,1692,8,6,2
20190319170,1702,4,4,0
20190319171,1712,5,7,2
20190319172,1722,2,6,4
20190319173,1732,0,6,6
20190319174,1742,8,2,6
20190319175,1752,0,0,0
20190319176,1762,0,1,1
20190319177,1772,4,6,2
20190319178,1782,1,0,1
20190319179,1792,8,9,1
20190319180,1802,1,4,3
20190319181,1812,9,0,9
20190319182,1822,8,3,5
20190319183,1832,1,5,4
20190319184,1842,7,0,7
20190319185,1852,8,8,0
20190319186,1862,2,7,5
20190319187,1872,5,0,5
20190319188,1882,4,6,2
20190319189,1892,4,0,4
20190319190,1902,4,6,2
20190319191,1912,4,0,4
20190319192,1922,0,4,4
20190319193,1932,9,5,4
20190319194,1942,2,5,3
20190319195,1952,1,7,6
20190319196,1962,0,2,2
20190319197,1972,8,4,4
20190319198,1982,1,7,6
20190319199,1992,3,0,3
20190319200,2002,4,9,5
20190319201,2012,0,6,6
20190319202,2022,6,9,3
20190319203,2032,9,7,2
20190319204,2042,5,6,1
20190319205,2052,7,0,7
20190319206,2062,0,5,5
20190319207,2072,8,2,6
20190319208,2082,9,0,9
20190319209,2092,3,3,0
20190319210,2102,9,3,6
20190319211,2112,6,0,6
20190319212,2122,1,5,4
20190319213,2132,0,6,6
20190319214,2142,0,7,7
20190319215,2152,8,9,1
20190319216,2162,3,1,2
20190319217,2172,7,5,2
20190319218,2182,9,0,9
20190319219,2192,4,3,1
20190319220,2202,5,3,2
20190319221,2212,3,2,1
20190319222,2222,6,3,3
20190319223,2232,1,2,1
20190319224,2242,8,4,4
20190319225,2252,0,6,6
20190319226,2262,7,8,1
20190319227,2272,9,9,0
20190319228,2282,5,8,3
20190319229,2292,0,3,3
20190319230,2302,8,6,2
20190319231,2312,3,4,1
20190319232,2322,1,5,4
20190319233,2332,7,0,7
20190319234,2342,4,4,0
20190319235,2352,0,9,9
20190319236,2362,0,0,0
20190319237,2372,5,6,1
20190319238,2382,7,6,1
20190319239,2392,9,8,1
20190319240,2402,8,3,5
20190319241,2412,2,0,2
20190319242,2422,5,2,3
20190319243,2432,4,0,4
20190319244,2442,2,7,5
20190319245,2452,7,3,4
20190319246,2462,1,4,3
20190319247,2472,3,5,2
20190319248,2482,8,3,5
20190319249,2492,7,1,6
20190319250,2502,7,3,4
20190319251,2512,8,4,4
20190319252,2522,7,5,2
20190319253,2532,0,8,8
20190319254,2542,1,9,8
20190319255,2552,8,7,1
20190319256,2562,0,2,2
20190319257,2572,0,6,6
20190319258,2582,2,1,1
20190319259,2592,2,1,1
20190319260,2602,1,3,2
20190319261,2612,2,2,0
20190319262,2622,5,6,1
20190319263,2632,9,6,3
20190319264,2642,2,1,1
20190319265,2652,2,5,3
20190319266,2662,5,7,2
20190319267,2672,6,7,1
20190319268,2682,8,1,7
20190319269,2692,9,3,6
20190319270,2702,9,9,0
20190319271,2712,9,7,2
20190319272,2722,1,6,5
20190319273,2732,8,8,0
20190319274,2742,7,5,2
20190319275,2752,3,8,5
20190319276,2762,0,6,6
20190319277,2772,0,5,5
20190319278,2782,4,1,3
20190319279,2792,3,0,3
20190319280,2802,0,1,1
20190319281,2812,6,0,6
20190319282,2822,3,7,4
20190319283,2832,1,0,1
20190319284,2842,6,8,2
20190319285,2852,9,1,8
20190319286,2862,9,2,7
20190319287,2872,4,8,4
20190319288,2882,5,8,3
20190320001,13,2,9,7
20190320002,23,7,9,2
20190320003,33,2,2,0
20190320004,43,3,7,4
20190320005,53,6,9,3
20190320006,63,6,3,3
20190320007,73,4,5,1
20190320008,83,2,8,6
20190320009,93,0,5,5
20190320010,103,3,4,1
20190320011,113,5,2,3
20190320012,123,9,4,5
20190320013,133,3,7,4
20190320014,143,5,2,3
20190320015,153,3,6,3
20190320016,163,8,9,1
20190320017,173,6,5,1
20190320018,183,5,3,2
20190320019,193,2,4,2
20190320020,203,3,2,1
20190320021,213,7,0,7
20190320022,223,3,8,5
20190320023,233,5,7,2
20190320024,243,8,7,1
20190320025,253,5,5,0
20190320026,263,6,6,0
20190320027,273,9,9,0
20190320028,283,9,3,6
20190320029,293,3,9,6
20190320030,303,1,0,1
20190320031,313,0,8,8
20190320032,323,0,5,5
20190320033,333,0,5,5
20190320034,343,4,3,1
20190320035,353,7,3,4
20190320036,363,3,9,6
20190320037,373,4,2,2
20190320038,383,3,8,5
20190320039,393,6,9,3
20190320040,403,7,5,2
20190320041,413,3,8,5
20190320042,423,9,5,4
20190320043,433,8,9,1
20190320044,443,7,7,0
20190320045,453,2,9,7
20190320046,463,7,0,7
20190320047,473,8,7,1
20190320048,483,5,3,2
20190320049,493,4,3,1
20190320050,503,9,9,0
20190320051,513,0,7,7
20190320052,523,9,4,5
20190320053,533,3,8,5
20190320054,543,7,1,6
20190320055,553,8,5,3
20190320056,563,7,6,1
20190320057,573,6,7,1
20190320058,583,0,7,7
20190320059,593,2,3,1
20190320060,603,0,5,5
20190320061,613,8,3,5
20190320062,623,4,0,4
20190320063,633,2,1,1
20190320064,643,2,8,6
20190320065,653,2,7,5
20190320066,663,8,0,8
20190320067,673,3,8,5
20190320068,683,9,1,8
20190320069,693,4,7,3
20190320070,703,4,4,0
20190320071,713,9,9,0
20190320072,723,4,6,2
20190320073,733,6,2,4
20190320074,743,8,2,6
20190320075,753,6,6,0
20190320076,763,1,1,0
20190320077,773,9,8,1
20190320078,783,8,8,0
20190320079,793,2,0,2
20190320080,803,3,3,0
20190320081,813,6,3,3
20190320082,823,5,8,3
20190320083,833,3,9,6
20190320084,843,1,6,5
20190320085,853,8,4,4
20190320086,863,7,1,6
20190320087,873,6,6,0
20190320088,883,4,7,3
20190320089,893,5,0,5
20190320090,903,7,1,6
20190320091,913,9,4,5
20190320092,923,6,1,5
20190320093,933,2,8,6
20190320094,943,8,0,8
20190320095,953,8,1,7
20190320096,963,3,9,6
20190320097,973,1,2,1
20190320098,983,2,5,3
20190320099,993,5,4,1
20190320100,1003,6,8,2
20190320101,1013,2,4,2
20190320102,1023,0,0,0
20190320103,1033,3,7,4
20190320104,1043,3,8,5
20190320105,1053,9,1,8
20190320106,1063,4,6,2
20190320107,1073,6,8,2
20190320108,1083,0,2,2
20190320109,1093,1,2,1
20190320110,1103,4,6,2
20190320111,1113,7,4,3
20190320112,1123,7,6,1
20190320113,1133,3,0,3
20190320114,1143,7,6,1
20190320115,1153,6,8,2
20190320116,1163,1,3,2
20190320117,1173,6,3,3
20190320118,1183,2,1,1
20190320119,1193,6,5,1
20190320120,1203,8,0,8
20190320121,1213,1,8,7
20190320122,1223,1,4,3
20190320123,1233,2,0,2
20190320124,1243,5,5,0
20190320125,1253,4,4,0
20190320126,1263,8,1,7
20190320127,1273,8,3,5
20190320128,1283,1,9,8
20190320129,1293,7,3,4
20190320130,1303,2,2,0
20190320131,1313,9,2,7
20190320132,1323,1,2,1
20190320133,1333,5,8,3
20190320134,1343,2,9,7
20190320135,1353,2,0,2
20190320136,1363,9,6,3
20190320137,1373,1,9,8
20190320138,1383,3,8,5
20190320139,1393,7,3,4
20190320140,1403,7,6,1
20190320141,1413,3,8,5
20190320142,1423,1,0,1
20190320143,1433,7,5,2
20190320144,1443,5,4,1
20190320145,1453,4,0,4
20190320146,1463,5,9,4
20190320147,1473,2,6,4
20190320148,1483,3,0,3
20190320149,1493,7,0,7
20190320150,1503,8,4,4
20190320151,1513,0,5,5
20190320152,1523,1,6,5
20190320153,1533,6,5,1
20190320154,1543,1,6,5
20190320155,1553,4,8,4
20190320156,1563,9,4,5
20190320157,1573,7,1,6
20190320158,1583,3,5,2
20190320159,1593,9,5,4
20190320160,1603,1,9,8
20190320161,1613,7,7,0
20190320162,1623,0,2,2
20190320163,1633,1,4,3
20190320164,1643,5,2,3
20190320165,1653,8,5,3
20190320166,1663,7,9,2
20190320167,1673,3,4,1
20190320168,1683,6,0,6
20190320169,1693,8,3,5
20190320170,1703,7,3,4
20190320171,1713,2,7,5
20190320172,1723,7,0,7
20190320173,1733,0,2,2
20190320174,1743,3,4,1
20190320175,1753,5,3,2
20190320176,1763,1,4,3
20190320177,1773,1,2,1
20190320178,1783,5,3,2
20190320179,1793,7,9,2
20190320180,1803,9,7,2
20190320181,1813,6,2,4
20190320182,1823,6,0,6
20190320183,1833,4,6,2
20190320184,1843,2,1,1
20190320185,1853,7,1,6
20190320186,1863,0,1,1
20190320187,1873,3,3,0
20190320188,1883,7,3,4
20190320189,1893,3,8,5
20190320190,1903,8,0,8
20190320191,1913,9,0,9
20190320192,1923,5,7,2
20190320193,1933,6,1,5
20190320194,1943,4,8,4
20190320195,1953,0,1,1
20190320196,1963,6,4,2
20190320197,1973,9,1,8
20190320198,1983,4,3,1
20190320199,1993,9,6,3
20190320200,2003,9,3,6
20190320201,2013,8,6,2
20190320202,2023,0,7,7
20190320203,2033,8,2,6
20190320204,2043,5,5,0
20190320205,2053,1,9,8
20190320206,2063,0,0,0
20190320207,2073,2,9,7
20190320208,2083,1,8,7
20190320209,2093,6,3,3
20190320210,2103,2,9,7
20190320211,2113,0,6,6
20190320212,2123,6,8,2
20190320213,2133,5,1,4
20190320214,2143,6,0,6
20190320215,2153,6,5,1
20190320216,2163,3,3,0
20190320217,2173,1,7,6
20190320218,2183,4,8,4
20190320219,2193,8,9,1
20190320220,2203,3,1,2
20190320221,2213,6,0,6
20190320222,2223,5,4,1
20190320223,2233,2,5,3
20190320224,2243,3,6,3
20190320225,2253,1,9,8
20190320226,2263,5,8,3
20190320227,2273,5,6,1
20190320228,2283,6,6,0
20190320229,2293,0,6,6
20190320230,2303,0,5,5
20190320231,2313,9,5,4
20190320232,2323,0,2,2
20190320233,2333,7,9,2
20190320234,2343,6,0,6
20190320235,2353,4,9,5
20190320236,2363,5,1,4
20190320237,2373,3,4,1
20190320238,2383,2,7,5
20190320239,2393,1,7,6
20190320240,2403,9,2,7
20190320241,2413,0,9,9
20190320242,2423,2,5,3
20190320243,2433,3,4,1
20190320244,2443,8,4,4
20190320245,2453,3,6,3
20190320246,2463,3,9,6
20190320247,2473,6,1,5
20190320248,2483,8,4,4
20190320249,2493,9,4,5
20190320250,2503,4,0,4
20190320251,2513,8,3,5
20190320252,2523,7,1,6
20190320253,2533,6,4,2
20190320254,2543,4,1,3
20190320255,2553,8,8,0
20190320256,2563,5,0,5
20190320257,2573,6,2,4
20190320258,2583,4,2,2
20190320259,2593,9,6,3
20190320260,2603,4,2,2
20190320261,2613,5,8,3
20190320262,2623,9,3,6
20190320263,2633,5,1,4
20190320264,2643,2,5,3
20190320265,2653,9,0,9
20190320266,2663,1,3,2
20190320267,2673,9,2,7
20190320268,2683,8,9,1
20190320269,2693,8,4,4
20190320270,2703,3,0,3
20190320271,2713,8,6,2
20190320272,2723,9,9,0
20190320273,2733,4,2,2
20190320274,2743,2,5,3
20190320275,2753,3,2,1
20190320276,2763,8,0,8
20190320277,2773,5,7,2
20190320278,2783,5,4,1
20190320279,2793,4,6,2
20190320280,2803,0,2,2
20190320281,2813,1,1,0
20190320282,2823,4,5,1
20190320283,2833,8,4,4
20190320284,2843,5,9,4
20190320285,2853,2,1,1
20190320286,2863,2,1,1
20190320287,2873,8,1,7
20190320288,2883,8,4,4
20190321001,14,7,3,4
20190321002,24,7,1,6
20190321003,34,8,7,1
20190321004,44,7,7,0
20190321005,54,2,2,0
20190321006,64,6,0,6
20190321007,74,8,8,0
20190321008,84,8,9,1
20190321009,94,8,2,6
20190321010,104,3,3,0
20190321011,114,3,7,4
20190321012,124,6,9,3
20190321013,134,8,2,6
20190321014,144,4,6,2
20190321015,154,8,9,1
20190321016,164,1,7,6
20190321017,174,2,1,1
20190321018,184,6,9,3
20190321019,194,1,9,8
20190321020,204,8,2,6
20190321021,214,5,3,2
20190321022,224,9,7,2
20190321023,234,2,8,6
20190321024,244,1,6,5
20190321025,254,1,2,1
20190321026,264,3,1,2
20190321027,274,7,8,1
20190321028,284,5,2,3
20190321029,294,7,1,6
20190321030,304,3,4,1
20190321031,314,0,0,0
20190321032,324,3,7,4
20190321033,334,4,0,4
20190321034,344,0,9,9
20190321035,354,3,5,2
20190321036,364,7,2,5
20190321037,374,1,5,4
20190321038,384,5,9,4
20190321039,394,1,5,4
20190321040,404,4,7,3
20190321041,414,7,0,7
20190321042,424,2,5,3
20190321043,434,9,2,7
20190321044,444,7,9,2
20190321045,454,6,7,1
20190321046,464,2,1,1
20190321047,474,5,4,1
20190321048,484,1,8,7
20190321049,494,7,8,1
20190321050,504,7,5,2
20190321051,514,8,9,1
20190321052,524,9,1,8
20190321053,534,8,1,7
20190321054,544,2,2,0
20190321055,554,4,7,3
20190321056,564,7,4,3
20190321057,574,4,9,5
20190321058,584,9,5,4
20190321059,594,1,2,1
20190321060,604,2,5,3
20190321061,614,5,4,1
20190321062,624,9,1,8
20190321063,634,4,6,2
20190321064,644,2,3,1
20190321065,654,9,0,9
20190321066,664,5,8,3
20190321067,674,1,2,1
20190321068,684,3,6,3
20190321069,694,7,6,1
20190321070,704,8,1,7
20190321071,714,3,9,6
20190321072,724,4,5,1
20190321073,734,5,6,1
20190321074,744,7,1,6
20190321075,754,4,9,5
20190321076,764,4,9,5
20190321077,774,2,9,7
20190321078,784,8,9,1
20190321079,794,0,7,7
20190321080,804,5,6,1
20190321081,814,7,9,2
20190321082,824,8,3,5
20190321083,834,1,1,0
20190321084,844,7,9,2
20190321085,854,2,8,6
20190321086,864,1,0,1
20190321087,874,5,8,3
20190321088,884,6,3,3
20190321089,894,6,6,0
20190321090,904,4,7,3
20190321091,914,7,7,0
20190321092,924,3,6,3
20190321093,934,8,1,7
20190321094,944,0,2,2
20190321095,954,1,1,0
20190321096,964,0,8,8
20190321097,974,9,2,7
20190321098,984,9,2,7
20190321099,994,2,6,4
20190321100,1004,0,0,0
20190321101,1014,2,8,6
20190321102,1024,2,2,0
20190321103,1034,1,1,0
20190321104,1044,6,2,4
20190321105,1054,1,8,7
20190321106,1064,0,9,9
20190321107,1074,7,5,2
20190321108,1084,4,2,2
20190321109,1094,6,5,1
20190321110,1104,3,7,4
20190321111,1114,7,4,3
20190321112,1124,4,8,4
20190321113,1134,1,2,1
20190321114,1144,8,9,1
20190321115,1154,0,9,9
20190321116,1164,1,5,4
20190321117,1174,0,2,2
20190321118,1184,3,7,4
20190321119,1194,7,8,1
20190321120,1204,1,1,0
20190321121,1214,4,6,2
20190321122,1224,9,4,5
20190321123,1234,7,9,2
20190321124,1244,1,6,5
20190321125,1254,6,2,4
20190321126,1264,1,1,0
20190321127,1274,1,5,4
20190321128,1284,4,3,1
20190321129,1294,6,5,1
20190321130,1304,1,1,0
20190321131,1314,3,2,1
20190321132,1324,2,6,4
20190321133,1334,4,0,4
20190321134,1344,5,1,4
20190321135,1354,4,3,1
20190321136,1364,2,0,2
20190321137,1374,8,9,1
20190321138,1384,8,6,2
20190321139,1394,2,9,7
20190321140,1404,4,1,3
20190321141,1414,9,6,3
20190321142,1424,9,4,5
20190321143,1434,9,5,4
20190321144,1444,2,1,1
20190321145,1454,3,6,3
20190321146,1464,0,6,6
20190321147,1474,9,1,8
20190321148,1484,2,3,1
20190321149,1494,9,8,1
20190321150,1504,1,2,1
20190321151,1514,2,7,5
20190321152,1524,6,4,2
20190321153,1534,2,9,7
20190321154,1544,2,1,1
20190321155,1554,3,7,4
20190321156,1564,7,3,4
20190321157,1574,5,4,1
20190321158,1584,7,1,6
20190321159,1594,0,9,9
20190321160,1604,9,1,8
20190321161,1614,2,1,1
20190321162,1624,7,2,5
20190321163,1634,3,3,0
20190321164,1644,0,3,3
20190321165,1654,0,5,5
20190321166,1664,1,8,7
20190321167,1674,7,9,2
20190321168,1684,1,8,7
20190321169,1694,2,0,2
20190321170,1704,2,1,1
20190321171,1714,1,9,8
20190321172,1724,6,5,1
20190321173,1734,6,8,2
20190321174,1744,9,6,3
20190321175,1754,5,2,3
20190321176,1764,0,8,8
20190321177,1774,3,0,3
20190321178,1784,7,7,0
20190321179,1794,9,8,1
20190321180,1804,9,1,8
20190321181,1814,4,3,1
20190321182,1824,1,8,7
20190321183,1834,5,2,3
20190321184,1844,4,5,1
20190321185,1854,2,7,5
20190321186,1864,7,1,6
20190321187,1874,9,7,2
20190321188,1884,5,0,5
20190321189,1894,9,7,2
20190321190,1904,0,5,5
20190321191,1914,8,1,7
20190321192,1924,9,8,1
20190321193,1934,5,0,5
20190321194,1944,6,9,3
20190321195,1954,6,7,1
20190321196,1964,2,3,1
20190321197,1974,0,4,4
20190321198,1984,7,1,6
20190321199,1994,8,4,4
20190321200,2004,9,6,3
20190321201,2014,7,1,6
20190321202,2024,0,8,8
20190321203,2034,9,8,1
20190321204,2044,4,0,4
20190321205,2054,8,1,7
20190321206,2064,6,6,0
20190321207,2074,6,1,5
20190321208,2084,3,9,6
20190321209,2094,8,9,1
20190321210,2104,1,0,1
20190321211,2114,3,6,3
20190321212,2124,0,9,9
20190321213,2134,6,4,2
20190321214,2144,2,6,4
20190321215,2154,8,1,7
20190321216,2164,9,8,1
20190321217,2174,9,7,2
20190321218,2184,1,6,5
20190321219,2194,7,1,6
20190321220,2204,4,0,4
20190321221,2214,1,0,1
20190321222,2224,7,7,0
20190321223,2234,8,4,4
20190321224,2244,4,5,1
20190321225,2254,6,0,6
20190321226,2264,0,5,5
20190321227,2274,6,5,1
20190321228,2284,5,3,2
20190321229,2294,4,5,1
20190321230,2304,7,7,0
20190321231,2314,3,0,3
20190321232,2324,4,5,1
20190321233,2334,8,9,1
20190321234,2344,5,6,1
20190321235,2354,5,9,4
20190321236,2364,3,6,3
20190321237,2374,6,6,0
20190321238,2384,4,9,5
20190321239,2394,3,0,3
20190321240,2404,3,3,0
20190321241,2414,1,9,8
20190321242,2424,4,3,1
20190321243,2434,0,9,9
20190321244,2444,2,2,0
20190321245,2454,9,3,6
20190321246,2464,7,3,4
20190321247,2474,8,8,0
20190321248,2484,3,4,1
20190321249,2494,0,6,6
20190321250,2504,5,5,0
20190321251,2514,7,4,3
20190321252,2524,7,6,1
20190321253,2534,8,4,4
20190321254,2544,9,6,3
20190321255,2554,2,8,6
20190321256,2564,1,9,8
20190321257,2574,7,1,6
20190321258,2584,7,3,4
20190321259,2594,9,2,7
20190321260,2604,4,4,0
20190321261,2614,9,2,7
20190321262,2624,6,1,5
20190321263,2634,0,8,8
20190321264,2644,3,7,4
20190321265,2654,0,8,8
20190321266,2664,2,1,1
20190321267,2674,0,4,4
20190321268,2684,8,2,6
20190321269,2694,2,8,6
20190321270,2704,5,8,3
20190321271,2714,6,5,1
20190321272,2724,7,6,1
20190321273,2734,7,4,3
20190321274,2744,8,9,1
20190321275,2754,7,1,6
20190321276,2764,1,7,6
20190321277,2774,9,5,4
20190321278,2784,5,3,2
20190321279,2794,8,3,5
20190321280,2804,7,8,1
20190321281,2814,2,7,5
20190321282,2824,3,1,2
20190321283,2834,8,3,5
20190321284,2844,6,0,6
20190321285,2854,9,8,1
20190321286,2864,9,7,2
20190321287,2874,9,3,6
20190321288,2884,7,1,6
20190322001,15,1,0,1
20190322002,25,2,8,6
20190322003,35,3,2,1
20190322004,45,1,8,7
20190322005,55,2,3,1
20190322006,65,5,6,1
20190322007,75,1,6,5
20190322008,85,7,6,1
20190322009,95,8,4,4
20190322010,105,6,3,3
20190322011,115,4,2,2
20190322012,125,3,0,3
20190322013,135,4,9,5
20190322014,145,0,9,9
20190322015,155,0,7,7
20190322016,165,7,0,7
20190322017,175,3,9,6
20190322018,185,5,7,2
20190322019,195,8,2,6
20190322020,205,7,1,6
20190322021,215,8,4,4
20190322022,225,9,2,7
20190322023,235,6,0,6
20190322024,245,7,2,5
20190322025,255,0,9,9
20190322026,265,3,0,3
20190322027,275,7,7,0
20190322028,285,0,0,0
20190322029,295,3,6,3
20190322030,305,6,7,1
20190322031,315,6,6,0
20190322032,325,9,4,5
20190322033,335,7,3,4
20190322034,345,9,7,2
20190322035,355,2,3,1
20190322036,365,0,3,3
20190322037,375,6,5,1
20190322038,385,4,0,4
20190322039,395,9,3,6
20190322040,405,7,7,0
20190322041,415,6,1,5
20190322042,425,1,4,3
20190322043,435,5,2,3
20190322044,445,8,2,6
20190322045,455,5,1,4
20190322046,465,4,4,0
20190322047,475,2,1,1
20190322048,485,1,9,8
20190322049,495,1,6,5
20190322050,505,3,5,2
20190322051,515,2,6,4
20190322052,525,6,5,1
20190322053,535,4,1,3
20190322054,545,7,8,1
20190322055,555,1,8,7
20190322056,565,1,0,1
20190322057,575,2,8,6
20190322058,585,9,3,6
20190322059,595,3,9,6
20190322060,605,5,9,4
20190322061,615,8,4,4
20190322062,625,5,9,4
20190322063,635,6,5,1
20190322064,645,3,9,6
20190322065,655,9,6,3
20190322066,665,7,5,2
20190322067,675,0,1,1
20190322068,685,3,6,3
20190322069,695,9,2,7
20190322070,705,4,0,4
20190322071,715,2,2,0
20190322072,725,3,8,5
20190322073,735,6,6,0
20190322074,745,3,1,2
20190322075,755,7,2,5
20190322076,765,7,9,2
20190322077,775,3,3,0
20190322078,785,7,1,6
20190322079,795,7,0,7
20190322080,805,3,9,6
20190322081,815,7,7,0
20190322082,825,3,7,4
20190322083,835,5,5,0
20190322084,845,8,1,7
20190322085,855,2,6,4
20190322086,865,0,2,2
20190322087,875,8,5,3
20190322088,885,7,0,7
20190322089,895,2,6,4
20190322090,905,8,9,1
20190322091,915,4,3,1
20190322092,925,2,4,2
20190322093,935,1,3,2
20190322094,945,2,9,7
20190322095,955,9,3,6
20190322096,965,8,7,1
20190322097,975,4,4,0
20190322098,985,6,5,1
20190322099,995,5,0,5
20190322100,1005,5,8,3
20190322101,1015,0,3,3
20190322102,1025,9,1,8
20190322103,1035,5,4,1
20190322104,1045,6,4,2
20190322105,1055,0,4,4
20190322106,1065,4,4,0
20190322107,1075,8,5,3
20190322108,1085,9,0,9
20190322109,1095,3,1,2
20190322110,1105,0,4,4
20190322111,1115,6,6,0
20190322112,1125,4,2,2
20190322113,1135,0,6,6
20190322114,1145,8,7,1
20190322115,1155,3,0,3
20190322116,1165,1,6,5
20190322117,1175,3,1,2
20190322118,1185,9,6,3
20190322119,1195,2,9,7
20190322120,1205,1,7,6
20190322121,1215,2,2,0
20190322122,1225,1,2,1
20190322123,1235,4,8,4
20190322124,1245,7,6,1
20190322125,1255,1,1,0
20190322126,1265,3,7,4
20190322127,1275,3,9,6
20190322128,1285,6,4,2
20190322129,1295,4,8,4
20190322130,1305,1,6,5
20190322131,1315,1,6,5
20190322132,1325,5,6,1
20190322133,1335,3,9,6
20190322134,1345,7,1,6
20190322135,1355,6,5,1
20190322136,1365,2,1,1
20190322137,1375,4,7,3
20190322138,1385,4,5,1
20190322139,1395,0,4,4
20190322140,1405,2,6,4
20190322141,1415,2,4,2
20190322142,1425,2,4,2
20190322143,1435,3,1,2
20190322144,1445,9,9,0
20190322145,1455,0,4,4
20190322146,1465,3,6,3
20190322147,1475,1,4,3
20190322148,1485,9,5,4
20190322149,1495,1,0,1
20190322150,1505,3,7,4
20190322151,1515,3,8,5
20190322152,1525,9,7,2
20190322153,1535,5,7,2
20190322154,1545,3,7,4
20190322155,1555,0,0,0
20190322156,1565,4,7,3
20190322157,1575,6,0,6
20190322158,1585,7,2,5
20190322159,1595,5,4,1
20190322160,1605,1,7,6
20190322161,1615,4,7,3
20190322162,1625,6,3,3
20190322163,1635,9,6,3
20190322164,1645,5,6,1
20190322165,1655,4,6,2
20190322166,1665,0,3,3
20190322167,1675,3,4,1
20190322168,1685,7,3,4
20190322169,1695,6,4,2
20190322170,1705,9,5,4
20190322171,1715,1,4,3
20190322172,1725,4,8,4
20190322173,1735,7,9,2
20190322174,1745,8,4,4
20190322175,1755,3,9,6
20190322176,1765,9,2,7
20190322177,1775,3,8,5
20190322178,1785,2,3,1
20190322179,1795,7,1,6
20190322180,1805,3,9,6
20190322181,1815,1,5,4
20190322182,1825,6,0,6
20190322183,1835,7,7,0
20190322184,1845,0,5,5
20190322185,1855,4,5,1
20190322186,1865,6,3,3
20190322187,1875,1,7,6
20190322188,1885,5,8,3
20190322189,1895,2,6,4
20190322190,1905,3,8,5
20190322191,1915,4,8,4
20190322192,1925,2,2,0
20190322193,1935,5,0,5
20190322194,1945,1,8,7
20190322195,1955,8,3,5
20190322196,1965,6,4,2
20190322197,1975,9,8,1
20190322198,1985,1,2,1
20190322199,1995,2,8,6
20190322200,2005,4,0,4
20190322201,2015,9,0,9
20190322202,2025,2,2,0
20190322203,2035,6,0,6
20190322204,2045,4,0,4
20190322205,2055,0,0,0
20190322206,2065,5,4,1
20190322207,2075,1,3,2
20190322208,2085,1,3,2
20190322209,2095,4,3,1
20190322210,2105,7,0,7
20190322211,2115,3,9,6
20190322212,2125,7,5,2
20190322213,2135,5,3,2
20190322214,2145,5,8,3
20190322215,2155,5,7,2
20190322216,2165,0,5,5
20190322217,2175,6,2,4
20190322218,2185,3,2,1
20190322219,2195,7,0,7
20190322220,2205,8,0,8
20190322221,2215,2,4,2
20190322222,2225,1,1,0
20190322223,2235,4,8,4
20190322224,2245,8,8,0
20190322225,2255,8,2,6
20190322226,2265,5,4,1
20190322227,2275,1,3,2
20190322228,2285,6,1,5
20190322229,2295,1,7,6
20190322230,2305,1,4,3
20190322231,2315,6,4,2
20190322232,2325,6,2,4
20190322233,2335,8,4,4
20190322234,2345,6,6,0
20190322235,2355,9,6,3
20190322236,2365,9,2,7
20190322237,2375,1,6,5
20190322238,2385,1,6,5
20190322239,2395,4,6,2
20190322240,2405,0,4,4
20190322241,2415,3,8,5
20190322242,2425,7,1,6
20190322243,2435,9,8,1
20190322244,2445,0,0,0
20190322245,2455,7,9,2
20190322246,2465,7,9,2
20190322247,2475,7,4,3
20190322248,2485,5,2,3
20190322249,2495,7,9,2
20190322250,2505,2,4,2
20190322251,2515,7,3,4
20190322252,2525,6,2,4
20190322253,2535,1,1,0
20190322254,2545,6,0,6
20190322255,2555,9,1,8
20190322256,2565,0,2,2
20190322257,2575,2,1,1
20190322258,2585,4,8,4
20190322259,2595,0,5,5
20190322260,2605,4,7,3
20190322261,2615,7,8,1
20190322262,2625,6,8,2
20190322263,2635,6,6,0
20190322264,2645,7,9,2
20190322265,2655,0,0,0
20190322266,2665,9,2,7
20190322267,2675,5,7,2
20190322268,2685,2,5,3
20190322269,2695,5,7,2
20190322270,2705,1,5,4
20190322271,2715,6,6,0
20190322272,2725,0,2,2
20190322273,2735,1,1,0
20190322274,2745,9,7,2
20190322275,2755,6,2,4
20190322276,2765,8,3,5
20190322277,2775,3,1,2
20190322278,2785,4,0,4
20190322279,2795,8,3,5
20190322280,2805,9,2,7
20190322281,2815,9,4,5
20190322282,2825,6,4,2
20190322283,2835,9,5,4
20190322284,2845,0,2,2
20190322285,2855,6,7,1
20190322286,2865,3,8,5
20190322287,2875,2,6,4
20190322288,2885,3,0,3
20190323001,16,2,6,4
20190323002,26,8,2,6
20190323003,36,4,2,2
20190323004,46,1,2,1
20190323005,56,3,9,6
20190323006,66,3,6,3
20190323007,76,6,6,0
20190323008,86,5,0,5
20190323009,96,8,8,0
20190323010,106,9,5,4
20190323011,116,2,6,4
20190323012,126,4,2,2
20190323013,136,6,6,0
20190323014,146,8,5,3
20190323015,156,8,5,3
20190323016,166,5,7,2
20190323017,176,4,6,2
20190323018,186,9,4,5
20190323019,196,7,7,0
20190323020,206,8,1,7
20190323021,216,0,0,0
20190323022,226,0,7,7
20190323023,236,7,1,6
20190323024,246,7,2,5
20190323025,256,4,0,4
20190323026,266,4,0,4
20190323027,276,0,9,9
20190323028,286,5,1,4
20190323029,296,3,8,5
20190323030,306,4,8,4
20190323031,316,0,9,9
20190323032,326,1,3,2
20190323033,336,2,8,6
20190323034,346,1,7,6
20190323035,356,4,4,0
20190323036,366,9,9,0
20190323037,376,9,0,9
20190323038,386,3,3,0
20190323039,396,3,4,1
20190323040,406,5,6,1
20190323041,416,3,6,3
20190323042,426,7,9,2
20190323043,436,0,5,5
20190323044,446,3,9,6
20190323045,456,0,6,6
20190323046,466,4,3,1
20190323047,476,9,9,0
20190323048,486,2,1,1
20190323049,496,0,8,8
20190323050,506,7,2,5
20190323051,516,3,2,1
20190323052,526,0,7,7
20190323053,536,9,5,4
20190323054,546,9,9,0
20190323055,556,8,2,6
20190323056,566,6,1,5
20190323057,576,7,3,4
20190323058,586,8,1,7
20190323059,596,3,8,5
20190323060,606,5,0,5
20190323061,616,2,5,3
20190323062,626,3,9,6
20190323063,636,2,2,0
20190323064,646,0,8,8
20190323065,656,8,2,6
20190323066,666,9,3,6
20190323067,676,7,7,0
20190323068,686,2,7,5
20190323069,696,3,4,1
20190323070,706,9,0,9
20190323071,716,7,2,5
20190323072,726,3,6,3
20190323073,736,8,6,2
20190323074,746,7,7,0
20190323075,756,3,8,5
20190323076,766,9,0,9
20190323077,776,0,0,0
20190323078,786,8,4,4
20190323079,796,2,2,0
20190323080,806,7,9,2
20190323081,816,2,9,7
20190323082,826,8,5,3
20190323083,836,2,7,5
20190323084,846,3,9,6
20190323085,856,0,9,9
20190323086,866,6,5,1
20190323087,876,0,8,8
20190323088,886,7,3,4
20190323089,896,0,2,2
20190323090,906,3,4,1
20190323091,916,7,8,1
20190323092,926,1,1,0
20190323093,936,1,2,1
20190323094,946,1,9,8
20190323095,956,4,1,3
20190323096,966,1,8,7
20190323097,976,7,7,0
20190323098,986,3,0,3
20190323099,996,9,9,0
20190323100,1006,8,6,2
20190323101,1016,1,9,8
20190323102,1026,2,4,2
20190323103,1036,7,2,5
20190323104,1046,3,6,3
20190323105,1056,0,8,8
20190323106,1066,1,0,1
20190323107,1076,7,3,4
20190323108,1086,5,6,1
20190323109,1096,7,3,4
20190323110,1106,3,1,2
20190323111,1116,6,5,1
20190323112,1126,7,8,1
20190323113,1136,3,1,2
20190323114,1146,6,9,3
20190323115,1156,3,0,3
20190323116,1166,9,8,1
20190323117,1176,7,1,6
20190323118,1186,8,2,6
20190323119,1196,5,3,2
20190323120,1206,7,4,3
20190323121,1216,5,9,4
20190323122,1226,9,5,4
20190323123,1236,6,6,0
20190323124,1246,7,2,5
20190323125,1256,2,5,3
20190323126,1266,6,2,4
20190323127,1276,3,3,0
20190323128,1286,4,0,4
20190323129,1296,6,2,4
20190323130,1306,1,5,4
20190323131,1316,6,3,3
20190323132,1326,3,0,3
20190323133,1336,4,9,5
20190323134,1346,8,6,2
20190323135,1356,4,4,0
20190323136,1366,6,2,4
20190323137,1376,9,9,0
20190323138,1386,0,6,6
20190323139,1396,8,1,7
20190323140,1406,2,3,1
20190323141,1416,2,0,2
20190323142,1426,4,1,3
20190323143,1436,5,2,3
20190323144,1446,3,2,1
20190323145,1456,5,9,4
20190323146,1466,9,8,1
20190323147,1476,6,1,5
20190323148,1486,4,9,5
20190323149,1496,1,9,8
20190323150,1506,5,7,2
20190323151,1516,8,1,7
20190323152,1526,7,8,1
20190323153,1536,9,2,7
20190323154,1546,2,5,3
20190323155,1556,7,7,0
20190323156,1566,6,5,1
20190323157,1576,3,9,6
20190323158,1586,0,8,8
20190323159,1596,3,7,4
20190323160,1606,5,2,3
20190323161,1616,0,2,2
20190323162,1626,8,9,1
20190323163,1636,2,9,7
20190323164,1646,3,5,2
20190323165,1656,0,7,7
20190323166,1666,3,1,2
20190323167,1676,8,0,8
20190323168,1686,5,8,3
20190323169,1696,8,1,7
20190323170,1706,8,7,1
20190323171,1716,3,0,3
20190323172,1726,6,9,3
20190323173,1736,0,3,3
20190323174,1746,2,5,3
20190323175,1756,7,8,1
20190323176,1766,7,3,4
20190323177,1776,2,1,1
20190323178,1786,0,5,5
20190323179,1796,8,3,5
20190323180,1806,7,5,2
20190323181,1816,4,3,1
20190323182,1826,4,9,5
20190323183,1836,3,0,3
20190323184,1846,3,8,5
20190323185,1856,9,7,2
20190323186,1866,9,2,7
20190323187,1876,3,2,1
20190323188,1886,2,1,1
20190323189,1896,3,5,2
20190323190,1906,0,7,7
20190323191,1916,4,3,1
20190323192,1926,5,9,4
20190323193,1936,9,6,3
20190323194,1946,8,3,5
20190323195,1956,2,1,1
20190323196,1966,5,0,5
20190323197,1976,2,8,6
20190323198,1986,6,8,2
20190323199,1996,8,6,2
20190323200,2006,4,8,4
20190323201,2016,2,3,1
20190323202,2026,1,5,4
20190323203,2036,3,0,3
20190323204,2046,8,0,8
20190323205,2056,1,4,3
20190323206,2066,8,7,1
20190323207,2076,3,7,4
20190323208,2086,5,9,4
20190323209,2096,3,5,2
20190323210,2106,1,2,1
20190323211,2116,2,5,3
20190323212,2126,8,6,2
20190323213,2136,2,6,4
20190323214,2146,5,6,1
20190323215,2156,6,0,6
20190323216,2166,5,2,3
20190323217,2176,5,7,2
20190323218,2186,9,5,4
20190323219,2196,4,5,1
20190323220,2206,3,8,5
20190323221,2216,1,5,4
20190323222,2226,1,0,1
20190323223,2236,6,4,2
20190323224,2246,1,9,8
20190323225,2256,8,4,4
20190323226,2266,2,7,5
20190323227,2276,3,6,3
20190323228,2286,7,1,6
20190323229,2296,4,1,3
20190323230,2306,5,8,3
20190323231,2316,3,0,3
20190323232,2326,3,3,0
20190323233,2336,8,6,2
20190323234,2346,1,5,4
20190323235,2356,3,8,5
20190323236,2366,8,9,1
20190323237,2376,7,6,1
20190323238,2386,6,7,1
20190323239,2396,9,4,5
20190323240,2406,0,7,7
20190323241,2416,7,6,1
20190323242,2426,3,2,1
20190323243,2436,8,7,1
20190323244,2446,4,8,4
20190323245,2456,1,4,3
20190323246,2466,2,1,1
20190323247,2476,2,9,7
20190323248,2486,6,8,2
20190323249,2496,2,9,7
20190323250,2506,5,4,1
20190323251,2516,9,1,8
20190323252,2526,2,8,6
20190323253,2536,4,5,1
20190323254,2546,4,2,2
20190323255,2556,1,2,1
20190323256,2566,4,2,2
20190323257,2576,2,6,4
20190323258,2586,9,0,9
20190323259,2596,6,2,4
20190323260,2606,7,6,1
20190323261,2616,3,2,1
20190323262,2626,0,3,3
20190323263,2636,0,8,8
20190323264,2646,1,4,3
20190323265,2656,0,0,0
20190323266,2666,2,8,6
20190323267,2676,8,0,8
20190323268,2686,8,1,7
20190323269,2696,1,1,0
20190323270,2706,8,9,1
20190323271,2716,0,6,6
20190323272,2726,8,8,0
20190323273,2736,6,1,5
20190323274,2746,9,9,0
20190323275,2756,2,1,1
20190323276,2766,1,6,5
20190323277,2776,1,6,5
20190323278,2786,3,9,6
20190323279,2796,0,7,7
20190323280,2806,4,2,2
20190323281,2816,1,5,4
20190323282,2826,0,9,9
20190323283,2836,3,2,1
20190323284,2846,8,3,5
20190323285,2856,9,8,1
20190323286,2866,1,7,6
20190323287,2876,8,7,1
20190323288,2886,0,7,7
20190324001,17,2,4,2
20190324002,27,5,5,0
20190324003,37,3,8,5
20190324004,47,5,9,4
20190324005,57,5,4,1
20190324006,67,4,9,5
20190324007,77,2,6,4
20190324008,87,4,1,3
20190324009,97,8,8,0
20190324010,107,2,6,4
20190324011,117,1,8,7
20190324012,127,1,2,1
20190324013,137,8,2,6
20190324014,147,7,0,7
20190324015,157,4,2,2
20190324016,167,1,9,8
20190324017,177,0,7,7
20190324018,187,4,3,1
20190324019,197,8,5,3
20190324020,207,1,9,8
20190324021,217,2,2,0
20190324022,227,9,5,4
20190324023,237,0,1,1
20190324024,247,0,6,6
20190324025,257,8,8,0
20190324026,267,9,9,0
20190324027,277,4,0,4
20190324028,287,7,2,5
20190324029,297,6,5,1
20190324030,307,6,1,5
20190324031,317,8,4,4
20190324032,327,0,6,6
20190324033,337,6,9,3
20190324034,347,0,4,4
20190324035,357,4,6,2
20190324036,367,5,9,4
20190324037,377,0,3,3
20190324038,387,4,8,4
20190324039,397,1,9,8
20190324040,407,5,0,5
20190324041,417,1,0,1
20190324042,427,0,7,7
20190324043,437,1,5,4
20190324044,447,2,2,0
20190324045,457,2,1,1
20190324046,467,2,0,2
20190324047,477,0,8,8
20190324048,487,8,6,2
20190324049,497,9,9,0
20190324050,507,1,7,6
20190324051,517,1,9,8
20190324052,527,6,4,2
20190324053,537,6,7,1
20190324054,547,8,3,5
20190324055,557,5,7,2
20190324056,567,3,3,0
20190324057,577,5,1,4
20190324058,587,9,2,7
20190324059,597,9,6,3
20190324060,607,7,9,2
20190324061,617,5,6,1
20190324062,627,2,3,1
20190324063,637,9,3,6
20190324064,647,4,8,4
20190324065,657,2,6,4
20190324066,667,2,2,0
20190324067,677,6,2,4
20190324068,687,0,3,3
20190324069,697,0,1,1
20190324070,707,2,9,7
20190324071,717,8,1,7
20190324072,727,9,2,7
20190324073,737,9,6,3
20190324074,747,9,5,4
20190324075,757,6,6,0
20190324076,767,6,1,5
20190324077,777,5,4,1
20190324078,787,1,5,4
20190324079,797,2,6,4
20190324080,807,6,1,5
20190324081,817,4,3,1
20190324082,827,7,3,4
20190324083,837,5,8,3
20190324084,847,0,4,4
20190324085,857,1,9,8
20190324086,867,7,5,2
20190324087,877,4,4,0
20190324088,887,4,6,2
20190324089,897,8,6,2
20190324090,907,8,6,2
20190324091,917,0,6,6
20190324092,927,8,9,1
20190324093,937,7,1,6
20190324094,947,9,3,6
20190324095,957,2,1,1
20190324096,967,2,7,5
20190324097,977,5,7,2
20190324098,987,1,3,2
20190324099,997,9,8,1
20190324100,1007,7,8,1
20190324101,1017,1,5,4
20190324102,1027,5,0,5
20190324103,1037,6,5,1
20190324104,1047,1,4,3
20190324105,1057,3,3,0
20190324106,1067,5,1,4
20190324107,1077,4,6,2
20190324108,1087,2,1,1
20190324109,1097,7,1,6
20190324110,1107,1,9,8
20190324111,1117,3,1,2
20190324112,1127,8,6,2
20190324113,1137,8,0,8
20190324114,1147,0,7,7
20190324115,1157,5,3,2
20190324116,1167,3,7,4
20190324117,1177,6,2,4
20190324118,1187,3,9,6
20190324119,1197,7,0,7
20190324120,1207,7,4,3
20190324121,1217,1,5,4
20190324122,1227,1,1,0
20190324123,1237,4,8,4
20190324124,1247,0,5,5
20190324125,1257,0,6,6
20190324126,1267,7,7,0
20190324127,1277,6,8,2
20190324128,1287,7,1,6
20190324129,1297,2,1,1
20190324130,1307,1,9,8
20190324131,1317,0,9,9
20190324132,1327,4,8,4
20190324133,1337,7,2,5
20190324134,1347,3,0,3
20190324135,1357,5,3,2
20190324136,1367,9,1,8
20190324137,1377,5,4,1
20190324138,1387,3,7,4
20190324139,1397,8,4,4
20190324140,1407,2,2,0
20190324141,1417,5,5,0
20190324142,1427,7,4,3
20190324143,1437,8,0,8
20190324144,1447,0,4,4
20190324145,1457,4,3,1
20190324146,1467,3,2,1
20190324147,1477,1,3,2
20190324148,1487,5,9,4
20190324149,1497,2,6,4
20190324150,1507,6,3,3
20190324151,1517,5,3,2
20190324152,1527,0,9,9
20190324153,1537,8,5,3
20190324154,1547,6,5,1
20190324155,1557,3,2,1
20190324156,1567,3,2,1
20190324157,1577,0,3,3
20190324158,1587,1,7,6
20190324159,1597,3,4,1
20190324160,1607,4,1,3
20190324161,1617,0,3,3
20190324162,1627,4,2,2
20190324163,1637,6,3,3
20190324164,1647,3,3,0
20190324165,1657,1,0,1
20190324166,1667,3,5,2
20190324167,1677,5,5,0
20190324168,1687,3,2,1
20190324169,1697,8,2,6
20190324170,1707,1,3,2
20190324171,1717,3,0,3
20190324172,1727,6,8,2
20190324173,1737,2,4,2
20190324174,1747,2,2,0
20190324175,1757,4,9,5
20190324176,1767,7,4,3
20190324177,1777,0,1,1
20190324178,1787,3,7,4
20190324179,1797,1,4,3
20190324180,1807,7,8,1
20190324181,1817,2,4,2
20190324182,1827,0,6,6
20190324183,1837,1,1,0
20190324184,1847,2,9,7
20190324185,1857,3,1,2
20190324186,1867,5,6,1
20190324187,1877,7,8,1
20190324188,1887,6,4,2
20190324189,1897,3,0,3
20190324190,1907,1,7,6
20190324191,1917,8,3,5
20190324192,1927,5,9,4
20190324193,1937,2,5,3
20190324194,1947,4,3,1
20190324195,1957,7,7,0
20190324196,1967,3,3,0
20190324197,1977,2,4,2
20190324198,1987,9,9,0
20190324199,1997,3,1,2
20190324200,2007,1,6,5
20190324201,2017,9,4,5
20190324202,2027,7,4,3
20190324203,2037,7,3,4
20190324204,2047,4,9,5
20190324205,2057,8,3,5
20190324206,2067,6,3,3
20190324207,2077,0,0,0
20190324208,2087,1,2,1
20190324209,2097,8,8,0
20190324210,2107,7,7,0
20190324211,2117,7,8,1
20190324212,2127,7,0,7
20190324213,2137,6,0,6
20190324214,2147,2,1,1
20190324215,2157,2,6,4
20190324216,2167,1,7,6
20190324217,2177,7,4,3
20190324218,2187,2,5,3
20190324219,2197,5,4,1
20190324220,2207,8,9,1
20190324221,2217,3,0,3
20190324222,2227,8,0,8
20190324223,2237,1,3,2
20190324224,2247,3,7,4
20190324225,2257,9,8,1
20190324226,2267,5,8,3
20190324227,2277,4,3,1
20190324228,2287,7,1,6
20190324229,2297,9,5,4
20190324230,2307,8,5,3
20190324231,2317,2,8,6
20190324232,2327,2,0,2
20190324233,2337,2,6,4
20190324234,2347,4,9,5
20190324235,2357,8,1,7
20190324236,2367,2,6,4
20190324237,2377,6,8,2
20190324238,2387,2,4,2
20190324239,2397,6,2,4
20190324240,2407,8,5,3
20190324241,2417,5,1,4
20190324242,2427,9,4,5
20190324243,2437,5,1,4
20190324244,2447,6,1,5
20190324245,2457,8,4,4
20190324246,2467,6,2,4
20190324247,2477,8,7,1
20190324248,2487,5,9,4
20190324249,2497,4,6,2
20190324250,2507,2,1,1
20190324251,2517,9,0,9
20190324252,2527,7,8,1
20190324253,2537,7,1,6
20190324254,2547,2,8,6
20190324255,2557,4,2,2
20190324256,2567,6,8,2
20190324257,2577,1,2,1
20190324258,2587,3,6,3
20190324259,2597,5,1,4
20190324260,2607,8,8,0
20190324261,2617,0,3,3
20190324262,2627,4,3,1
20190324263,2637,7,2,5
20190324264,2647,1,8,7
20190324265,2657,2,3,1
20190324266,2667,1,5,4
20190324267,2677,2,5,3
20190324268,2687,9,9,0
20190324269,2697,3,1,2
20190324270,2707,3,6,3
20190324271,2717,7,7,0
20190324272,2727,8,3,5
20190324273,2737,9,7,2
20190324274,2747,0,9,9
20190324275,2757,0,3,3
20190324276,2767,2,2,0
20190324277,2777,5,2,3
20190324278,2787,0,4,4
20190324279,2797,5,3,2
20190324280,2807,8,2,6
20190324281,2817,1,2,1
20190324282,2827,8,5,3
20190324283,2837,1,0,1
20190324284,2847,9,0,9
20190324285,2857,6,6,0
20190324286,2867,6,0,6
20190324287,2877,9,6,3
20190324288,2887,2,4,2
20190325001,11,1,7,6
20190325002,21,0,8,8
20190325003,31,3,7,4
20190325004,41,5,0,5
20190325005,51,2,8,6
20190325006,61,3,5,2
20190325007,71,3,2,1
20190325008,81,8,8,0
20190325009,91,5,4,1
20190325010,101,1,9,8
20190325011,111,0,2,2
20190325012,121,5,4,1
20190325013,131,5,3,2
20190325014,141,6,0,6
20190325015,151,3,2,1
20190325016,161,4,8,4
20190325017,171,1,0,1
20190325018,181,9,8,1
20190325019,191,8,7,1
20190325020,201,9,3,6
20190325021,211,8,6,2
20190325022,221,2,3,1
20190325023,231,5,5,0
20190325024,241,7,9,2
20190325025,251,9,8,1
20190325026,261,7,9,2
20190325027,271,5,0,5
20190325028,281,1,3,2
20190325029,291,9,0,9
20190325030,301,0,3,3
20190325031,311,2,0,2
20190325032,321,7,8,1
20190325033,331,3,0,3
20190325034,341,9,6,3
20190325035,351,6,0,6
20190325036,361,3,4,1
20190325037,371,0,7,7
20190325038,381,4,0,4
20190325039,391,0,5,5
20190325040,401,2,4,2
20190325041,411,7,7,0
20190325042,421,1,9,8
20190325043,431,1,2,1
20190325044,441,0,5,5
20190325045,451,0,0,0
20190325046,461,7,4,3
20190325047,471,9,3,6
20190325048,481,4,8,4
20190325049,491,5,8,3
20190325050,501,6,5,1
20190325051,511,9,7,2
20190325052,521,8,3,5
20190325053,531,1,5,4
20190325054,541,0,7,7
20190325055,551,3,2,1
20190325056,561,6,4,2
20190325057,571,2,1,1
20190325058,581,1,1,0
20190325059,591,8,7,1
20190325060,601,0,6,6
20190325061,611,4,8,4
20190325062,621,8,1,7
20190325063,631,3,3,0
20190325064,641,6,1,5
20190325065,651,6,7,1
20190325066,661,7,4,3
20190325067,671,9,9,0
20190325068,681,1,3,2
20190325069,691,0,8,8
20190325070,701,7,2,5
20190325071,711,0,0,0
20190325072,721,2,3,1
20190325073,731,1,7,6
20190325074,741,6,0,6
20190325075,751,5,0,5
20190325076,761,9,3,6
20190325077,771,8,2,6
20190325078,781,7,6,1
20190325079,791,7,0,7
20190325080,801,3,7,4
20190325081,811,7,6,1
20190325082,821,7,2,5
20190325083,831,9,1,8
20190325084,841,5,5,0
20190325085,851,7,9,2
20190325086,861,6,2,4
20190325087,871,2,9,7
20190325088,881,6,2,4
20190325089,891,4,4,0
20190325090,901,4,9,5
20190325091,911,1,5,4
20190325092,921,9,6,3
20190325093,931,6,1,5
20190325094,941,5,6,1
20190325095,951,6,9,3
20190325096,961,3,3,0
20190325097,971,9,5,4
20190325098,981,9,8,1
20190325099,991,7,1,6
20190325100,1001,2,4,2
20190325101,1011,7,5,2
20190325102,1021,5,2,3
20190325103,1031,9,7,2
20190325104,1041,2,0,2
20190325105,1051,6,1,5
20190325106,1061,8,1,7
20190325107,1071,8,1,7
20190325108,1081,4,9,5
20190325109,1091,8,3,5
20190325110,1101,1,7,6
20190325111,1111,6,5,1
20190325112,1121,7,8,1
20190325113,1131,9,8,1
20190325114,1141,0,5,5
20190325115,1151,2,3,1
20190325116,1161,1,2,1
20190325117,1171,6,6,0
20190325118,1181,4,2,2
20190325119,1191,8,0,8
20190325120,1201,0,5,5
20190325121,1211,4,8,4
20190325122,1221,4,2,2
20190325123,1231,8,8,0
20190325124,1241,7,2,5
20190325125,1251,1,0,1
20190325126,1261,7,8,1
20190325127,1271,0,4,4
20190325128,1281,3,7,4
20190325129,1291,1,2,1
20190325130,1301,8,2,6
20190325131,1311,2,6,4
20190325132,1321,4,3,1
20190325133,1331,7,3,4
20190325134,1341,1,3,2
20190325135,1351,6,6,0
20190325136,1361,5,6,1
20190325137,1371,6,2,4
20190325138,1381,7,5,2
20190325139,1391,4,2,2
20190325140,1401,9,1,8
20190325141,1411,7,1,6
20190325142,1421,6,4,2
20190325143,1431,8,7,1
20190325144,1441,2,5,3
20190325145,1451,2,4,2
20190325146,1461,2,1,1
20190325147,1471,2,9,7
20190325148,1481,1,9,8
20190325149,1491,5,1,4
20190325150,1501,7,7,0
20190325151,1511,8,7,1
20190325152,1521,1,7,6
20190325153,1531,8,9,1
20190325154,1541,7,9,2
20190325155,1551,6,7,1
20190325156,1561,7,1,6
20190325157,1571,3,8,5
20190325158,1581,4,8,4
20190325159,1591,7,1,6
20190325160,1601,6,3,3
20190325161,1611,1,7,6
20190325162,1621,1,8,7
20190325163,1631,7,8,1
20190325164,1641,8,9,1
20190325165,1651,3,1,2
20190325166,1661,4,8,4
20190325167,1671,8,2,6
20190325168,1681,2,8,6
20190325169,1691,7,7,0
20190325170,1701,5,1,4
20190325171,1711,7,6,1
20190325172,1721,5,5,0
20190325173,1731,1,6,5
20190325174,1741,4,3,1
20190325175,1751,8,5,3
20190325176,1761,5,2,3
20190325177,1771,5,1,4
20190325178,1781,2,0,2
20190325179,1791,1,9,8
20190325180,1801,6,9,3
20190325181,1811,0,5,5
20190325182,1821,1,0,1
20190325183,1831,1,7,6
20190325184,1841,9,3,6
20190325185,1851,2,9,7
20190325186,1861,7,7,0
20190325187,1871,0,5,5
20190325188,1881,9,4,5
20190325189,1891,8,5,3
20190325190,1901,1,1,0
20190325191,1911,2,5,3
20190325192,1921,8,3,5
20190325193,1931,5,9,4
20190325194,1941,1,1,0
20190325195,1951,0,8,8
20190325196,1961,7,7,0
20190325197,1971,5,4,1
20190325198,1981,0,7,7
20190325199,1991,2,8,6
20190325200,2001,5,6,1
20190325201,2011,3,6,3
20190325202,2021,0,3,3
20190325203,2031,1,1,0
20190325204,2041,2,0,2
20190325205,2051,8,3,5
20190325206,2061,7,3,4
20190325207,2071,2,1,1
20190325208,2081,6,2,4
20190325209,2091,5,5,0
20190325210,2101,4,1,3
20190325211,2111,8,0,8
20190325212,2121,1,0,1
20190325213,2131,3,6,3
20190325214,2141,7,9,2
20190325215,2151,5,7,2
20190325216,2161,9,6,3
20190325217,2171,3,4,1
20190325218,2181,4,2,2
20190325219,2191,4,5,1
20190325220,2201,3,6,3
20190325221,2211,7,2,5
20190325222,2221,2,2,0
20190325223,2231,4,2,2
20190325224,2241,7,4,3
20190325225,2251,2,3,1
20190325226,2261,0,8,8
20190325227,2271,7,9,2
20190325228,2281,4,9,5
20190325229,2291,0,4,4
20190325230,2301,5,8,3
20190325231,2311,5,8,3
20190325232,2321,3,8,5
20190325233,2331,9,4,5
20190325234,2341,8,0,8
20190325235,2351,4,2,2
20190325236,2361,4,8,4
20190325237,2371,0,7,7
20190325238,2381,7,5,2
20190325239,2391,8,4,4
20190325240,2401,9,7,2
20190325241,2411,3,1,2
20190325242,2421,6,7,1
20190325243,2431,0,6,6
20190325244,2441,9,7,2
20190325245,2451,6,8,2
20190325246,2461,2,0,2
20190325247,2471,6,0,6
20190325248,2481,0,7,7
20190325249,2491,3,4,1
20190325250,2501,7,5,2
20190325251,2511,9,9,0
20190325252,2521,5,6,1
20190325253,2531,1,5,4
20190325254,2541,6,5,1
20190325255,2551,6,8,2
20190325256,2561,1,7,6
20190325257,2571,1,7,6
20190325258,2581,2,9,7
20190325259,2591,6,3,3
20190325260,2601,4,0,4
20190325261,2611,6,1,5
20190325262,2621,4,6,2
20190325263,2631,8,6,2
20190325264,2641,3,7,4
20190325265,2651,2,5,3
20190325266,2661,1,9,8
20190325267,2671,8,4,4
20190325268,2681,8,7,1
20190325269,2691,7,7,0
20190325270,2701,0,6,6
20190325271,2711,9,3,6
20190325272,2721,0,8,8
20190325273,2731,1,6,5
20190325274,2741,4,5,1
20190325275,2751,7,5,2
20190325276,2761,2,6,4
20190325277,2771,6,9,3
20190325278,2781,2,3,1
20190325279,2791,0,9,9
20190325280,2801,7,6,1
20190325281,2811,4,5,1
20190325282,2821,5,6,1
20190325283,2831,7,4,3
20190325284,2841,8,5,3
20190325285,2851,7,3,4
20190325286,2861,0,5,5
20190325287,2871,4,8,4
20190325288,2881,6,3,3
20190326001,12,0,3,3
20190326002,22,9,6,3
20190326003,32,1,3,2
20190326004,42,8,4,4
20190326005,52,8,4,4
20190326006,62,4,2,2
20190326007,72,9,3,6
20190326008,82,6,3,3
20190326009,92,3,3,0
20190326010,102,5,4,1
20190326011,112,3,7,4
20190326012,122,2,3,1
20190326013,132,9,3,6
20190326014,142,5,2,3
20190326015,152,4,5,1
20190326016,162,2,4,2
20190326017,172,4,0,4
20190326018,182,4,9,5
20190326019,192,2,7,5
20190326020,202,4,9,5
20190326021,212,4,0,4
20190326022,222,4,3,1
20190326023,232,5,0,5
20190326024,242,1,0,1
20190326025,252,4,4,0
20190326026,262,2,3,1
20190326027,272,8,6,2
20190326028,282,1,1,0
20190326029,292,8,5,3
20190326030,302,3,4,1
20190326031,312,1,9,8
20190326032,322,3,3,0
20190326033,332,9,9,0
20190326034,342,5,0,5
20190326035,352,8,5,3
20190326036,362,5,6,1
20190326037,372,4,8,4
20190326038,382,7,4,3
20190326039,392,3,3,0
20190326040,402,8,1,7
20190326041,412,8,1,7
20190326042,422,3,3,0
20190326043,432,8,8,0
20190326044,442,7,3,4
20190326045,452,7,7,0
20190326046,462,6,0,6
20190326047,472,6,7,1
20190326048,482,3,8,5
20190326049,492,5,4,1
20190326050,502,7,2,5
20190326051,512,9,0,9
20190326052,522,7,2,5
20190326053,532,0,5,5
20190326054,542,5,6,1
20190326055,552,7,4,3
20190326056,562,7,1,6
20190326057,572,1,9,8
20190326058,582,8,9,1
20190326059,592,0,9,9
20190326060,602,7,9,2
20190326061,612,2,1,1
20190326062,622,7,9,2
20190326063,632,8,4,4
20190326064,642,5,0,5
20190326065,652,2,6,4
20190326066,662,4,2,2
20190326067,672,8,7,1
20190326068,682,2,2,0
20190326069,692,1,2,1
20190326070,702,5,6,1
20190326071,712,9,8,1
20190326072,722,6,0,6
20190326073,732,8,9,1
20190326074,742,1,9,8
20190326075,752,3,8,5
20190326076,762,4,0,4
20190326077,772,4,6,2
20190326078,782,7,2,5
20190326079,792,7,5,2
20190326080,802,1,1,0
20190326081,812,6,9,3
20190326082,822,9,0,9
20190326083,832,4,5,1
20190326084,842,3,1,2
20190326085,852,0,1,1
20190326086,862,8,2,6
20190326087,872,7,8,1
20190326088,882,4,2,2
20190326089,892,1,8,7
20190326090,902,4,1,3
20190326091,912,4,3,1
20190326092,922,5,4,1
20190326093,932,8,1,7
20190326094,942,4,6,2
20190326095,952,7,2,5
20190326096,962,6,9,3
20190326097,972,2,7,5
20190326098,982,5,0,5
20190326099,992,4,1,3
20190326100,1002,5,9,4
20190326101,1012,5,2,3
20190326102,1022,5,7,2
20190326103,1032,4,5,1
20190326104,1042,3,4,1
20190326105,1052,7,7,0
20190326106,1062,7,1,6
20190326107,1072,7,0,7
20190326108,1082,0,6,6
20190326109,1092,8,1,7
20190326110,1102,1,3,2
20190326111,1112,1,2,1
20190326112,1122,1,5,4
20190326113,1132,3,6,3
20190326114,1142,4,9,5
20190326115,1152,8,6,2
20190326116,1162,4,7,3
20190326117,1172,5,7,2
20190326118,1182,4,1,3
20190326119,1192,1,9,8
20190326120,1202,3,6,3
20190326121,1212,5,5,0
20190326122,1222,9,9,0
20190326123,1232,6,0,6
20190326124,1242,0,9,9
20190326125,1252,2,7,5
20190326126,1262,4,4,0
20190326127,1272,6,2,4
20190326128,1282,0,2,2
20190326129,1292,7,5,2
20190326130,1302,4,0,4
20190326131,1312,9,5,4
20190326132,1322,8,9,1
20190326133,1332,6,5,1
20190326134,1342,3,7,4
20190326135,1352,4,4,0
20190326136,1362,3,4,1
20190326137,1372,6,2,4
20190326138,1382,1,5,4
20190326139,1392,9,2,7
20190326140,1402,0,3,3
20190326141,1412,6,9,3
20190326142,1422,9,9,0
20190326143,1432,2,0,2
20190326144,1442,9,9,0
20190326145,1452,7,4,3
20190326146,1462,7,6,1
20190326147,1472,8,3,5
20190326148,1482,5,0,5
20190326149,1492,9,8,1
20190326150,1502,7,9,2
20190326151,1512,0,2,2
20190326152,1522,4,0,4
20190326153,1532,2,8,6
20190326154,1542,8,6,2
20190326155,1552,0,0,0
20190326156,1562,4,5,1
20190326157,1572,0,6,6
20190326158,1582,7,8,1
20190326159,1592,4,3,1
20190326160,1602,9,5,4
20190326161,1612,7,4,3
20190326162,1622,8,8,0
20190326163,1632,3,5,2
20190326164,1642,0,0,0
20190326165,1652,7,0,7
20190326166,1662,7,8,1
20190326167,1672,6,2,4
20190326168,1682,8,2,6
20190326169,1692,3,7,4
20190326170,1702,8,8,0
20190326171,1712,8,5,3
20190326172,1722,1,2,1
20190326173,1732,2,5,3
20190326174,1742,1,2,1
20190326175,1752,0,3,3
20190326176,1762,2,9,7
20190326177,1772,8,4,4
20190326178,1782,2,9,7
20190326179,1792,8,8,0
20190326180,1802,8,4,4
20190326181,1812,7,2,5
20190326182,1822,7,7,0
20190326183,1832,7,3,4
20190326184,1842,9,9,0
20190326185,1852,6,3,3
20190326186,1862,5,5,0
20190326187,1872,4,6,2
20190326188,1882,7,8,1
20190326189,1892,1,1,0
20190326190,1902,5,7,2
20190326191,1912,9,0,9
20190326192,1922,8,2,6
20190326193,1932,0,9,9
20190326194,1942,4,3,1
20190326195,1952,0,6,6
20190326196,1962,8,1,7
20190326197,1972,5,0,5
20190326198,1982,6,7,1
20190326199,1992,3,5,2
20190326200,2002,4,7,3
20190326201,2012,3,3,0
20190326202,2022,5,1,4
20190326203,2032,7,4,3
20190326204,2042,2,8,6
20190326205,2052,4,0,4
20190326206,2062,4,5,1
20190326207,2072,6,9,3
20190326208,2082,1,0,1
20190326209,2092,5,4,1
20190326210,2102,1,7,6
20190326211,2112,5,8,3
20190326212,2122,9,1,8
20190326213,2132,8,1,7
20190326214,2142,1,4,3
20190326215,2152,4,7,3
20190326216,2162,9,9,0
20190326217,2172,9,8,1
20190326218,2182,5,6,1
20190326219,2192,8,2,6
20190326220,2202,1,3,2
20190326221,2212,8,7,1
20190326222,2222,7,3,4
20190326223,2232,2,2,0
20190326224,2242,0,5,5
20190326225,2252,3,7,4
20190326226,2262,0,0,0
20190326227,2272,1,3,2
20190326228,2282,0,3,3
20190326229,2292,1,8,7
20190326230,2302,2,7,5
20190326231,2312,5,6,1
20190326232,2322,1,0,1
20190326233,2332,1,6,5
20190326234,2342,6,8,2
20190326235,2352,5,5,0
20190326236,2362,8,4,4
20190326237,2372,0,2,2
20190326238,2382,4,0,4
20190326239,2392,8,2,6
20190326240,2402,1,9,8
20190326241,2412,8,4,4
20190326242,2422,2,8,6
20190326243,2432,6,7,1
20190326244,2442,6,2,4
20190326245,2452,9,6,3
20190326246,2462,0,0,0
20190326247,2472,6,8,2
20190326248,2482,8,4,4
20190326249,2492,8,6,2
20190326250,2502,4,6,2
20190326251,2512,9,5,4
20190326252,2522,6,4,2
20190326253,2532,8,7,1
20190326254,2542,4,9,5
20190326255,2552,1,4,3
20190326256,2562,7,2,5
20190326257,2572,0,6,6
20190326258,2582,9,6,3
20190326259,2592,7,0,7
20190326260,2602,4,0,4
20190326261,2612,7,6,1
20190326262,2622,8,4,4
20190326263,2632,4,3,1
20190326264,2642,2,9,7
20190326265,2652,3,3,0
20190326266,2662,7,1,6
20190326267,2672,9,9,0
20190326268,2682,2,8,6
20190326269,2692,1,3,2
20190326270,2702,7,6,1
20190326271,2712,7,2,5
20190326272,2722,6,0,6
20190326273,2732,6,2,4
20190326274,2742,9,4,5
20190326275,2752,5,2,3
20190326276,2762,4,3,1
20190326277,2772,2,6,4
20190326278,2782,0,1,1
20190326279,2792,3,3,0
20190326280,2802,0,2,2
20190326281,2812,0,8,8
20190326282,2822,0,1,1
20190326283,2832,0,7,7
20190326284,2842,7,2,5
20190326285,2852,2,7,5
20190326286,2862,1,1,0
20190326287,2872,8,9,1
20190326288,2882,8,5,3
20190327001,13,8,0,8
20190327002,23,0,3,3
20190327003,33,0,6,6
20190327004,43,9,9,0
20190327005,53,3,2,1
20190327006,63,5,7,2
20190327007,73,9,0,9
20190327008,83,4,6,2
20190327009,93,4,7,3
20190327010,103,9,3,6
20190327011,113,5,4,1
20190327012,123,8,5,3
20190327013,133,5,6,1
20190327014,143,5,3,2
20190327015,153,1,2,1
20190327016,163,6,0,6
20190327017,173,8,8,0
20190327018,183,8,0,8
20190327019,193,0,1,1
20190327020,203,8,8,0
20190327021,213,2,9,7
20190327022,223,7,5,2
20190327023,233,4,9,5
20190327024,243,5,6,1
20190327025,253,8,9,1
20190327026,263,8,0,8
20190327027,273,2,2,0
20190327028,283,5,0,5
20190327029,293,7,3,4
20190327030,303,5,7,2
20190327031,313,6,2,4
20190327032,323,0,1,1
20190327033,333,8,1,7
20190327034,343,0,9,9
20190327035,353,0,2,2
20190327036,363,6,3,3
20190327037,373,2,2,0
20190327038,383,8,9,1
20190327039,393,7,1,6
20190327040,403,8,9,1
20190327041,413,8,9,1
20190327042,423,8,2,6
20190327043,433,1,4,3
20190327044,443,4,5,1
20190327045,453,1,7,6
20190327046,463,7,1,6
20190327047,473,6,8,2
20190327048,483,1,3,2
20190327049,493,5,3,2
20190327050,503,5,3,2
20190327051,513,9,3,6
20190327052,523,0,9,9
20190327053,533,0,7,7
20190327054,543,5,9,4
20190327055,553,4,6,2
20190327056,563,9,7,2
20190327057,573,2,6,4
20190327058,583,0,2,2
20190327059,593,1,4,3
20190327060,603,6,3,3
20190327061,613,8,4,4
20190327062,623,6,7,1
20190327063,633,0,2,2
20190327064,643,2,9,7
20190327065,653,5,6,1
20190327066,663,6,8,2
20190327067,673,0,9,9
20190327068,683,6,3,3
20190327069,693,3,6,3
20190327070,703,9,0,9
20190327071,713,5,8,3
20190327072,723,0,4,4
20190327073,733,6,8,2
20190327074,743,4,5,1
20190327075,753,2,9,7
20190327076,763,6,6,0
20190327077,773,5,6,1
20190327078,783,8,1,7
20190327079,793,0,2,2
20190327080,803,2,0,2
20190327081,813,9,7,2
20190327082,823,4,5,1
20190327083,833,0,5,5
20190327084,843,9,1,8
20190327085,853,2,8,6
20190327086,863,3,5,2
20190327087,873,3,9,6
20190327088,883,8,3,5
20190327089,893,2,9,7
20190327090,903,8,9,1
20190327091,913,0,4,4
20190327092,923,9,3,6
20190327093,933,5,9,4
20190327094,943,1,8,7
20190327095,953,0,8,8
20190327096,963,6,8,2
20190327097,973,2,9,7
20190327098,983,2,6,4
20190327099,993,7,1,6
20190327100,1003,0,8,8
20190327101,1013,8,5,3
20190327102,1023,7,5,2
20190327103,1033,8,6,2
20190327104,1043,6,3,3
20190327105,1053,7,9,2
20190327106,1063,8,9,1
20190327107,1073,1,7,6
20190327108,1083,7,9,2
20190327109,1093,2,4,2
20190327110,1103,8,9,1
20190327111,1113,9,8,1
20190327112,1123,4,4,0
20190327113,1133,9,7,2
20190327114,1143,2,4,2
20190327115,1153,5,8,3
20190327116,1163,2,4,2
20190327117,1173,5,8,3
20190327118,1183,0,0,0
20190327119,1193,5,4,1
20190327120,1203,6,6,0
20190327121,1213,5,1,4
20190327122,1223,9,6,3
20190327123,1233,0,1,1
20190327124,1243,8,9,1
20190327125,1253,6,7,1
20190327126,1263,2,7,5
20190327127,1273,7,4,3
20190327128,1283,6,7,1
20190327129,1293,7,0,7
20190327130,1303,2,5,3
20190327131,1313,9,3,6
20190327132,1323,4,7,3
20190327133,1333,3,1,2
20190327134,1343,4,1,3
20190327135,1353,8,6,2
20190327136,1363,1,0,1
20190327137,1373,1,2,1
20190327138,1383,4,2,2
20190327139,1393,7,2,5
20190327140,1403,5,5,0
20190327141,1413,4,4,0
20190327142,1423,8,6,2
20190327143,1433,1,9,8
20190327144,1443,2,7,5
20190327145,1453,5,0,5
20190327146,1463,7,3,4
20190327147,1473,3,3,0
20190327148,1483,0,2,2
20190327149,1493,2,8,6
20190327150,1503,6,9,3
20190327151,1513,4,2,2
20190327152,1523,9,7,2
20190327153,1533,2,0,2
20190327154,1543,6,3,3
20190327155,1553,9,6,3
20190327156,1563,4,4,0
20190327157,1573,8,3,5
20190327158,1583,8,2,6
20190327159,1593,9,4,5
20190327160,1603,2,0,2
20190327161,1613,5,0,5
20190327162,1623,9,2,7
20190327163,1633,8,8,0
20190327164,1643,3,7,4
20190327165,1653,6,5,1
20190327166,1663,3,0,3
20190327167,1673,2,7,5
20190327168,1683,0,6,6
20190327169,1693,8,0,8
20190327170,1703,4,8,4
20190327171,1713,0,7,7
20190327172,1723,6,8,2
20190327173,1733,8,7,1
20190327174,1743,0,3,3
20190327175,1753,9,4,5
20190327176,1763,9,4,5
20190327177,1773,0,2,2
20190327178,1783,1,7,6
20190327179,1793,7,1,6
20190327180,1803,5,7,2
20190327181,1813,3,1,2
20190327182,1823,3,3,0
20190327183,1833,2,2,0
20190327184,1843,1,3,2
20190327185,1853,0,1,1
20190327186,1863,5,1,4
20190327187,1873,6,0,6
20190327188,1883,4,4,0
20190327189,1893,9,9,0
20190327190,1903,9,2,7
20190327191,1913,0,0,0
20190327192,1923,2,0,2
20190327193,1933,6,6,0
20190327194,1943,4,1,3
20190327195,1953,3,0,3
20190327196,1963,4,1,3
20190327197,1973,0,1,1
20190327198,1983,6,9,3
20190327199,1993,4,2,2
20190327200,2003,8,4,4
20190327201,2013,9,2,7
20190327202,2023,4,2,2
20190327203,2033,9,4,5
20190327204,2043,8,1,7
20190327205,2053,0,2,2
20190327206,2063,2,0,2
20190327207,2073,1,8,7
20190327208,2083,8,1,7
20190327209,2093,4,0,4
20190327210,2103,7,4,3
20190327211,2113,2,4,2
20190327212,2123,5,3,2
20190327213,2133,6,9,3
20190327214,2143,0,6,6
20190327215,2153,7,5,2
20190327216,2163,5,3,2
20190327217,2173,7,4,3
20190327218,2183,2,7,5
20190327219,2193,4,1,3
20190327220,2203,8,0,8
20190327221,2213,3,6,3
20190327222,2223,9,7,2
20190327223,2233,9,2,7
20190327224,2243,6,6,0
20190327225,2253,1,2,1
20190327226,2263,3,1,2
20190327227,2273,3,0,3
20190327228,2283,0,7,7
20190327229,2293,9,3,6
20190327230,2303,8,7,1
20190327231,2313,0,4,4
20190327232,2323,0,3,3
20190327233,2333,8,3,5
20190327234,2343,4,8,4
20190327235,2353,7,7,0
20190327236,2363,9,1,8
20190327237,2373,1,7,6
20190327238,2383,9,6,3
20190327239,2393,9,0,9
20190327240,2403,9,7,2
20190327241,2413,8,5,3
20190327242,2423,3,0,3
20190327243,2433,6,2,4
20190327244,2443,8,1,7
20190327245,2453,8,2,6
20190327246,2463,6,1,5
20190327247,2473,2,1,1
20190327248,2483,2,9,7
20190327249,2493,5,0,5
20190327250,2503,1,7,6
20190327251,2513,4,2,2
20190327252,2523,1,5,4
20190327253,2533,6,1,5
20190327254,2543,5,4,1
20190327255,2553,1,3,2
20190327256,2563,7,2,5
20190327257,2573,0,2,2
20190327258,2583,0,3,3
20190327259,2593,7,9,2
20190327260,2603,1,3,2
20190327261,2613,6,9,3
20190327262,2623,9,0,9
20190327263,2633,8,0,8
20190327264,2643,6,0,6
20190327265,2653,0,5,5
20190327266,2663,6,0,6
20190327267,2673,6,2,4
20190327268,2683,1,7,6
20190327269,2693,2,8,6
20190327270,2703,1,8,7
20190327271,2713,8,9,1
20190327272,2723,6,1,5
20190327273,2733,7,7,0
20190327274,2743,9,9,0
20190327275,2753,5,2,3
20190327276,2763,7,2,5
20190327277,2773,1,8,7
20190327278,2783,8,9,1
20190327279,2793,1,5,4
20190327280,2803,0,4,4
20190327281,2813,6,6,0
20190327282,2823,7,2,5
20190327283,2833,4,5,1
20190327284,2843,4,1,3
20190327285,2853,6,1,5
20190327286,2863,3,1,2
20190327287,2873,5,7,2
20190327288,2883,4,0,4
20190328001,14,2,2,0
20190328002,24,5,1,4
20190328003,34,6,6,0
20190328004,44,9,4,5
20190328005,54,6,9,3
20190328006,64,4,0,4
20190328007,74,9,5,4
20190328008,84,5,4,1
20190328009,94,3,5,2
20190328010,104,9,7,2
20190328011,114,4,5,1
20190328012,124,5,9,4
20190328013,134,0,5,5
20190328014,144,4,9,5
20190328015,154,4,9,5
20190328016,164,3,3,0
20190328017,174,2,1,1
20190328018,184,2,2,0
20190328019,194,3,8,5
20190328020,204,2,2,0
20190328021,214,6,5,1
20190328022,224,3,5,2
20190328023,234,9,0,9
20190328024,244,5,2,3
20190328025,254,5,2,3
20190328026,264,9,2,7
20190328027,274,2,7,5
20190328028,284,0,3,3
20190328029,294,2,8,6
20190328030,304,0,9,9
20190328031,314,8,8,0
20190328032,324,1,9,8
20190328033,334,4,9,5
20190328034,344,4,2,2
20190328035,354,0,9,9
20190328036,364,9,1,8
20190328037,374,8,7,1
20190328038,384,6,4,2
20190328039,394,5,7,2
20190328040,404,3,0,3
20190328041,414,8,5,3
20190328042,424,9,8,1
20190328043,434,8,8,0
20190328044,444,3,6,3
20190328045,454,2,2,0
20190328046,464,0,6,6
20190328047,474,8,4,4
20190328048,484,1,2,1
20190328049,494,6,1,5
20190328050,504,4,6,2
20190328051,514,8,2,6
20190328052,524,2,7,5
20190328053,534,1,4,3
20190328054,544,4,3,1
20190328055,554,3,3,0
20190328056,564,1,2,1
20190328057,574,1,2,1
20190328058,584,2,8,6
20190328059,594,5,3,2
20190328060,604,0,7,7
20190328061,614,6,6,0
20190328062,624,8,4,4
20190328063,634,4,6,2
20190328064,644,6,0,6
20190328065,654,4,7,3
20190328066,664,9,3,6
20190328067,674,0,6,6
20190328068,684,1,0,1
20190328069,694,8,3,5
20190328070,704,5,1,4
20190328071,714,7,7,0
20190328072,724,2,1,1
20190328073,734,0,0,0
20190328074,744,9,2,7
20190328075,754,7,8,1
20190328076,764,1,9,8
20190328077,774,0,6,6
20190328078,784,8,7,1
20190328079,794,0,6,6
20190328080,804,0,9,9
20190328081,814,6,1,5
20190328082,824,8,5,3
20190328083,834,4,9,5
20190328084,844,0,3,3
20190328085,854,4,8,4
20190328086,864,4,3,1
20190328087,874,8,1,7
20190328088,884,0,6,6
20190328089,894,9,5,4
20190328090,904,2,1,1
20190328091,914,0,8,8
20190328092,924,1,9,8
20190328093,934,3,5,2
20190328094,944,9,8,1
20190328095,954,7,3,4
20190328096,964,7,9,2
20190328097,974,8,1,7
20190328098,984,7,6,1
20190328099,994,9,1,8
20190328100,1004,9,5,4
20190328101,1014,0,9,9
20190328102,1024,8,5,3
20190328103,1034,7,3,4
20190328104,1044,2,5,3
20190328105,1054,8,3,5
20190328106,1064,6,4,2
20190328107,1074,1,2,1
20190328108,1084,3,6,3
20190328109,1094,4,0,4
20190328110,1104,0,9,9
20190328111,1114,6,0,6
20190328112,1124,0,0,0
20190328113,1134,0,1,1
20190328114,1144,0,9,9
20190328115,1154,1,8,7
20190328116,1164,4,5,1
20190328117,1174,8,5,3
20190328118,1184,5,8,3
20190328119,1194,3,3,0
20190328120,1204,9,6,3
20190328121,1214,8,0,8
20190328122,1224,7,7,0
20190328123,1234,6,6,0
20190328124,1244,6,0,6
20190328125,1254,6,4,2
20190328126,1264,2,9,7
20190328127,1274,9,2,7
20190328128,1284,1,9,8
20190328129,1294,6,4,2
20190328130,1304,2,9,7
20190328131,1314,5,9,4
20190328132,1324,0,8,8
20190328133,1334,4,3,1
20190328134,1344,9,2,7
20190328135,1354,4,1,3
20190328136,1364,8,7,1
20190328137,1374,2,9,7
20190328138,1384,9,1,8
20190328139,1394,0,3,3
20190328140,1404,0,6,6
20190328141,1414,9,0,9
20190328142,1424,9,5,4
20190328143,1434,8,2,6
20190328144,1444,5,7,2
20190328145,1454,3,1,2
20190328146,1464,8,0,8
20190328147,1474,1,7,6
20190328148,1484,8,9,1
20190328149,1494,0,0,0
20190328150,1504,9,1,8
20190328151,1514,9,0,9
20190328152,1524,9,9,0
20190328153,1534,2,1,1
20190328154,1544,7,9,2
20190328155,1554,7,4,3
20190328156,1564,8,6,2
20190328157,1574,2,1,1
20190328158,1584,8,0,8
20190328159,1594,3,1,2
20190328160,1604,0,3,3
20190328161,1614,5,8,3
20190328162,1624,8,5,3
20190328163,1634,8,7,1
20190328164,1644,7,5,2
20190328165,1654,4,8,4
20190328166,1664,1,5,4
20190328167,1674,9,8,1
20190328168,1684,5,1,4
20190328169,1694,3,9,6
20190328170,1704,8,1,7
20190328171,1714,0,3,3
20190328172,1724,3,1,2
20190328173,1734,5,6,1
20190328174,1744,9,3,6
20190328175,1754,7,1,6
20190328176,1764,9,1,8
20190328177,1774,0,4,4
20190328178,1784,0,7,7
20190328179,1794,3,7,4
20190328180,1804,7,4,3
20190328181,1814,0,8,8
20190328182,1824,3,5,2
20190328183,1834,9,8,1
20190328184,1844,6,3,3
20190328185,1854,3,7,4
20190328186,1864,4,8,4
20190328187,1874,2,1,1
20190328188,1884,3,9,6
20190328189,1894,7,7,0
20190328190,1904,4,0,4
20190328191,1914,2,9,7
20190328192,1924,1,5,4
20190328193,1934,1,2,1
20190328194,1944,5,5,0
20190328195,1954,5,0,5
20190328196,1964,0,2,2
20190328197,1974,0,7,7
20190328198,1984,0,6,6
20190328199,1994,8,6,2
20190328200,2004,9,6,3
20190328201,2014,7,3,4
20190328202,2024,0,1,1
20190328203,2034,9,4,5
20190328204,2044,5,4,1
20190328205,2054,5,4,1
20190328206,2064,8,3,5
20190328207,2074,2,7,5
20190328208,2084,4,9,5
20190328209,2094,2,8,6
20190328210,2104,3,7,4
20190328211,2114,2,4,2
20190328212,2124,2,3,1
20190328213,2134,4,6,2
20190328214,2144,7,2,5
20190328215,2154,2,3,1
20190328216,2164,6,7,1
20190328217,2174,8,9,1
20190328218,2184,1,6,5
20190328219,2194,3,2,1
20190328220,2204,4,7,3
20190328221,2214,6,1,5
20190328222,2224,7,8,1
20190328223,2234,4,3,1
20190328224,2244,3,5,2
20190328225,2254,8,4,4
20190328226,2264,7,8,1
20190328227,2274,0,4,4
20190328228,2284,9,5,4
20190328229,2294,3,9,6
20190328230,2304,3,5,2
20190328231,2314,3,2,1
20190328232,2324,9,7,2
20190328233,2334,4,2,2
20190328234,2344,1,6,5
20190328235,2354,0,6,6
20190328236,2364,1,8,7
20190328237,2374,7,8,1
20190328238,2384,4,1,3
20190328239,2394,8,2,6
20190328240,2404,2,4,2
20190328241,2414,3,3,0
20190328242,2424,9,0,9
20190328243,2434,5,1,4
20190328244,2444,7,1,6
20190328245,2454,5,8,3
20190328246,2464,4,1,3
20190328247,2474,9,1,8
20190328248,2484,1,6,5
20190328249,2494,7,6,1
20190328250,2504,2,1,1
20190328251,2514,2,4,2
20190328252,2524,7,9,2
20190328253,2534,2,7,5
20190328254,2544,0,8,8
20190328255,2554,4,6,2
20190328256,2564,8,6,2
20190328257,2574,2,1,1
20190328258,2584,3,3,0
20190328259,2594,2,6,4
20190328260,2604,4,5,1
20190328261,2614,2,2,0
20190328262,2624,7,4,3
20190328263,2634,8,8,0
20190328264,2644,7,4,3
20190328265,2654,5,3,2
20190328266,2664,7,7,0
20190328267,2674,2,2,0
20190328268,2684,3,7,4
20190328269,2694,6,0,6
20190328270,2704,3,9,6
20190328271,2714,3,6,3
20190328272,2724,9,0,9
20190328273,2734,8,2,6
20190328274,2744,8,5,3
20190328275,2754,1,3,2
20190328276,2764,7,9,2
20190328277,2774,8,1,7
20190328278,2784,7,4,3
20190328279,2794,1,5,4
20190328280,2804,3,7,4
20190328281,2814,0,0,0
20190328282,2824,0,9,9
20190328283,2834,2,0,2
20190328284,2844,4,1,3
20190328285,2854,2,8,6
20190328286,2864,8,4,4
20190328287,2874,9,6,3
20190328288,2884,7,8,1
20190329001,15,7,1,6
20190329002,25,3,2,1
20190329003,35,6,8,2
20190329004,45,7,8,1
20190329005,55,2,4,2
20190329006,65,5,4,1
20190329007,75,9,1,8
20190329008,85,2,0,2
20190329009,95,6,5,1
20190329010,105,6,4,2
20190329011,115,5,8,3
20190329012,125,4,1,3
20190329013,135,3,5,2
20190329014,145,3,9,6
20190329015,155,6,5,1
20190329016,165,4,0,4
20190329017,175,4,5,1
20190329018,185,6,4,2
20190329019,195,9,9,0
20190329020,205,8,2,6
20190329021,215,6,7,1
20190329022,225,3,1,2
20190329023,235,4,7,3
20190329024,245,2,9,7
20190329025,255,7,6,1
20190329026,265,7,9,2
20190329027,275,4,1,3
20190329028,285,4,7,3
20190329029,295,7,1,6
20190329030,305,3,9,6
20190329031,315,1,9,8
20190329032,325,1,3,2
20190329033,335,9,8,1
20190329034,345,0,1,1
20190329035,355,1,1,0
20190329036,365,8,8,0
20190329037,375,7,7,0
20190329038,385,9,2,7
20190329039,395,3,7,4
20190329040,405,9,7,2
20190329041,415,1,1,0
20190329042,425,3,5,2
20190329043,435,6,2,4
20190329044,445,2,9,7
20190329045,455,4,2,2
20190329046,465,1,6,5
20190329047,475,4,5,1
20190329048,485,3,4,1
20190329049,495,5,6,1
20190329050,505,6,4,2
20190329051,515,6,2,4
20190329052,525,2,2,0
20190329053,535,5,3,2
20190329054,545,3,7,4
20190329055,555,7,1,6
20190329056,565,0,6,6
20190329057,575,5,9,4
20190329058,585,3,6,3
20190329059,595,1,1,0
20190329060,605,8,8,0
20190329061,615,7,8,1
20190329062,625,3,3,0
20190329063,635,5,5,0
20190329064,645,4,7,3
20190329065,655,7,4,3
20190329066,665,9,5,4
20190329067,675,2,9,7
20190329068,685,2,9,7
20190329069,695,8,7,1
20190329070,705,7,3,4
20190329071,715,3,0,3
20190329072,725,2,9,7
20190329073,735,5,1,4
20190329074,745,0,5,5
20190329075,755,9,2,7
20190329076,765,1,4,3
20190329077,775,8,6,2
20190329078,785,5,3,2
20190329079,795,7,3,4
20190329080,805,2,7,5
20190329081,815,1,7,6
20190329082,825,4,1,3
20190329083,835,7,5,2
20190329084,845,1,2,1
20190329085,855,8,6,2
20190329086,865,9,7,2
20190329087,875,0,3,3
20190329088,885,8,3,5
20190329089,895,6,5,1
20190329090,905,3,6,3
20190329091,915,5,8,3
20190329092,925,9,3,6
20190329093,935,1,7,6
20190329094,945,1,5,4
20190329095,955,5,0,5
20190329096,965,6,9,3
20190329097,975,9,7,2
20190329098,985,6,3,3
20190329099,995,3,3,0
20190329100,1005,6,0,6
20190329101,1015,1,8,7
20190329102,1025,3,3,0
20190329103,1035,7,2,5
20190329104,1045,4,8,4
20190329105,1055,9,5,4
20190329106,1065,3,7,4
20190329107,1075,0,9,9
20190329108,1085,2,8,6
20190329109,1095,7,0,7
20190329110,1105,7,5,2
20190329111,1115,6,5,1
20190329112,1125,7,0,7
20190329113,1135,4,4,0
20190329114,1145,7,3,4
20190329115,1155,7,5,2
20190329116,1165,2,0,2
20190329117,1175,1,5,4
20190329118,1185,7,1,6
20190329119,1195,9,6,3
20190329120,1205,8,2,6
20190329121,1215,1,3,2
20190329122,1225,6,2,4
20190329123,1235,0,0,0
20190329124,1245,8,0,8
20190329125,1255,7,8,1
20190329126,1265,9,2,7
20190329127,1275,2,6,4
20190329128,1285,5,0,5
20190329129,1295,0,1,1
20190329130,1305,8,6,2
20190329131,1315,2,2,0
20190329132,1325,1,4,3
20190329133,1335,6,1,5
20190329134,1345,4,0,4
20190329135,1355,0,2,2
20190329136,1365,4,9,5
20190329137,1375,9,0,9
20190329138,1385,1,0,1
20190329139,1395,4,1,3
20190329140,1405,3,2,1
20190329141,1415,5,8,3
20190329142,1425,2,7,5
20190329143,1435,5,3,2
20190329144,1445,1,3,2
20190329145,1455,2,5,3
20190329146,1465,9,5,4
20190329147,1475,8,3,5
20190329148,1485,5,9,4
20190329149,1495,5,4,1
20190329150,1505,3,3,0
20190329151,1515,8,8,0
20190329152,1525,0,9,9
20190329153,1535,5,1,4
20190329154,1545,5,5,0
20190329155,1555,6,2,4
20190329156,1565,9,5,4
20190329157,1575,0,2,2
20190329158,1585,3,0,3
20190329159,1595,2,5,3
20190329160,1605,8,1,7
20190329161,1615,1,8,7
20190329162,1625,3,6,3
20190329163,1635,6,6,0
20190329164,1645,9,2,7
20190329165,1655,0,6,6
20190329166,1665,2,4,2
20190329167,1675,6,6,0
20190329168,1685,4,8,4
20190329169,1695,1,5,4
20190329170,1705,5,9,4
20190329171,1715,2,5,3
20190329172,1725,0,3,3
20190329173,1735,4,0,4
20190329174,1745,1,8,7
20190329175,1755,4,7,3
20190329176,1765,8,1,7
20190329177,1775,8,6,2
20190329178,1785,6,1,5
20190329179,1795,0,5,5
20190329180,1805,9,5,4
20190329181,1815,4,6,2
20190329182,1825,0,2,2
20190329183,1835,6,1,5
20190329184,1845,6,6,0
20190329185,1855,2,9,7
20190329186,1865,0,5,5
20190329187,1875,9,6,3
20190329188,1885,9,4,5
20190329189,1895,2,9,7
20190329190,1905,0,0,0
20190329191,1915,4,4,0
20190329192,1925,8,5,3
20190329193,1935,6,5,1
20190329194,1945,1,4,3
20190329195,1955,6,7,1
20190329196,1965,2,9,7
20190329197,1975,3,5,2
20190329198,1985,4,8,4
20190329199,1995,8,8,0
20190329200,2005,7,1,6
20190329201,2015,9,6,3
20190329202,2025,1,4,3
20190329203,2035,9,7,2
20190329204,2045,8,5,3
20190329205,2055,8,9,1
20190329206,2065,5,7,2
20190329207,2075,2,5,3
20190329208,2085,6,7,1
20190329209,2095,4,5,1
20190329210,2105,0,3,3
20190329211,2115,3,9,6
20190329212,2125,8,5,3
20190329213,2135,5,9,4
20190329214,2145,7,1,6
20190329215,2155,4,2,2
20190329216,2165,4,0,4
20190329217,2175,1,1,0
20190329218,2185,4,6,2
20190329219,2195,1,2,1
20190329220,2205,2,2,0
20190329221,2215,5,9,4
20190329222,2225,2,3,1
20190329223,2235,9,1,8
20190329224,2245,8,0,8
20190329225,2255,7,2,5
20190329226,2265,4,2,2
20190329227,2275,3,1,2
20190329228,2285,2,4,2
20190329229,2295,4,5,1
20190329230,2305,7,4,3
20190329231,2315,6,4,2
20190329232,2325,3,2,1
20190329233,2335,8,7,1
20190329234,2345,2,0,2
20190329235,2355,6,4,2
20190329236,2365,6,9,3
20190329237,2375,1,8,7
20190329238,2385,1,5,4
20190329239,2395,3,4,1
20190329240,2405,5,1,4
20190329241,2415,5,2,3
20190329242,2425,1,5,4
20190329243,2435,9,1,8
20190329244,2445,1,3,2
20190329245,2455,4,6,2
20190329246,2465,0,3,3
20190329247,2475,7,0,7
20190329248,2485,5,2,3
20190329249,2495,8,1,7
20190329250,2505,7,4,3
20190329251,2515,0,0,0
20190329252,2525,2,3,1
20190329253,2535,0,2,2
20190329254,2545,8,9,1
20190329255,2555,8,4,4
20190329256,2565,4,5,1
20190329257,2575,8,2,6
20190329258,2585,7,9,2
20190329259,2595,6,0,6
20190329260,2605,0,7,7
20190329261,2615,4,0,4
20190329262,2625,9,4,5
20190329263,2635,5,7,2
20190329264,2645,5,0,5
20190329265,2655,9,2,7
20190329266,2665,1,5,4
20190329267,2675,7,5,2
20190329268,2685,9,3,6
20190329269,2695,7,5,2
20190329270,2705,8,0,8
20190329271,2715,6,7,1
20190329272,2725,6,1,5
20190329273,2735,0,1,1
20190329274,2745,3,9,6
20190329275,2755,1,7,6
20190329276,2765,0,5,5
20190329277,2775,9,8,1
20190329278,2785,7,2,5
20190329279,2795,2,9,7
20190329280,2805,6,6,0
20190329281,2815,4,1,3
20190329282,2825,5,4,1
20190329283,2835,3,1,2
20190329284,2845,2,4,2
20190329285,2855,0,4,4
20190329286,2865,3,4,1
20190329287,2875,9,9,0
20190329288,2885,8,0,8
20190330001,16,1,5,4
20190330002,26,3,1,2
20190330003,36,3,8,5
20190330004,46,7,2,5
20190330005,56,1,8,7
20190330006,66,3,9,6
20190330007,76,8,6,2
20190330008,86,9,7,2
20190330009,96,5,7,2
20190330010,106,0,2,2
20190330011,116,7,9,2
20190330012,126,3,6,3
20190330013,136,8,5,3
20190330014,146,9,4,5
20190330015,156,4,9,5
20190330016,166,7,5,2
20190330017,176,4,9,5
20190330018,186,5,4,1
20190330019,196,4,4,0
20190330020,206,5,4,1
20190330021,216,0,1,1
20190330022,226,3,8,5
20190330023,236,8,0,8
20190330024,246,8,0,8
20190330025,256,8,8,0
20190330026,266,3,7,4
20190330027,276,0,0,0
20190330028,286,2,8,6
20190330029,296,3,9,6
20190330030,306,2,6,4
20190330031,316,8,3,5
20190330032,326,1,9,8
20190330033,336,5,8,3
20190330034,346,7,1,6
20190330035,356,5,1,4
20190330036,366,6,0,6
20190330037,376,9,0,9
20190330038,386,0,4,4
20190330039,396,8,0,8
20190330040,406,0,1,1
20190330041,416,6,1,5
20190330042,426,3,9,6
20190330043,436,4,1,3
20190330044,446,9,5,4
20190330045,456,7,4,3
20190330046,466,0,8,8
20190330047,476,1,3,2
20190330048,486,4,4,0
20190330049,496,4,7,3
20190330050,506,2,9,7
20190330051,516,7,9,2
20190330052,526,3,0,3
20190330053,536,3,2,1
20190330054,546,7,7,0
20190330055,556,6,9,3
20190330056,566,0,2,2
20190330057,576,0,3,3
20190330058,586,8,4,4
20190330059,596,2,0,2
20190330060,606,9,1,8
20190330061,616,4,3,1
20190330062,626,5,1,4
20190330063,636,7,2,5
20190330064,646,7,8,1
20190330065,656,7,2,5
20190330066,666,5,5,0
20190330067,676,9,6,3
20190330068,686,8,3,5
20190330069,696,5,6,1
20190330070,706,7,1,6
20190330071,716,7,6,1
20190330072,726,3,1,2
20190330073,736,3,9,6
20190330074,746,5,2,3
20190330075,756,0,8,8
20190330076,766,3,7,4
20190330077,776,3,3,0
20190330078,786,8,7,1
20190330079,796,4,4,0
20190330080,806,6,7,1
20190330081,816,3,7,4
20190330082,826,0,0,0
20190330083,836,2,4,2
20190330084,846,5,3,2
20190330085,856,6,1,5
20190330086,866,8,2,6
20190330087,876,7,8,1
20190330088,886,6,7,1
20190330089,896,8,5,3
20190330090,906,4,6,2
20190330091,916,9,0,9
20190330092,926,8,8,0
20190330093,936,1,3,2
20190330094,946,2,3,1
20190330095,956,9,9,0
20190330096,966,8,8,0
20190330097,976,1,8,7
20190330098,986,0,3,3
20190330099,996,2,8,6
20190330100,1006,2,8,6
20190330101,1016,7,4,3
20190330102,1026,4,7,3
20190330103,1036,9,2,7
20190330104,1046,2,4,2
20190330105,1056,9,8,1
20190330106,1066,7,3,4
20190330107,1076,8,6,2
20190330108,1086,6,6,0
20190330109,1096,5,7,2
20190330110,1106,7,5,2
20190330111,1116,5,1,4
20190330112,1126,6,8,2
20190330113,1136,2,8,6
20190330114,1146,0,4,4
20190330115,1156,4,8,4
20190330116,1166,3,9,6
20190330117,1176,1,5,4
20190330118,1186,0,6,6
20190330119,1196,8,9,1
20190330120,1206,6,6,0
20190330121,1216,7,4,3
20190330122,1226,1,5,4
20190330123,1236,8,9,1
20190330124,1246,2,7,5
20190330125,1256,6,0,6
20190330126,1266,1,0,1
20190330127,1276,1,7,6
20190330128,1286,8,5,3
20190330129,1296,4,7,3
20190330130,1306,6,2,4
20190330131,1316,5,1,4
20190330132,1326,7,9,2
20190330133,1336,2,5,3
20190330134,1346,2,6,4
20190330135,1356,0,1,1
20190330136,1366,5,1,4
20190330137,1376,8,5,3
20190330138,1386,2,1,1
20190330139,1396,8,3,5
20190330140,1406,7,2,5
20190330141,1416,8,5,3
20190330142,1426,5,6,1
20190330143,1436,6,5,1
20190330144,1446,1,4,3
20190330145,1456,7,3,4
20190330146,1466,4,1,3
20190330147,1476,7,6,1
20190330148,1486,4,1,3
20190330149,1496,5,0,5
20190330150,1506,0,8,8
20190330151,1516,0,0,0
20190330152,1526,2,4,2
20190330153,1536,4,0,4
20190330154,1546,9,2,7
20190330155,1556,1,1,0
20190330156,1566,4,7,3
20190330157,1576,9,5,4
20190330158,1586,1,6,5
20190330159,1596,8,4,4
20190330160,1606,2,5,3
20190330161,1616,0,8,8
20190330162,1626,0,5,5
20190330163,1636,2,3,1
20190330164,1646,0,8,8
20190330165,1656,0,5,5
20190330166,1666,3,0,3
20190330167,1676,6,2,4
20190330168,1686,8,4,4
20190330169,1696,2,0,2
20190330170,1706,4,4,0
20190330171,1716,3,4,1
20190330172,1726,5,0,5
20190330173,1736,1,6,5
20190330174,1746,2,1,1
20190330175,1756,6,7,1
20190330176,1766,2,1,1
20190330177,1776,7,0,7
20190330178,1786,0,7,7
20190330179,1796,9,5,4
20190330180,1806,8,3,5
20190330181,1816,0,0,0
20190330182,1826,5,3,2
20190330183,1836,6,1,5
20190330184,1846,3,3,0
20190330185,1856,3,0,3
20190330186,1866,3,4,1
20190330187,1876,0,8,8
20190330188,1886,0,8,8
20190330189,1896,7,8,1
20190330190,1906,0,7,7
20190330191,1916,3,9,6
20190330192,1926,8,4,4
20190330193,1936,7,6,1
20190330194,1946,8,2,6
20190330195,1956,5,7,2
20190330196,1966,4,1,3
20190330197,1976,6,7,1
20190330198,1986,0,1,1
20190330199,1996,1,9,8
20190330200,2006,4,7,3
20190330201,2016,7,6,1
20190330202,2026,1,0,1
20190330203,2036,8,2,6
20190330204,2046,9,7,2
20190330205,2056,1,8,7
20190330206,2066,2,3,1
20190330207,2076,0,8,8
20190330208,2086,0,3,3
20190330209,2096,6,5,1
20190330210,2106,6,9,3
20190330211,2116,6,7,1
20190330212,2126,6,9,3
20190330213,2136,7,0,7
20190330214,2146,9,3,6
20190330215,2156,7,6,1
20190330216,2166,9,2,7
20190330217,2176,0,1,1
20190330218,2186,5,3,2
20190330219,2196,7,8,1
20190330220,2206,5,9,4
20190330221,2216,0,6,6
20190330222,2226,0,0,0
20190330223,2236,3,5,2
20190330224,2246,2,6,4
20190330225,2256,6,5,1
20190330226,2266,6,8,2
20190330227,2276,6,5,1
20190330228,2286,7,6,1
20190330229,2296,7,2,5
20190330230,2306,3,5,2
20190330231,2316,0,3,3
20190330232,2326,7,9,2
20190330233,2336,6,3,3
20190330234,2346,6,6,0
20190330235,2356,3,1,2
20190330236,2366,3,5,2
20190330237,2376,3,9,6
20190330238,2386,5,4,1
20190330239,2396,4,4,0
20190330240,2406,4,1,3
20190330241,2416,0,9,9
20190330242,2426,9,9,0
20190330243,2436,6,1,5
20190330244,2446,1,9,8
20190330245,2456,7,2,5
20190330246,2466,6,2,4
20190330247,2476,8,6,2
20190330248,2486,6,2,4
20190330249,2496,9,3,6
20190330250,2506,5,9,4
20190330251,2516,7,4,3
20190330252,2526,7,6,1
20190330253,2536,9,0,9
20190330254,2546,8,8,0
20190330255,2556,8,2,6
20190330256,2566,6,6,0
20190330257,2576,2,7,5
20190330258,2586,3,7,4
20190330259,2596,8,1,7
20190330260,2606,7,0,7
20190330261,2616,6,3,3
20190330262,2626,6,8,2
20190330263,2636,8,4,4
20190330264,2646,7,2,5
20190330265,2656,1,0,1
20190330266,2666,0,1,1
20190330267,2676,1,0,1
20190330268,2686,8,1,7
20190330269,2696,4,9,5
20190330270,2706,6,6,0
20190330271,2716,2,0,2
20190330272,2726,3,0,3
20190330273,2736,2,0,2
20190330274,2746,4,9,5
20190330275,2756,7,5,2
20190330276,2766,2,7,5
20190330277,2776,4,3,1
20190330278,2786,1,3,2
20190330279,2796,3,2,1
20190330280,2806,5,9,4
20190330281,2816,8,0,8
20190330282,2826,3,8,5
20190330283,2836,2,4,2
20190330284,2846,7,5,2
20190330285,2856,9,7,2
20190330286,2866,4,3,1
20190330287,2876,9,4,5
20190330288,2886,0,5,5
20190331001,17,3,1,2
20190331002,27,6,0,6
20190331003,37,8,7,1
20190331004,47,9,5,4
20190331005,57,1,0,1
20190331006,67,1,5,4
20190331007,77,0,7,7
20190331008,87,2,2,0
20190331009,97,8,9,1
20190331010,107,6,4,2
20190331011,117,8,9,1
20190331012,127,7,9,2
20190331013,137,5,8,3
20190331014,147,7,5,2
20190331015,157,3,0,3
20190331016,167,0,3,3
20190331017,177,7,6,1
20190331018,187,6,5,1
20190331019,197,3,8,5
20190331020,207,3,5,2
20190331021,217,8,3,5
20190331022,227,1,9,8
20190331023,237,0,2,2
20190331024,247,0,7,7
20190331025,257,0,9,9
20190331026,267,8,1,7
20190331027,277,1,5,4
20190331028,287,2,6,4
20190331029,297,5,5,0
20190331030,307,1,5,4
20190331031,317,7,5,2
20190331032,327,4,5,1
20190331033,337,7,8,1
20190331034,347,5,5,0
20190331035,357,6,4,2
20190331036,367,7,6,1
20190331037,377,4,1,3
20190331038,387,9,2,7
20190331039,397,4,7,3
20190331040,407,9,0,9
20190331041,417,0,1,1
20190331042,427,5,1,4
20190331043,437,0,2,2
20190331044,447,6,5,1
20190331045,457,6,5,1
20190331046,467,5,4,1
20190331047,477,1,5,4
20190331048,487,8,0,8
20190331049,497,2,9,7
20190331050,507,0,6,6
20190331051,517,7,2,5
20190331052,527,9,3,6
20190331053,537,8,9,1
20190331054,547,3,6,3
20190331055,557,1,8,7
20190331056,567,8,2,6
20190331057,577,7,5,2
20190331058,587,9,3,6
20190331059,597,5,9,4
20190331060,607,1,4,3
20190331061,617,0,8,8
20190331062,627,1,4,3
20190331063,637,1,0,1
20190331064,647,7,9,2
20190331065,657,1,3,2
20190331066,667,9,5,4
20190331067,677,7,1,6
20190331068,687,3,8,5
20190331069,697,9,6,3
20190331070,707,2,9,7
20190331071,717,9,0,9
20190331072,727,2,4,2
20190331073,737,0,0,0
20190331074,747,7,5,2
20190331075,757,6,5,1
20190331076,767,5,8,3
20190331077,777,7,3,4
20190331078,787,2,6,4
20190331079,797,8,0,8
20190331080,807,8,4,4
20190331081,817,6,1,5
20190331082,827,7,2,5
20190331083,837,5,4,1
20190331084,847,9,3,6
20190331085,857,9,3,6
20190331086,867,0,9,9
20190331087,877,8,3,5
20190331088,887,9,7,2
20190331089,897,6,1,5
20190331090,907,5,4,1
20190331091,917,2,8,6
20190331092,927,2,6,4
20190331093,937,6,6,0
20190331094,947,0,5,5
20190331095,957,2,2,0
20190331096,967,3,9,6
20190331097,977,9,2,7
20190331098,987,9,1,8
20190331099,997,3,7,4
20190331100,1007,0,7,7
20190331101,1017,0,6,6
20190331102,1027,4,1,3
20190331103,1037,9,6,3
20190331104,1047,8,4,4
20190331105,1057,8,8,0
20190331106,1067,5,7,2
20190331107,1077,8,7,1
20190331108,1087,8,8,0
20190331109,1097,9,2,7
20190331110,1107,1,3,2
20190331111,1117,6,1,5
20190331112,1127,4,3,1
20190331113,1137,0,6,6
20190331114,1147,1,8,7
20190331115,1157,6,8,2
20190331116,1167,9,5,4
20190331117,1177,4,1,3
20190331118,1187,0,0,0
20190331119,1197,1,1,0
20190331120,1207,6,4,2
20190331121,1217,3,7,4
20190331122,1227,5,0,5
20190331123,1237,7,0,7
20190331124,1247,4,3,1
20190331125,1257,6,9,3
20190331126,1267,2,4,2
20190331127,1277,4,1,3
20190331128,1287,9,6,3
20190331129,1297,2,1,1
20190331130,1307,0,3,3
20190331131,1317,8,0,8
20190331132,1327,1,0,1
20190331133,1337,0,7,7
20190331134,1347,2,5,3
20190331135,1357,1,8,7
20190331136,1367,4,0,4
20190331137,1377,4,5,1
20190331138,1387,3,2,1
20190331139,1397,1,1,0
20190331140,1407,4,3,1
20190331141,1417,8,7,1
20190331142,1427,0,2,2
20190331143,1437,6,9,3
20190331144,1447,5,5,0
20190331145,1457,7,0,7
20190331146,1467,4,8,4
20190331147,1477,5,4,1
20190331148,1487,1,4,3
20190331149,1497,5,9,4
20190331150,1507,0,7,7
20190331151,1517,3,4,1
20190331152,1527,5,8,3
20190331153,1537,5,3,2
20190331154,1547,9,2,7
20190331155,1557,9,3,6
20190331156,1567,4,3,1
20190331157,1577,3,9,6
20190331158,1587,5,8,3
20190331159,1597,5,1,4
20190331160,1607,2,4,2
20190331161,1617,0,1,1
20190331162,1627,8,9,1
20190331163,1637,5,8,3
20190331164,1647,7,0,7
20190331165,1657,3,4,1
20190331166,1667,7,1,6
20190331167,1677,8,4,4
20190331168,1687,8,1,7
20190331169,1697,3,7,4
20190331170,1707,9,2,7
20190331171,1717,1,6,5
20190331172,1727,8,1,7
20190331173,1737,2,1,1
20190331174,1747,9,1,8
20190331175,1757,0,5,5
20190331176,1767,0,1,1
20190331177,1777,2,4,2
20190331178,1787,7,4,3
20190331179,1797,8,2,6
20190331180,1807,2,8,6
20190331181,1817,8,2,6
20190331182,1827,9,8,1
20190331183,1837,0,6,6
20190331184,1847,7,8,1
20190331185,1857,3,2,1
20190331186,1867,7,0,7
20190331187,1877,9,0,9
20190331188,1887,6,1,5
20190331189,1897,4,0,4
20190331190,1907,0,7,7
20190331191,1917,2,4,2
20190331192,1927,6,8,2
20190331193,1937,6,1,5
20190331194,1947,5,3,2
20190331195,1957,7,4,3
20190331196,1967,7,8,1
20190331197,1977,6,5,1
20190331198,1987,5,0,5
20190331199,1997,0,7,7
20190331200,2007,1,9,8
20190331201,2017,2,4,2
20190331202,2027,7,0,7
20190331203,2037,5,1,4
20190331204,2047,1,6,5
20190331205,2057,3,3,0
20190331206,2067,5,8,3
20190331207,2077,6,0,6
20190331208,2087,8,9,1
20190331209,2097,1,7,6
20190331210,2107,4,8,4
20190331211,2117,0,3,3
20190331212,2127,0,6,6
20190331213,2137,4,4,0
20190331214,2147,8,0,8
20190331215,2157,1,8,7
20190331216,2167,6,2,4
20190331217,2177,8,5,3
20190331218,2187,8,8,0
20190331219,2197,0,9,9
20190331220,2207,5,9,4
20190331221,2217,7,9,2
20190331222,2227,9,6,3
20190331223,2237,0,3,3
20190331224,2247,0,4,4
20190331225,2257,8,0,8
20190331226,2267,7,8,1
20190331227,2277,7,0,7
20190331228,2287,7,3,4
20190331229,2297,1,2,1
20190331230,2307,3,6,3
20190331231,2317,5,9,4
20190331232,2327,3,8,5
20190331233,2337,4,7,3
20190331234,2347,1,7,6
20190331235,2357,3,1,2
20190331236,2367,5,8,3
20190331237,2377,9,2,7
20190331238,2387,3,8,5
20190331239,2397,3,5,2
20190331240,2407,4,9,5
20190331241,2417,3,1,2
20190331242,2427,7,2,5
20190331243,2437,3,2,1
20190331244,2447,3,6,3
20190331245,2457,1,6,5
20190331246,2467,9,8,1
20190331247,2477,0,5,5
20190331248,2487,4,6,2
20190331249,2497,3,4,1
20190331250,2507,4,8,4
20190331251,2517,7,3,4
20190331252,2527,0,9,9
20190331253,2537,6,5,1
20190331254,2547,6,3,3
20190331255,2557,8,1,7
20190331256,2567,2,2,0
20190331257,2577,8,9,1
20190331258,2587,1,2,1
20190331259,2597,7,1,6
20190331260,2607,5,1,4
20190331261,2617,2,0,2
20190331262,2627,8,8,0
20190331263,2637,0,9,9
20190331264,2647,1,3,2
20190331265,2657,9,6,3
20190331266,2667,1,2,1
20190331267,2677,4,8,4
20190331268,2687,7,8,1
20190331269,2697,5,6,1
20190331270,2707,9,2,7
20190331271,2717,0,5,5
20190331272,2727,9,1,8
20190331273,2737,3,1,2
20190331274,2747,6,8,2
20190331275,2757,1,6,5
20190331276,2767,0,6,6
20190331277,2777,7,7,0
20190331278,2787,3,5,2
20190331279,2797,5,9,4
20190331280,2807,8,4,4
20190331281,2817,6,8,2
20190331282,2827,9,6,3
20190331283,2837,0,4,4
20190331284,2847,4,5,1
20190331285,2857,6,5,1
20190331286,2867,8,2,6
20190331287,2877,3,6,3
20190331288,2887,2,9,7
20190401001,11,8,1,7
20190401002,21,2,1,1
20190401003,31,5,1,4
20190401004,41,4,1,3
20190401005,51,3,9,6
20190401006,61,6,4,2
20190401007,71,2,3,1
20190401008,81,3,3,0
20190401009,91,2,9,7
20190401010,101,2,5,3
20190401011,111,5,2,3
20190401012,121,2,2,0
20190401013,131,6,3,3
20190401014,141,5,2,3
20190401015,151,3,6,3
20190401016,161,8,9,1
20190401017,171,3,4,1
20190401018,181,7,9,2
20190401019,191,7,9,2
20190401020,201,9,6,3
20190401021,211,3,5,2
20190401022,221,8,9,1
20190401023,231,4,6,2
20190401024,241,3,9,6
20190401025,251,1,3,2
20190401026,261,2,3,1
20190401027,271,3,2,1
20190401028,281,2,7,5
20190401029,291,5,0,5
20190401030,301,5,9,4
20190401031,311,4,9,5
20190401032,321,2,1,1
20190401033,331,5,3,2
20190401034,341,5,8,3
20190401035,351,9,7,2
20190401036,361,4,0,4
20190401037,371,0,7,7
20190401038,381,5,8,3
20190401039,391,6,2,4
20190401040,401,7,9,2
20190401041,411,0,8,8
20190401042,421,4,4,0
20190401043,431,3,3,0
20190401044,441,3,1,2
20190401045,451,4,8,4
20190401046,461,0,7,7
20190401047,471,1,5,4
20190401048,481,8,5,3
20190401049,491,8,7,1
20190401050,501,7,5,2
20190401051,511,4,2,2
20190401052,521,0,2,2
20190401053,531,4,2,2
20190401054,541,8,8,0
20190401055,551,1,4,3
20190401056,561,3,9,6
20190401057,571,3,8,5
20190401058,581,6,1,5
20190401059,591,3,5,2
20190401060,601,0,3,3
20190401061,611,2,2,0
20190401062,621,8,3,5
20190401063,631,2,0,2
20190401064,641,6,6,0
20190401065,651,5,0,5
20190401066,661,9,3,6
20190401067,671,1,5,4
20190401068,681,3,7,4
20190401069,691,5,2,3
20190401070,701,7,7,0
20190401071,711,9,1,8
20190401072,721,5,7,2
20190401073,731,2,6,4
20190401074,741,0,4,4
20190401075,751,8,2,6
20190401076,761,9,0,9
20190401077,771,4,2,2
20190401078,781,5,3,2
20190401079,791,7,4,3
20190401080,801,3,9,6
20190401081,811,1,1,0
20190401082,821,1,7,6
20190401083,831,9,7,2
20190401084,841,8,6,2
20190401085,851,9,3,6
20190401086,861,5,2,3
20190401087,871,4,7,3
20190401088,881,5,0,5
20190401089,891,9,6,3
20190401090,901,4,5,1
20190401091,911,4,8,4
20190401092,921,9,5,4
20190401093,931,5,5,0
20190401094,941,8,0,8
20190401095,951,4,7,3
20190401096,961,3,9,6
20190401097,971,0,5,5
20190401098,981,7,6,1
20190401099,991,9,2,7
20190401100,1001,0,5,5
20190401101,1011,6,4,2
20190401102,1021,4,2,2
20190401103,1031,1,5,4
20190401104,1041,9,5,4
20190401105,1051,8,5,3
20190401106,1061,5,5,0
20190401107,1071,0,8,8
20190401108,1081,0,6,6
20190401109,1091,7,6,1
20190401110,1101,6,4,2
20190401111,1111,0,8,8
20190401112,1121,1,0,1
20190401113,1131,7,7,0
20190401114,1141,0,1,1
20190401115,1151,2,5,3
20190401116,1161,1,1,0
20190401117,1171,1,1,0
20190401118,1181,7,4,3
20190401119,1191,8,1,7
20190401120,1201,0,6,6
20190401121,1211,6,9,3
20190401122,1221,0,6,6
20190401123,1231,9,4,5
20190401124,1241,3,7,4
20190401125,1251,0,1,1
20190401126,1261,7,7,0
20190401127,1271,7,7,0
20190401128,1281,9,8,1
20190401129,1291,2,2,0
20190401130,1301,6,1,5
20190401131,1311,1,5,4
20190401132,1321,7,6,1
20190401133,1331,3,4,1
20190401134,1341,2,4,2
20190401135,1351,0,8,8
20190401136,1361,9,6,3
20190401137,1371,7,5,2
20190401138,1381,4,4,0
20190401139,1391,3,8,5
20190401140,1401,8,1,7
20190401141,1411,2,7,5
20190401142,1421,7,5,2
20190401143,1431,0,1,1
20190401144,1441,1,7,6
20190401145,1451,4,5,1
20190401146,1461,2,1,1
20190401147,1471,6,9,3
20190401148,1481,3,0,3
20190401149,1491,1,8,7
20190401150,1501,2,2,0
20190401151,1511,5,5,0
20190401152,1521,4,9,5
20190401153,1531,5,5,0
20190401154,1541,8,5,3
20190401155,1551,3,4,1
20190401156,1561,6,7,1
20190401157,1571,7,5,2
20190401158,1581,8,1,7
20190401159,1591,4,0,4
20190401160,1601,6,7,1
20190401161,1611,6,1,5
20190401162,1621,4,0,4
20190401163,1631,4,1,3
20190401164,1641,4,3,1
20190401165,1651,1,7,6
20190401166,1661,9,8,1
20190401167,1671,2,3,1
20190401168,1681,9,9,0
20190401169,1691,1,5,4
20190401170,1701,6,5,1
20190401171,1711,5,7,2
20190401172,1721,7,3,4
20190401173,1731,6,6,0
20190401174,1741,4,3,1
20190401175,1751,6,8,2
20190401176,1761,9,3,6
20190401177,1771,5,8,3
20190401178,1781,9,9,0
20190401179,1791,9,7,2
20190401180,1801,8,3,5
20190401181,1811,1,6,5
20190401182,1821,6,1,5
20190401183,1831,7,8,1
20190401184,1841,1,4,3
20190401185,1851,5,7,2
20190401186,1861,8,7,1
20190401187,1871,0,1,1
20190401188,1881,0,3,3
20190401189,1891,0,9,9
20190401190,1901,4,0,4
20190401191,1911,7,9,2
20190401192,1921,2,9,7
20190401193,1931,3,4,1
20190401194,1941,2,0,2
20190401195,1951,7,9,2
20190401196,1961,4,4,0
20190401197,1971,0,2,2
20190401198,1981,5,1,4
20190401199,1991,0,6,6
20190401200,2001,0,2,2
20190401201,2011,6,5,1
20190401202,2021,3,2,1
20190401203,2031,6,9,3
20190401204,2041,8,9,1
20190401205,2051,8,3,5
20190401206,2061,3,7,4
20190401207,2071,3,9,6
20190401208,2081,6,9,3
20190401209,2091,8,0,8
20190401210,2101,3,4,1
20190401211,2111,5,5,0
20190401212,2121,8,7,1
20190401213,2131,5,0,5
20190401214,2141,8,6,2
20190401215,2151,6,9,3
20190401216,2161,6,0,6
20190401217,2171,3,3,0
20190401218,2181,1,7,6
20190401219,2191,3,1,2
20190401220,2201,7,1,6
20190401221,2211,6,3,3
20190401222,2221,7,9,2
20190401223,2231,2,4,2
20190401224,2241,0,8,8
20190401225,2251,0,3,3
20190401226,2261,5,7,2
20190401227,2271,8,8,0
20190401228,2281,2,2,0
20190401229,2291,3,1,2
20190401230,2301,6,1,5
20190401231,2311,4,3,1
20190401232,2321,9,0,9
20190401233,2331,7,1,6
20190401234,2341,7,4,3
20190401235,2351,1,0,1
20190401236,2361,3,8,5
20190401237,2371,4,5,1
20190401238,2381,8,0,8
20190401239,2391,1,3,2
20190401240,2401,5,5,0
20190401241,2411,6,2,4
20190401242,2421,5,9,4
20190401243,2431,7,3,4
20190401244,2441,9,2,7
20190401245,2451,8,7,1
20190401246,2461,0,5,5
20190401247,2471,8,0,8
20190401248,2481,3,6,3
20190401249,2491,3,5,2
20190401250,2501,6,1,5
20190401251,2511,3,2,1
20190401252,2521,1,8,7
20190401253,2531,3,3,0
20190401254,2541,8,1,7
20190401255,2551,5,0,5
20190401256,2561,7,4,3
20190401257,2571,4,8,4
20190401258,2581,7,3,4
20190401259,2591,9,8,1
20190401260,2601,2,5,3
20190401261,2611,9,9,0
20190401262,2621,5,5,0
20190401263,2631,5,3,2
20190401264,2641,6,2,4
20190401265,2651,8,4,4
20190401266,2661,8,2,6
20190401267,2671,2,5,3
20190401268,2681,8,6,2
20190401269,2691,2,1,1
20190401270,2701,0,9,9
20190401271,2711,9,0,9
20190401272,2721,6,6,0
20190401273,2731,2,8,6
20190401274,2741,1,6,5
20190401275,2751,0,5,5
20190401276,2761,0,7,7
20190401277,2771,1,7,6
20190401278,2781,6,3,3
20190401279,2791,8,6,2
20190401280,2801,5,2,3
20190401281,2811,3,0,3
20190401282,2821,1,4,3
20190401283,2831,9,6,3
20190401284,2841,4,2,2
20190401285,2851,5,7,2
20190401286,2861,8,7,1
20190401287,2871,2,1,1
20190401288,2881,5,7,2
20190402001,12,0,8,8
20190402002,22,2,6,4
20190402003,32,8,8,0
20190402004,42,5,9,4
20190402005,52,2,8,6
20190402006,62,8,0,8
20190402007,72,6,9,3
20190402008,82,2,2,0
20190402009,92,4,3,1
20190402010,102,8,5,3
20190402011,112,8,0,8
20190402012,122,4,1,3
20190402013,132,2,6,4
20190402014,142,3,3,0
20190402015,152,4,7,3
20190402016,162,9,6,3
20190402017,172,4,8,4
20190402018,182,0,5,5
20190402019,192,2,6,4
20190402020,202,8,1,7
20190402021,212,5,3,2
20190402022,222,6,7,1
20190402023,232,9,7,2
20190402024,242,2,3,1
20190402025,252,1,6,5
20190402026,262,7,4,3
20190402027,272,6,2,4
20190402028,282,7,2,5
20190402029,292,1,9,8
20190402030,302,7,0,7
20190402031,312,9,6,3
20190402032,322,7,6,1
20190402033,332,6,4,2
20190402034,342,2,9,7
20190402035,352,3,8,5
20190402036,362,4,0,4
20190402037,372,0,2,2
20190402038,382,4,0,4
20190402039,392,3,7,4
20190402040,402,2,0,2
20190402041,412,3,5,2
20190402042,422,8,3,5
20190402043,432,4,2,2
20190402044,442,9,0,9
20190402045,452,5,3,2
20190402046,462,1,2,1
20190402047,472,6,2,4
20190402048,482,0,4,4
20190402049,492,1,0,1
20190402050,502,7,8,1
20190402051,512,1,9,8
20190402052,522,3,6,3
20190402053,532,7,4,3
20190402054,542,0,9,9
20190402055,552,8,2,6
20190402056,562,4,3,1
20190402057,572,1,3,2
20190402058,582,2,7,5
20190402059,592,0,5,5
20190402060,602,2,1,1
20190402061,612,6,3,3
20190402062,622,7,6,1
20190402063,632,5,7,2
20190402064,642,4,2,2
20190402065,652,3,6,3
20190402066,662,1,7,6
20190402067,672,0,0,0
20190402068,682,7,0,7
20190402069,692,9,8,1
20190402070,702,0,5,5
20190402071,712,9,9,0
20190402072,722,2,6,4
20190402073,732,9,2,7
20190402074,742,3,0,3
20190402075,752,0,4,4
20190402076,762,9,9,0
20190402077,772,8,2,6
20190402078,782,8,4,4
20190402079,792,6,0,6
20190402080,802,4,4,0
20190402081,812,5,9,4
20190402082,822,8,7,1
20190402083,832,5,6,1
20190402084,842,9,0,9
20190402085,852,9,8,1
20190402086,862,1,8,7
20190402087,872,3,1,2
20190402088,882,4,4,0
20190402089,892,3,2,1
20190402090,902,7,2,5
20190402091,912,3,4,1
20190402092,922,8,8,0
20190402093,932,2,7,5
20190402094,942,2,9,7
20190402095,952,4,4,0
20190402096,962,3,1,2
20190402097,972,4,4,0
20190402098,982,7,0,7
20190402099,992,3,9,6
20190402100,1002,6,4,2
20190402101,1012,4,6,2
20190402102,1022,7,2,5
20190402103,1032,2,7,5
20190402104,1042,3,8,5
20190402105,1052,6,1,5
20190402106,1062,8,3,5
20190402107,1072,2,1,1
20190402108,1082,6,9,3
20190402109,1092,1,2,1
20190402110,1102,2,9,7
20190402111,1112,0,5,5
20190402112,1122,2,6,4
20190402113,1132,0,2,2
20190402114,1142,6,2,4
20190402115,1152,1,3,2
20190402116,1162,7,6,1
20190402117,1172,1,7,6
20190402118,1182,6,9,3
20190402119,1192,3,9,6
20190402120,1202,1,7,6
20190402121,1212,2,9,7
20190402122,1222,3,1,2
20190402123,1232,6,1,5
20190402124,1242,2,9,7
20190402125,1252,7,4,3
20190402126,1262,6,9,3
20190402127,1272,8,8,0
20190402128,1282,6,7,1
20190402129,1292,3,7,4
20190402130,1302,5,8,3
20190402131,1312,4,4,0
20190402132,1322,2,4,2
20190402133,1332,4,4,0
20190402134,1342,8,4,4
20190402135,1352,7,6,1
20190402136,1362,6,3,3
20190402137,1372,9,6,3
20190402138,1382,3,2,1
20190402139,1392,4,8,4
20190402140,1402,6,7,1
20190402141,1412,4,3,1
20190402142,1422,7,4,3
20190402143,1432,0,8,8
20190402144,1442,3,0,3
20190402145,1452,9,8,1
20190402146,1462,8,2,6
20190402147,1472,7,0,7
20190402148,1482,7,1,6
20190402149,1492,8,0,8
20190402150,1502,4,2,2
20190402151,1512,4,8,4
20190402152,1522,4,0,4
20190402153,1532,1,9,8
20190402154,1542,4,8,4
20190402155,1552,0,4,4
20190402156,1562,2,5,3
20190402157,1572,9,9,0
20190402158,1582,6,2,4
20190402159,1592,6,0,6
20190402160,1602,9,6,3
20190402161,1612,0,3,3
20190402162,1622,1,1,0
20190402163,1632,5,8,3
20190402164,1642,6,6,0
20190402165,1652,3,9,6
20190402166,1662,1,7,6
20190402167,1672,9,1,8
20190402168,1682,0,6,6
20190402169,1692,8,4,4
20190402170,1702,4,3,1
20190402171,1712,2,1,1
20190402172,1722,0,0,0
20190402173,1732,7,6,1
20190402174,1742,8,6,2
20190402175,1752,5,8,3
20190402176,1762,5,6,1
20190402177,1772,4,1,3
20190402178,1782,7,4,3
20190402179,1792,8,4,4
20190402180,1802,2,1,1
20190402181,1812,8,7,1
20190402182,1822,0,7,7
20190402183,1832,3,8,5
20190402184,1842,3,8,5
20190402185,1852,4,5,1
20190402186,1862,9,4,5
20190402187,1872,0,3,3
20190402188,1882,3,2,1
20190402189,1892,6,2,4
20190402190,1902,7,2,5
20190402191,1912,8,4,4
20190402192,1922,8,6,2
20190402193,1932,0,0,0
20190402194,1942,7,6,1
20190402195,1952,1,9,8
20190402196,1962,9,6,3
20190402197,1972,4,0,4
20190402198,1982,0,0,0
20190402199,1992,7,6,1
20190402200,2002,9,3,6
20190402201,2012,6,3,3
20190402202,2022,9,9,0
20190402203,2032,8,6,2
20190402204,2042,0,2,2
20190402205,2052,9,3,6
20190402206,2062,9,6,3
20190402207,2072,1,0,1
20190402208,2082,6,6,0
20190402209,2092,0,7,7
20190402210,2102,8,8,0
20190402211,2112,9,9,0
20190402212,2122,2,8,6
20190402213,2132,2,6,4
20190402214,2142,2,9,7
20190402215,2152,4,4,0
20190402216,2162,0,4,4
20190402217,2172,8,3,5
20190402218,2182,4,1,3
20190402219,2192,9,5,4
20190402220,2202,1,9,8
20190402221,2212,2,3,1
20190402222,2222,0,5,5
20190402223,2232,0,3,3
20190402224,2242,9,3,6
20190402225,2252,5,9,4
20190402226,2262,4,5,1
20190402227,2272,4,3,1
20190402228,2282,6,0,6
20190402229,2292,7,9,2
20190402230,2302,0,1,1
20190402231,2312,2,1,1
20190402232,2322,6,2,4
20190402233,2332,7,6,1
20190402234,2342,4,3,1
20190402235,2352,8,6,2
20190402236,2362,4,6,2
20190402237,2372,4,7,3
20190402238,2382,3,0,3
20190402239,2392,9,7,2
20190402240,2402,4,5,1
20190402241,2412,0,0,0
20190402242,2422,1,9,8
20190402243,2432,6,6,0
20190402244,2442,8,8,0
20190402245,2452,4,8,4
20190402246,2462,8,2,6
20190402247,2472,8,0,8
20190402248,2482,0,4,4
20190402249,2492,6,0,6
20190402250,2502,9,3,6
20190402251,2512,8,0,8
20190402252,2522,6,4,2
20190402253,2532,6,8,2
20190402254,2542,9,1,8
20190402255,2552,5,6,1
20190402256,2562,3,6,3
20190402257,2572,8,1,7
20190402258,2582,8,3,5
20190402259,2592,8,4,4
20190402260,2602,6,1,5
20190402261,2612,6,2,4
20190402262,2622,2,4,2
20190402263,2632,0,9,9
20190402264,2642,4,1,3
20190402265,2652,9,7,2
20190402266,2662,6,5,1
20190402267,2672,3,8,5
20190402268,2682,4,6,2
20190402269,2692,7,1,6
20190402270,2702,4,8,4
20190402271,2712,2,7,5
20190402272,2722,8,3,5
20190402273,2732,7,6,1
20190402274,2742,0,0,0
20190402275,2752,7,9,2
20190402276,2762,6,8,2
20190402277,2772,6,7,1
20190402278,2782,1,4,3
20190402279,2792,9,6,3
20190402280,2802,1,0,1
20190402281,2812,0,7,7
20190402282,2822,9,0,9
20190402283,2832,6,8,2
20190402284,2842,1,7,6
20190402285,2852,7,9,2
20190402286,2862,2,9,7
20190402287,2872,7,2,5
20190402288,2882,8,7,1
20190403001,13,7,3,4
20190403002,23,6,0,6
20190403003,33,7,4,3
20190403004,43,8,0,8
20190403005,53,8,4,4
20190403006,63,7,5,2
20190403007,73,8,3,5
20190403008,83,2,7,5
20190403009,93,3,4,1
20190403010,103,9,5,4
20190403011,113,3,9,6
20190403012,123,0,5,5
20190403013,133,7,4,3
20190403014,143,5,8,3
20190403015,153,8,4,4
20190403016,163,2,4,2
20190403017,173,6,2,4
20190403018,183,2,8,6
20190403019,193,8,6,2
20190403020,203,0,1,1
20190403021,213,5,2,3
20190403022,223,1,3,2
20190403023,233,9,1,8
20190403024,243,6,7,1
20190403025,253,5,4,1
20190403026,263,0,8,8
20190403027,273,3,4,1
20190403028,283,6,2,4
20190403029,293,8,8,0
20190403030,303,5,4,1
20190403031,313,0,5,5
20190403032,323,4,6,2
20190403033,333,5,9,4
20190403034,343,2,6,4
20190403035,353,8,8,0
20190403036,363,5,3,2
20190403037,373,7,7,0
20190403038,383,3,2,1
20190403039,393,8,2,6
20190403040,403,3,7,4
20190403041,413,5,8,3
20190403042,423,6,9,3
20190403043,433,9,0,9
20190403044,443,8,6,2
20190403045,453,8,8,0
20190403046,463,2,3,1
20190403047,473,0,5,5
20190403048,483,1,8,7
20190403049,493,9,2,7
20190403050,503,4,4,0
20190403051,513,8,7,1
20190403052,523,4,5,1
20190403053,533,0,6,6
20190403054,543,1,8,7
20190403055,553,6,5,1
20190403056,563,6,3,3
20190403057,573,7,6,1
20190403058,583,6,1,5
20190403059,593,8,5,3
20190403060,603,5,5,0
20190403061,613,9,7,2
20190403062,623,8,3,5
20190403063,633,0,4,4
20190403064,643,9,8,1
20190403065,653,9,2,7
20190403066,663,0,4,4
20190403067,673,4,0,4
20190403068,683,0,1,1
20190403069,693,8,7,1
20190403070,703,7,2,5
20190403071,713,6,1,5
20190403072,723,6,8,2
20190403073,733,3,7,4
20190403074,743,9,7,2
20190403075,753,1,7,6
20190403076,763,6,3,3
20190403077,773,7,5,2
20190403078,783,4,2,2
20190403079,793,7,1,6
20190403080,803,5,9,4
20190403081,813,9,5,4
20190403082,823,6,1,5
20190403083,833,4,1,3
20190403084,843,2,2,0
20190403085,853,3,9,6
20190403086,863,0,9,9
20190403087,873,5,6,1
20190403088,883,9,5,4
20190403089,893,0,6,6
20190403090,903,0,5,5
20190403091,913,6,2,4
20190403092,923,7,8,1
20190403093,933,1,8,7
20190403094,943,4,0,4
20190403095,953,9,3,6
20190403096,963,5,4,1
20190403097,973,1,2,1
20190403098,983,2,8,6
20190403099,993,9,3,6
20190403100,1003,7,3,4
20190403101,1013,8,3,5
20190403102,1023,0,6,6
20190403103,1033,2,7,5
20190403104,1043,5,4,1
20190403105,1053,8,1,7
20190403106,1063,6,7,1
20190403107,1073,9,2,7
20190403108,1083,1,6,5
20190403109,1093,9,7,2
20190403110,1103,7,9,2
20190403111,1113,3,5,2
20190403112,1123,8,1,7
20190403113,1133,3,3,0
20190403114,1143,2,1,1
20190403115,1153,5,1,4
20190403116,1163,9,8,1
20190403117,1173,5,3,2
20190403118,1183,0,1,1
20190403119,1193,7,8,1
20190403120,1203,8,4,4
20190403121,1213,4,7,3
20190403122,1223,0,8,8
20190403123,1233,8,0,8
20190403124,1243,7,1,6
20190403125,1253,2,1,1
20190403126,1263,4,0,4
20190403127,1273,7,1,6
20190403128,1283,2,0,2
20190403129,1293,3,7,4
20190403130,1303,6,5,1
20190403131,1313,3,6,3
20190403132,1323,1,9,8
20190403133,1333,6,3,3
20190403134,1343,8,8,0
20190403135,1353,3,6,3
20190403136,1363,2,8,6
20190403137,1373,3,4,1
20190403138,1383,3,7,4
20190403139,1393,1,5,4
20190403140,1403,8,1,7
20190403141,1413,4,3,1
20190403142,1423,9,0,9
20190403143,1433,9,7,2
20190403144,1443,4,7,3
20190403145,1453,4,9,5
20190403146,1463,8,0,8
20190403147,1473,6,3,3
20190403148,1483,8,6,2
20190403149,1493,9,9,0
20190403150,1503,1,8,7
20190403151,1513,6,2,4
20190403152,1523,7,9,2
20190403153,1533,4,9,5
20190403154,1543,1,5,4
20190403155,1553,7,5,2
20190403156,1563,9,5,4
20190403157,1573,3,2,1
20190403158,1583,1,3,2
20190403159,1593,4,0,4
20190403160,1603,3,5,2
20190403161,1613,4,4,0
20190403162,1623,2,3,1
20190403163,1633,1,0,1
20190403164,1643,7,3,4
20190403165,1653,2,6,4
20190403166,1663,6,0,6
20190403167,1673,6,0,6
20190403168,1683,0,6,6
20190403169,1693,3,2,1
20190403170,1703,4,8,4
20190403171,1713,8,6,2
20190403172,1723,2,0,2
20190403173,1733,8,2,6
20190403174,1743,7,5,2
20190403175,1753,5,0,5
20190403176,1763,4,4,0
20190403177,1773,8,0,8
20190403178,1783,8,2,6
20190403179,1793,7,9,2
20190403180,1803,1,3,2
20190403181,1813,4,9,5
20190403182,1823,5,4,1
20190403183,1833,0,5,5
20190403184,1843,4,0,4
20190403185,1853,6,9,3
20190403186,1863,5,6,1
20190403187,1873,0,8,8
20190403188,1883,1,5,4
20190403189,1893,9,6,3
20190403190,1903,4,3,1
20190403191,1913,1,0,1
20190403192,1923,1,2,1
20190403193,1933,0,2,2
20190403194,1943,0,1,1
20190403195,1953,5,0,5
20190403196,1963,1,2,1
20190403197,1973,8,6,2
20190403198,1983,9,5,4
20190403199,1993,5,7,2
20190403200,2003,6,3,3
20190403201,2013,0,8,8
20190403202,2023,0,2,2
20190403203,2033,1,2,1
20190403204,2043,7,1,6
20190403205,2053,5,4,1
20190403206,2063,8,5,3
20190403207,2073,6,2,4
20190403208,2083,6,3,3
20190403209,2093,7,9,2
20190403210,2103,1,5,4
20190403211,2113,3,0,3
20190403212,2123,4,3,1
20190403213,2133,0,8,8
20190403214,2143,7,3,4
20190403215,2153,0,3,3
20190403216,2163,2,3,1
20190403217,2173,2,0,2
20190403218,2183,7,7,0
20190403219,2193,2,2,0
20190403220,2203,6,2,4
20190403221,2213,0,3,3
20190403222,2223,7,2,5
20190403223,2233,8,0,8
20190403224,2243,8,5,3
20190403225,2253,1,2,1
20190403226,2263,7,4,3
20190403227,2273,2,6,4
20190403228,2283,9,3,6
20190403229,2293,9,8,1
20190403230,2303,5,9,4
20190403231,2313,1,9,8
20190403232,2323,4,7,3
20190403233,2333,8,4,4
20190403234,2343,3,9,6
20190403235,2353,5,5,0
20190403236,2363,7,4,3
20190403237,2373,3,9,6
20190403238,2383,6,4,2
20190403239,2393,5,7,2
20190403240,2403,8,2,6
20190403241,2413,3,2,1
20190403242,2423,3,1,2
20190403243,2433,2,3,1
20190403244,2443,0,0,0
20190403245,2453,6,3,3
20190403246,2463,5,7,2
20190403247,2473,4,5,1
20190403248,2483,7,5,2
20190403249,2493,7,3,4
20190403250,2503,1,3,2
20190403251,2513,2,4,2
20190403252,2523,3,3,0
20190403253,2533,6,8,2
20190403254,2543,9,5,4
20190403255,2553,7,8,1
20190403256,2563,1,3,2
20190403257,2573,1,1,0
20190403258,2583,2,1,1
20190403259,2593,5,3,2
20190403260,2603,3,7,4
20190403261,2613,9,6,3
20190403262,2623,5,4,1
20190403263,2633,3,5,2
20190403264,2643,7,0,7
20190403265,2653,4,5,1
20190403266,2663,4,7,3
20190403267,2673,5,3,2
20190403268,2683,6,0,6
20190403269,2693,9,3,6
20190403270,2703,6,7,1
20190403271,2713,9,5,4
20190403272,2723,0,6,6
20190403273,2733,8,5,3
20190403274,2743,4,7,3
20190403275,2753,8,6,2
20190403276,2763,1,9,8
20190403277,2773,2,8,6
20190403278,2783,3,4,1
20190403279,2793,8,2,6
20190403280,2803,3,5,2
20190403281,2813,9,9,0
20190403282,2823,7,8,1
20190403283,2833,9,0,9
20190403284,2843,2,8,6
20190403285,2853,1,2,1
20190403286,2863,2,8,6
20190403287,2873,0,8,8
20190403288,2883,7,2,5
20190404001,14,3,3,0
20190404002,24,4,7,3
20190404003,34,8,5,3
20190404004,44,4,1,3
20190404005,54,6,1,5
20190404006,64,1,0,1
20190404007,74,3,7,4
20190404008,84,0,0,0
20190404009,94,5,2,3
20190404010,104,5,2,3
20190404011,114,8,4,4
20190404012,124,8,6,2
20190404013,134,9,7,2
20190404014,144,1,8,7
20190404015,154,6,9,3
20190404016,164,0,0,0
20190404017,174,5,9,4
20190404018,184,9,3,6
20190404019,194,3,4,1
20190404020,204,8,6,2
20190404021,214,1,6,5
20190404022,224,9,1,8
20190404023,234,3,8,5
20190404024,244,8,2,6
20190404025,254,9,2,7
20190404026,264,6,8,2
20190404027,274,8,7,1
20190404028,284,8,7,1
20190404029,294,1,9,8
20190404030,304,3,3,0
20190404031,314,0,4,4
20190404032,324,2,3,1
20190404033,334,4,2,2
20190404034,344,3,2,1
20190404035,354,6,5,1
20190404036,364,0,4,4
20190404037,374,8,3,5
20190404038,384,2,6,4
20190404039,394,8,3,5
20190404040,404,9,0,9
20190404041,414,8,6,2
20190404042,424,0,9,9
20190404043,434,6,2,4
20190404044,444,6,9,3
20190404045,454,2,0,2
20190404046,464,5,4,1
20190404047,474,8,4,4
20190404048,484,6,8,2
20190404049,494,7,1,6
20190404050,504,4,9,5
20190404051,514,4,2,2
20190404052,524,3,8,5
20190404053,534,8,5,3
20190404054,544,9,2,7
20190404055,554,4,0,4
20190404056,564,4,1,3
20190404057,574,4,1,3
20190404058,584,0,9,9
20190404059,594,3,0,3
20190404060,604,9,2,7
20190404061,614,5,1,4
20190404062,624,1,5,4
20190404063,634,1,5,4
20190404064,644,6,3,3
20190404065,654,9,9,0
20190404066,664,3,2,1
20190404067,674,7,7,0
20190404068,684,1,3,2
20190404069,694,0,2,2
20190404070,704,2,0,2
20190404071,714,6,6,0
20190404072,724,3,7,4
20190404073,734,3,4,1
20190404074,744,4,4,0
20190404075,754,0,4,4
20190404076,764,0,6,6
20190404077,774,0,6,6
20190404078,784,9,4,5
20190404079,794,8,1,7
20190404080,804,3,9,6
20190404081,814,4,0,4
20190404082,824,7,9,2
20190404083,834,1,4,3
20190404084,844,7,3,4
20190404085,854,4,9,5
20190404086,864,0,4,4
20190404087,874,7,9,2
20190404088,884,9,7,2
20190404089,894,8,4,4
20190404090,904,3,3,0
20190404091,914,3,3,0
20190404092,924,6,1,5
20190404093,934,5,7,2
20190404094,944,1,8,7
20190404095,954,5,0,5
20190404096,964,9,5,4
20190404097,974,9,1,8
20190404098,984,2,5,3
20190404099,994,3,8,5
20190404100,1004,4,7,3
20190404101,1014,8,5,3
20190404102,1024,3,8,5
20190404103,1034,3,3,0
20190404104,1044,8,0,8
20190404105,1054,6,5,1
20190404106,1064,9,7,2
20190404107,1074,7,1,6
20190404108,1084,4,8,4
20190404109,1094,4,0,4
20190404110,1104,7,0,7
20190404111,1114,3,3,0
20190404112,1124,4,4,0
20190404113,1134,9,5,4
20190404114,1144,3,4,1
20190404115,1154,5,6,1
20190404116,1164,8,6,2
20190404117,1174,2,5,3
20190404118,1184,2,6,4
20190404119,1194,2,1,1
20190404120,1204,5,9,4
20190404121,1214,8,1,7
20190404122,1224,9,3,6
20190404123,1234,0,1,1
20190404124,1244,2,0,2
20190404125,1254,0,0,0
20190404126,1264,9,2,7
20190404127,1274,4,2,2
20190404128,1284,3,3,0
20190404129,1294,4,4,0
20190404130,1304,1,8,7
20190404131,1314,9,2,7
20190404132,1324,4,8,4
20190404133,1334,4,6,2
20190404134,1344,7,8,1
20190404135,1354,4,8,4
20190404136,1364,6,9,3
20190404137,1374,1,3,2
20190404138,1384,5,2,3
20190404139,1394,0,8,8
20190404140,1404,6,3,3
20190404141,1414,7,5,2
20190404142,1424,5,7,2
20190404143,1434,6,6,0
20190404144,1444,4,7,3
20190404145,1454,4,6,2
20190404146,1464,8,9,1
20190404147,1474,4,9,5
20190404148,1484,7,4,3
20190404149,1494,1,0,1
20190404150,1504,9,6,3
20190404151,1514,2,5,3
20190404152,1524,5,5,0
20190404153,1534,5,8,3
20190404154,1544,0,3,3
20190404155,1554,6,7,1
20190404156,1564,0,7,7
20190404157,1574,1,4,3
20190404158,1584,7,4,3
20190404159,1594,9,1,8
20190404160,1604,5,4,1
20190404161,1614,6,6,0
20190404162,1624,3,4,1
20190404163,1634,8,4,4
20190404164,1644,8,1,7
20190404165,1654,9,4,5
20190404166,1664,0,7,7
20190404167,1674,9,8,1
20190404168,1684,8,5,3
20190404169,1694,8,4,4
20190404170,1704,0,4,4
20190404171,1714,5,3,2
20190404172,1724,6,8,2
20190404173,1734,4,8,4
20190404174,1744,5,6,1
20190404175,1754,0,6,6
20190404176,1764,5,9,4
20190404177,1774,1,5,4
20190404178,1784,1,0,1
20190404179,1794,0,2,2
20190404180,1804,6,6,0
20190404181,1814,7,3,4
20190404182,1824,4,5,1
20190404183,1834,0,9,9
20190404184,1844,0,8,8
20190404185,1854,3,8,5
20190404186,1864,2,3,1
20190404187,1874,5,8,3
20190404188,1884,9,0,9
20190404189,1894,3,8,5
20190404190,1904,5,5,0
20190404191,1914,3,9,6
20190404192,1924,3,8,5
20190404193,1934,9,8,1
20190404194,1944,8,4,4
20190404195,1954,8,7,1
20190404196,1964,4,6,2
20190404197,1974,4,0,4
20190404198,1984,9,3,6
20190404199,1994,8,3,5
20190404200,2004,8,3,5
20190404201,2014,4,1,3
20190404202,2024,5,4,1
20190404203,2034,5,5,0
20190404204,2044,6,4,2
20190404205,2054,2,5,3
20190404206,2064,6,7,1
20190404207,2074,9,9,0
20190404208,2084,7,4,3
20190404209,2094,9,8,1
20190404210,2104,0,3,3
20190404211,2114,5,0,5
20190404212,2124,7,8,1
20190404213,2134,2,7,5
20190404214,2144,6,4,2
20190404215,2154,9,7,2
20190404216,2164,9,0,9
20190404217,2174,1,1,0
20190404218,2184,2,7,5
20190404219,2194,7,1,6
20190404220,2204,1,3,2
20190404221,2214,3,4,1
20190404222,2224,9,0,9
20190404223,2234,3,3,0
20190404224,2244,3,7,4
20190404225,2254,9,5,4
20190404226,2264,0,8,8
20190404227,2274,7,3,4
20190404228,2284,7,9,2
20190404229,2294,0,6,6
20190404230,2304,8,8,0
20190404231,2314,3,8,5
20190404232,2324,5,7,2
20190404233,2334,8,6,2
20190404234,2344,9,9,0
20190404235,2354,8,1,7
20190404236,2364,2,4,2
20190404237,2374,6,3,3
20190404238,2384,1,5,4
20190404239,2394,5,5,0
20190404240,2404,1,4,3
20190404241,2414,5,1,4
20190404242,2424,0,6,6
20190404243,2434,1,2,1
20190404244,2444,0,6,6
20190404245,2454,0,5,5
20190404246,2464,2,4,2
20190404247,2474,9,1,8
20190404248,2484,1,4,3
20190404249,2494,4,2,2
20190404250,2504,7,5,2
20190404251,2514,2,8,6
20190404252,2524,8,8,0
20190404253,2534,2,2,0
20190404254,2544,6,9,3
20190404255,2554,0,5,5
20190404256,2564,0,2,2
20190404257,2574,6,4,2
20190404258,2584,7,4,3
20190404259,2594,6,6,0
20190404260,2604,6,6,0
20190404261,2614,8,0,8
20190404262,2624,2,3,1
20190404263,2634,8,2,6
20190404264,2644,2,9,7
20190404265,2654,9,9,0
20190404266,2664,2,5,3
20190404267,2674,1,2,1
20190404268,2684,4,1,3
20190404269,2694,0,8,8
20190404270,2704,4,6,2
20190404271,2714,1,3,2
20190404272,2724,6,1,5
20190404273,2734,3,8,5
20190404274,2744,8,6,2
20190404275,2754,7,1,6
20190404276,2764,8,0,8
20190404277,2774,7,1,6
20190404278,2784,1,5,4
20190404279,2794,6,5,1
20190404280,2804,8,8,0
20190404281,2814,1,5,4
20190404282,2824,2,7,5
20190404283,2834,0,9,9
20190404284,2844,6,5,1
20190404285,2854,6,5,1
20190404286,2864,9,7,2
20190404287,2874,7,8,1
20190404288,2884,2,8,6
20190405001,15,7,0,7
20190405002,25,3,5,2
20190405003,35,6,2,4
20190405004,45,7,7,0
20190405005,55,5,0,5
20190405006,65,4,9,5
20190405007,75,3,5,2
20190405008,85,4,9,5
20190405009,95,0,3,3
20190405010,105,6,5,1
20190405011,115,2,5,3
20190405012,125,7,0,7
20190405013,135,8,8,0
20190405014,145,5,4,1
20190405015,155,0,7,7
20190405016,165,7,4,3
20190405017,175,5,6,1
20190405018,185,2,5,3
20190405019,195,4,4,0
20190405020,205,7,8,1
20190405021,215,5,7,2
20190405022,225,8,2,6
20190405023,235,5,7,2
20190405024,245,7,4,3
20190405025,255,0,8,8
20190405026,265,5,3,2
20190405027,275,2,3,1
20190405028,285,6,5,1
20190405029,295,5,6,1
20190405030,305,1,6,5
20190405031,315,3,3,0
20190405032,325,6,4,2
20190405033,335,7,4,3
20190405034,345,9,7,2
20190405035,355,1,3,2
20190405036,365,3,7,4
20190405037,375,0,1,1
20190405038,385,6,0,6
20190405039,395,3,1,2
20190405040,405,8,6,2
20190405041,415,0,0,0
20190405042,425,3,8,5
20190405043,435,5,4,1
20190405044,445,8,0,8
20190405045,455,4,5,1
20190405046,465,7,9,2
20190405047,475,5,8,3
20190405048,485,3,6,3
20190405049,495,2,4,2
20190405050,505,4,9,5
20190405051,515,6,6,0
20190405052,525,5,0,5
20190405053,535,5,6,1
20190405054,545,5,9,4
20190405055,555,4,7,3
20190405056,565,3,4,1
20190405057,575,7,4,3
20190405058,585,9,2,7
20190405059,595,2,0,2
20190405060,605,7,5,2
20190405061,615,1,6,5
20190405062,625,7,3,4
20190405063,635,6,5,1
20190405064,645,6,4,2
20190405065,655,8,1,7
20190405066,665,0,2,2
20190405067,675,0,5,5
20190405068,685,8,4,4
20190405069,695,9,6,3
20190405070,705,7,6,1
20190405071,715,9,1,8
20190405072,725,5,0,5
20190405073,735,5,5,0
20190405074,745,7,8,1
20190405075,755,8,2,6
20190405076,765,6,8,2
20190405077,775,1,9,8
20190405078,785,2,8,6
20190405079,795,4,6,2
20190405080,805,0,3,3
20190405081,815,0,6,6
20190405082,825,7,9,2
20190405083,835,5,6,1
20190405084,845,9,3,6
20190405085,855,9,3,6
20190405086,865,2,3,1
20190405087,875,5,0,5
20190405088,885,2,0,2
20190405089,895,1,8,7
20190405090,905,0,6,6
20190405091,915,0,7,7
20190405092,925,2,5,3
20190405093,935,9,3,6
20190405094,945,5,8,3
20190405095,955,4,7,3
20190405096,965,1,5,4
20190405097,975,7,8,1
20190405098,985,0,1,1
20190405099,995,3,6,3
20190405100,1005,0,9,9
20190405101,1015,9,1,8
20190405102,1025,6,6,0
20190405103,1035,7,4,3
20190405104,1045,6,2,4
20190405105,1055,1,9,8
20190405106,1065,8,7,1
20190405107,1075,3,0,3
20190405108,1085,5,1,4
20190405109,1095,8,7,1
20190405110,1105,7,3,4
20190405111,1115,5,5,0
20190405112,1125,5,5,0
20190405113,1135,0,9,9
20190405114,1145,3,8,5
20190405115,1155,7,3,4
20190405116,1165,1,0,1
20190405117,1175,0,6,6
20190405118,1185,8,6,2
20190405119,1195,7,7,0
20190405120,1205,4,4,0
20190405121,1215,2,0,2
20190405122,1225,5,5,0
20190405123,1235,5,2,3
20190405124,1245,8,7,1
20190405125,1255,4,1,3
20190405126,1265,7,2,5
20190405127,1275,2,0,2
20190405128,1285,1,8,7
20190405129,1295,4,1,3
20190405130,1305,7,2,5
20190405131,1315,5,5,0
20190405132,1325,4,8,4
20190405133,1335,6,5,1
20190405134,1345,4,2,2
20190405135,1355,2,4,2
20190405136,1365,3,7,4
20190405137,1375,0,4,4
20190405138,1385,9,3,6
20190405139,1395,3,4,1
20190405140,1405,0,7,7
20190405141,1415,9,9,0
20190405142,1425,6,9,3
20190405143,1435,4,9,5
20190405144,1445,7,4,3
20190405145,1455,8,7,1
20190405146,1465,4,6,2
20190405147,1475,1,7,6
20190405148,1485,9,9,0
20190405149,1495,2,7,5
20190405150,1505,2,8,6
20190405151,1515,3,4,1
20190405152,1525,6,4,2
20190405153,1535,4,5,1
20190405154,1545,1,4,3
20190405155,1555,1,3,2
20190405156,1565,4,6,2
20190405157,1575,9,8,1
20190405158,1585,6,0,6
20190405159,1595,3,6,3
20190405160,1605,3,4,1
20190405161,1615,4,2,2
20190405162,1625,2,1,1
20190405163,1635,8,5,3
20190405164,1645,4,0,4
20190405165,1655,8,8,0
20190405166,1665,8,4,4
20190405167,1675,4,3,1
20190405168,1685,0,2,2
20190405169,1695,7,0,7
20190405170,1705,2,5,3
20190405171,1715,9,0,9
20190405172,1725,8,8,0
20190405173,1735,1,8,7
20190405174,1745,7,9,2
20190405175,1755,9,6,3
20190405176,1765,3,3,0
20190405177,1775,9,3,6
20190405178,1785,1,5,4
20190405179,1795,0,2,2
20190405180,1805,6,3,3
20190405181,1815,6,5,1
20190405182,1825,1,0,1
20190405183,1835,6,9,3
20190405184,1845,2,3,1
20190405185,1855,7,1,6
20190405186,1865,2,5,3
20190405187,1875,5,2,3
20190405188,1885,0,2,2
20190405189,1895,9,7,2
20190405190,1905,4,1,3
20190405191,1915,2,6,4
20190405192,1925,3,6,3
20190405193,1935,8,3,5
20190405194,1945,0,4,4
20190405195,1955,4,4,0
20190405196,1965,5,8,3
20190405197,1975,5,7,2
20190405198,1985,6,4,2
20190405199,1995,9,1,8
20190405200,2005,3,4,1
20190405201,2015,4,5,1
20190405202,2025,6,2,4
20190405203,2035,6,0,6
20190405204,2045,8,2,6
20190405205,2055,6,5,1
20190405206,2065,2,4,2
20190405207,2075,1,5,4
20190405208,2085,0,5,5
20190405209,2095,9,0,9
20190405210,2105,2,4,2
20190405211,2115,3,8,5
20190405212,2125,1,2,1
20190405213,2135,2,5,3
20190405214,2145,0,4,4
20190405215,2155,6,8,2
20190405216,2165,0,0,0
20190405217,2175,1,0,1
20190405218,2185,0,3,3
20190405219,2195,6,2,4
20190405220,2205,3,0,3
20190405221,2215,5,2,3
20190405222,2225,1,9,8
20190405223,2235,4,9,5
20190405224,2245,1,8,7
20190405225,2255,1,4,3
20190405226,2265,1,4,3
20190405227,2275,0,7,7
20190405228,2285,0,0,0
20190405229,2295,0,7,7
20190405230,2305,3,0,3
20190405231,2315,3,5,2
20190405232,2325,0,2,2
20190405233,2335,5,5,0
20190405234,2345,2,7,5
20190405235,2355,2,6,4
20190405236,2365,4,2,2
20190405237,2375,2,2,0
20190405238,2385,2,6,4
20190405239,2395,9,4,5
20190405240,2405,5,4,1
20190405241,2415,8,4,4
20190405242,2425,9,5,4
20190405243,2435,5,0,5
20190405244,2445,6,9,3
20190405245,2455,0,3,3
20190405246,2465,4,3,1
20190405247,2475,7,8,1
20190405248,2485,6,1,5
20190405249,2495,0,8,8
20190405250,2505,3,2,1
20190405251,2515,9,6,3
20190405252,2525,2,2,0
20190405253,2535,0,0,0
20190405254,2545,4,7,3
20190405255,2555,4,6,2
20190405256,2565,7,5,2
20190405257,2575,7,0,7
20190405258,2585,3,1,2
20190405259,2595,2,5,3
20190405260,2605,0,8,8
20190405261,2615,1,8,7
20190405262,2625,9,0,9
20190405263,2635,6,7,1
20190405264,2645,0,3,3
20190405265,2655,5,7,2
20190405266,2665,3,8,5
20190405267,2675,4,1,3
20190405268,2685,0,4,4
20190405269,2695,0,3,3
20190405270,2705,3,3,0
20190405271,2715,3,0,3
20190405272,2725,2,0,2
20190405273,2735,6,0,6
20190405274,2745,2,5,3
20190405275,2755,9,5,4
20190405276,2765,9,3,6
20190405277,2775,6,5,1
20190405278,2785,8,5,3
20190405279,2795,7,6,1
20190405280,2805,1,9,8
20190405281,2815,2,0,2
20190405282,2825,1,8,7
20190405283,2835,5,5,0
20190405284,2845,2,0,2
20190405285,2855,6,4,2
20190405286,2865,0,0,0
20190405287,2875,2,1,1
20190405288,2885,3,9,6
20190406001,16,8,4,4
20190406002,26,5,1,4
20190406003,36,4,0,4
20190406004,46,0,2,2
20190406005,56,8,9,1
20190406006,66,2,3,1
20190406007,76,6,6,0
20190406008,86,3,6,3
20190406009,96,6,9,3
20190406010,106,8,4,4
20190406011,116,3,6,3
20190406012,126,1,3,2
20190406013,136,8,0,8
20190406014,146,7,9,2
20190406015,156,1,4,3
20190406016,166,6,0,6
20190406017,176,6,5,1
20190406018,186,2,9,7
20190406019,196,5,3,2
20190406020,206,5,1,4
20190406021,216,9,1,8
20190406022,226,6,3,3
20190406023,236,7,9,2
20190406024,246,3,5,2
20190406025,256,9,9,0
20190406026,266,0,9,9
20190406027,276,7,3,4
20190406028,286,0,2,2
20190406029,296,6,3,3
20190406030,306,7,7,0
20190406031,316,6,5,1
20190406032,326,3,8,5
20190406033,336,2,3,1
20190406034,346,9,1,8
20190406035,356,8,2,6
20190406036,366,4,1,3
20190406037,376,5,7,2
20190406038,386,3,2,1
20190406039,396,9,6,3
20190406040,406,5,4,1
20190406041,416,9,4,5
20190406042,426,3,9,6
20190406043,436,4,1,3
20190406044,446,8,8,0
20190406045,456,0,4,4
20190406046,466,4,3,1
20190406047,476,8,8,0
20190406048,486,0,0,0
20190406049,496,9,9,0
20190406050,506,0,2,2
20190406051,516,3,1,2
20190406052,526,5,4,1
20190406053,536,5,3,2
20190406054,546,9,7,2
20190406055,556,9,6,3
20190406056,566,3,0,3
20190406057,576,0,8,8
20190406058,586,7,1,6
20190406059,596,2,2,0
20190406060,606,8,0,8
20190406061,616,9,8,1
20190406062,626,0,1,1
20190406063,636,2,4,2
20190406064,646,4,1,3
20190406065,656,7,0,7
20190406066,666,6,0,6
20190406067,676,4,1,3
20190406068,686,8,9,1
20190406069,696,2,6,4
20190406070,706,5,3,2
20190406071,716,3,8,5
20190406072,726,4,7,3
20190406073,736,1,4,3
20190406074,746,9,4,5
20190406075,756,9,4,5
20190406076,766,4,6,2
20190406077,776,6,3,3
20190406078,786,5,3,2
20190406079,796,4,9,5
20190406080,806,6,2,4
20190406081,816,3,7,4
20190406082,826,7,8,1
20190406083,836,1,6,5
20190406084,846,5,7,2
20190406085,856,7,3,4
20190406086,866,3,3,0
20190406087,876,4,3,1
20190406088,886,3,2,1
20190406089,896,2,0,2
20190406090,906,0,7,7
20190406091,916,4,6,2
20190406092,926,3,1,2
20190406093,936,2,3,1
20190406094,946,6,4,2
20190406095,956,4,8,4
20190406096,966,8,1,7
20190406097,976,5,5,0
20190406098,986,0,0,0
20190406099,996,7,4,3
20190406100,1006,9,8,1
20190406101,1016,6,3,3
20190406102,1026,3,9,6
20190406103,1036,5,5,0
20190406104,1046,3,8,5
20190406105,1056,2,4,2
20190406106,1066,9,0,9
20190406107,1076,9,5,4
20190406108,1086,1,0,1
20190406109,1096,8,5,3
20190406110,1106,3,4,1
20190406111,1116,2,8,6
20190406112,1126,9,0,9
20190406113,1136,8,6,2
20190406114,1146,8,9,1
20190406115,1156,4,0,4
20190406116,1166,6,0,6
20190406117,1176,9,6,3
20190406118,1186,3,1,2
20190406119,1196,5,1,4
20190406120,1206,0,8,8
20190406121,1216,4,2,2
20190406122,1226,3,1,2
20190406123,1236,8,8,0
20190406124,1246,1,6,5
20190406125,1256,9,1,8
20190406126,1266,6,1,5
20190406127,1276,0,3,3
20190406128,1286,8,6,2
20190406129,1296,4,6,2
20190406130,1306,2,5,3
20190406131,1316,7,0,7
20190406132,1326,3,4,1
20190406133,1336,3,0,3
20190406134,1346,5,5,0
20190406135,1356,9,0,9
20190406136,1366,5,7,2
20190406137,1376,3,0,3
20190406138,1386,4,6,2
20190406139,1396,8,9,1
20190406140,1406,9,6,3
20190406141,1416,5,0,5
20190406142,1426,9,5,4
20190406143,1436,1,1,0
20190406144,1446,3,1,2
20190406145,1456,2,6,4
20190406146,1466,2,3,1
20190406147,1476,2,5,3
20190406148,1486,5,0,5
20190406149,1496,9,9,0
20190406150,1506,9,2,7
20190406151,1516,8,4,4
20190406152,1526,6,5,1
20190406153,1536,6,0,6
20190406154,1546,3,2,1
20190406155,1556,4,0,4
20190406156,1566,7,6,1
20190406157,1576,6,5,1
20190406158,1586,5,4,1
20190406159,1596,0,9,9
20190406160,1606,1,5,4
20190406161,1616,6,1,5
20190406162,1626,7,4,3
20190406163,1636,6,9,3
20190406164,1646,3,4,1
20190406165,1656,8,3,5
20190406166,1666,4,5,1
20190406167,1676,7,2,5
20190406168,1686,4,1,3
20190406169,1696,4,0,4
20190406170,1706,9,0,9
20190406171,1716,3,4,1
20190406172,1726,2,7,5
20190406173,1736,8,2,6
20190406174,1746,1,4,3
20190406175,1756,1,6,5
20190406176,1766,0,3,3
20190406177,1776,7,6,1
20190406178,1786,9,3,6
20190406179,1796,9,0,9
20190406180,1806,5,7,2
20190406181,1816,5,8,3
20190406182,1826,4,2,2
20190406183,1836,2,1,1
20190406184,1846,5,7,2
20190406185,1856,8,9,1
20190406186,1866,0,9,9
20190406187,1876,2,7,5
20190406188,1886,7,0,7
20190406189,1896,6,7,1
20190406190,1906,2,1,1
20190406191,1916,9,2,7
20190406192,1926,1,3,2
20190406193,1936,1,3,2
20190406194,1946,1,4,3
20190406195,1956,2,6,4
20190406196,1966,6,7,1
20190406197,1976,4,2,2
20190406198,1986,8,5,3
20190406199,1996,8,7,1
20190406200,2006,7,6,1
20190406201,2016,5,8,3
20190406202,2026,4,6,2
20190406203,2036,6,0,6
20190406204,2046,4,5,1
20190406205,2056,5,6,1
20190406206,2066,7,3,4
20190406207,2076,0,4,4
20190406208,2086,0,4,4
20190406209,2096,6,0,6
20190406210,2106,8,3,5
20190406211,2116,5,9,4
20190406212,2126,6,4,2
20190406213,2136,2,4,2
20190406214,2146,0,6,6
20190406215,2156,9,6,3
20190406216,2166,1,4,3
20190406217,2176,1,4,3
20190406218,2186,1,8,7
20190406219,2196,9,1,8
20190406220,2206,1,0,1
20190406221,2216,0,7,7
20190406222,2226,4,9,5
20190406223,2236,3,1,2
20190406224,2246,8,7,1
20190406225,2256,1,0,1
20190406226,2266,9,3,6
20190406227,2276,9,2,7
20190406228,2286,1,1,0
20190406229,2296,6,1,5
20190406230,2306,2,9,7
20190406231,2316,9,7,2
20190406232,2326,2,6,4
20190406233,2336,6,6,0
20190406234,2346,5,7,2
20190406235,2356,4,8,4
20190406236,2366,4,5,1
20190406237,2376,4,1,3
20190406238,2386,0,9,9
20190406239,2396,6,8,2
20190406240,2406,2,9,7
20190406241,2416,5,5,0
20190406242,2426,8,4,4
20190406243,2436,0,9,9
20190406244,2446,9,4,5
20190406245,2456,5,4,1
20190406246,2466,6,3,3
20190406247,2476,3,7,4
20190406248,2486,9,7,2
20190406249,2496,1,2,1
20190406250,2506,8,9,1
20190406251,2516,6,5,1
20190406252,2526,6,6,0
20190406253,2536,2,6,4
20190406254,2546,7,9,2
20190406255,2556,7,0,7
20190406256,2566,7,3,4
20190406257,2576,8,8,0
20190406258,2586,4,5,1
20190406259,2596,5,7,2
20190406260,2606,0,8,8
20190406261,2616,1,2,1
20190406262,2626,5,2,3
20190406263,2636,3,9,6
20190406264,2646,5,8,3
20190406265,2656,6,7,1
20190406266,2666,7,7,0
20190406267,2676,6,8,2
20190406268,2686,9,8,1
20190406269,2696,8,2,6
20190406270,2706,5,8,3
20190406271,2716,2,2,0
20190406272,2726,1,3,2
20190406273,2736,6,1,5
20190406274,2746,7,1,6
20190406275,2756,2,7,5
20190406276,2766,4,8,4
20190406277,2776,1,0,1
20190406278,2786,9,4,5
20190406279,2796,1,5,4
20190406280,2806,6,6,0
20190406281,2816,9,2,7
20190406282,2826,9,3,6
20190406283,2836,2,4,2
20190406284,2846,3,3,0
20190406285,2856,5,4,1
20190406286,2866,0,6,6
20190406287,2876,7,3,4
20190406288,2886,6,6,0
20190407001,17,1,6,5
20190407002,27,0,3,3
20190407003,37,9,4,5
20190407004,47,2,9,7
20190407005,57,5,2,3
20190407006,67,4,1,3
20190407007,77,4,2,2
20190407008,87,4,7,3
20190407009,97,5,1,4
20190407010,107,3,6,3
20190407011,117,9,0,9
20190407012,127,7,1,6
20190407013,137,9,2,7
20190407014,147,3,4,1
20190407015,157,7,2,5
20190407016,167,1,1,0
20190407017,177,6,8,2
20190407018,187,4,2,2
20190407019,197,4,8,4
20190407020,207,9,9,0
20190407021,217,9,8,1
20190407022,227,9,2,7
20190407023,237,1,8,7
20190407024,247,2,1,1
20190407025,257,8,4,4
20190407026,267,2,8,6
20190407027,277,7,3,4
20190407028,287,0,9,9
20190407029,297,3,9,6
20190407030,307,0,8,8
20190407031,317,2,4,2
20190407032,327,6,9,3
20190407033,337,1,2,1
20190407034,347,0,3,3
20190407035,357,0,8,8
20190407036,367,6,2,4
20190407037,377,8,0,8
20190407038,387,9,9,0
20190407039,397,4,5,1
20190407040,407,3,9,6
20190407041,417,1,1,0
20190407042,427,1,3,2
20190407043,437,9,5,4
20190407044,447,1,7,6
20190407045,457,1,1,0
20190407046,467,3,4,1
20190407047,477,7,4,3
20190407048,487,1,5,4
20190407049,497,7,6,1
20190407050,507,3,8,5
20190407051,517,4,3,1
20190407052,527,6,0,6
20190407053,537,8,9,1
20190407054,547,5,1,4
20190407055,557,2,0,2
20190407056,567,9,3,6
20190407057,577,1,5,4
20190407058,587,8,8,0
20190407059,597,9,7,2
20190407060,607,5,5,0
20190407061,617,1,9,8
20190407062,627,0,5,5
20190407063,637,6,0,6
20190407064,647,1,1,0
20190407065,657,5,9,4
20190407066,667,1,4,3
20190407067,677,8,3,5
20190407068,687,6,4,2
20190407069,697,9,4,5
20190407070,707,8,1,7
20190407071,717,8,3,5
20190407072,727,5,0,5
20190407073,737,3,0,3
20190407074,747,4,0,4
20190407075,757,1,1,0
20190407076,767,3,7,4
20190407077,777,8,6,2
20190407078,787,2,7,5
20190407079,797,3,2,1
20190407080,807,3,8,5
20190407081,817,2,5,3
20190407082,827,5,9,4
20190407083,837,1,5,4
20190407084,847,3,6,3
20190407085,857,9,9,0
20190407086,867,1,8,7
20190407087,877,7,9,2
20190407088,887,0,2,2
20190407089,897,6,7,1
20190407090,907,0,9,9
20190407091,917,8,4,4
20190407092,927,9,7,2
20190407093,937,0,9,9
20190407094,947,5,2,3
20190407095,957,6,4,2
20190407096,967,6,4,2
20190407097,977,7,5,2
20190407098,987,4,3,1
20190407099,997,7,4,3
20190407100,1007,1,1,0
20190407101,1017,1,7,6
20190407102,1027,1,0,1
20190407103,1037,0,3,3
20190407104,1047,8,2,6
20190407105,1057,6,8,2
20190407106,1067,0,5,5
20190407107,1077,2,4,2
20190407108,1087,9,5,4
20190407109,1097,6,0,6
20190407110,1107,2,7,5
20190407111,1117,5,5,0
20190407112,1127,1,7,6
20190407113,1137,2,0,2
20190407114,1147,1,6,5
20190407115,1157,6,4,2
20190407116,1167,8,6,2
20190407117,1177,6,3,3
20190407118,1187,9,9,0
20190407119,1197,4,0,4
20190407120,1207,7,6,1
20190407121,1217,9,3,6
20190407122,1227,5,5,0
20190407123,1237,9,7,2
20190407124,1247,1,3,2
20190407125,1257,4,6,2
20190407126,1267,1,8,7
20190407127,1277,6,8,2
20190407128,1287,6,9,3
20190407129,1297,2,0,2
20190407130,1307,1,3,2
20190407131,1317,6,5,1
20190407132,1327,8,7,1
20190407133,1337,0,5,5
20190407134,1347,1,6,5
20190407135,1357,6,7,1
20190407136,1367,4,8,4
20190407137,1377,1,0,1
20190407138,1387,1,2,1
20190407139,1397,8,4,4
20190407140,1407,4,5,1
20190407141,1417,1,3,2
20190407142,1427,5,0,5
20190407143,1437,5,1,4
20190407144,1447,7,9,2
20190407145,1457,2,6,4
20190407146,1467,3,4,1
20190407147,1477,3,7,4
20190407148,1487,9,8,1
20190407149,1497,1,3,2
20190407150,1507,2,7,5
20190407151,1517,4,9,5
20190407152,1527,4,7,3
20190407153,1537,7,8,1
20190407154,1547,1,9,8
20190407155,1557,5,9,4
20190407156,1567,9,4,5
20190407157,1577,3,3,0
20190407158,1587,0,7,7
20190407159,1597,8,4,4
20190407160,1607,5,2,3
20190407161,1617,3,1,2
20190407162,1627,4,6,2
20190407163,1637,3,7,4
20190407164,1647,6,6,0
20190407165,1657,9,8,1
20190407166,1667,3,5,2
20190407167,1677,8,4,4
20190407168,1687,6,5,1
20190407169,1697,0,2,2
20190407170,1707,1,1,0
20190407171,1717,0,3,3
20190407172,1727,7,3,4
20190407173,1737,7,7,0
20190407174,1747,6,4,2
20190407175,1757,3,6,3
20190407176,1767,3,6,3
20190407177,1777,9,0,9
20190407178,1787,0,0,0
20190407179,1797,6,6,0
20190407180,1807,5,4,1
20190407181,1817,6,4,2
20190407182,1827,3,7,4
20190407183,1837,5,2,3
20190407184,1847,8,3,5
20190407185,1857,0,6,6
20190407186,1867,7,6,1
20190407187,1877,8,6,2
20190407188,1887,8,3,5
20190407189,1897,9,8,1
20190407190,1907,8,8,0
20190407191,1917,8,1,7
20190407192,1927,2,9,7
20190407193,1937,6,8,2
20190407194,1947,8,6,2
20190407195,1957,4,5,1
20190407196,1967,4,9,5
20190407197,1977,4,9,5
20190407198,1987,4,3,1
20190407199,1997,6,5,1
20190407200,2007,4,0,4
20190407201,2017,3,2,1
20190407202,2027,3,8,5
20190407203,2037,2,0,2
20190407204,2047,9,2,7
20190407205,2057,2,3,1
20190407206,2067,8,7,1
20190407207,2077,7,7,0
20190407208,2087,0,3,3
20190407209,2097,0,6,6
20190407210,2107,3,4,1
20190407211,2117,8,6,2
20190407212,2127,5,5,0
20190407213,2137,4,5,1
20190407214,2147,0,4,4
20190407215,2157,4,0,4
20190407216,2167,5,7,2
20190407217,2177,8,7,1
20190407218,2187,9,0,9
20190407219,2197,3,3,0
20190407220,2207,4,7,3
20190407221,2217,4,6,2
20190407222,2227,7,7,0
20190407223,2237,3,7,4
20190407224,2247,6,0,6
20190407225,2257,5,2,3
20190407226,2267,3,5,2
20190407227,2277,9,5,4
20190407228,2287,1,1,0
20190407229,2297,3,0,3
20190407230,2307,3,2,1
20190407231,2317,0,4,4
20190407232,2327,1,4,3
20190407233,2337,4,5,1
20190407234,2347,2,5,3
20190407235,2357,8,5,3
20190407236,2367,5,9,4
20190407237,2377,6,0,6
20190407238,2387,2,5,3
20190407239,2397,7,5,2
20190407240,2407,0,9,9
20190407241,2417,0,8,8
20190407242,2427,1,8,7
20190407243,2437,7,1,6
20190407244,2447,5,7,2
20190407245,2457,2,1,1
20190407246,2467,4,7,3
20190407247,2477,6,4,2
20190407248,2487,2,9,7
20190407249,2497,6,6,0
20190407250,2507,8,1,7
20190407251,2517,4,5,1
20190407252,2527,6,4,2
20190407253,2537,4,5,1
20190407254,2547,6,9,3
20190407255,2557,8,9,1
20190407256,2567,5,3,2
20190407257,2577,9,0,9
20190407258,2587,9,6,3
20190407259,2597,6,2,4
20190407260,2607,3,9,6
20190407261,2617,6,1,5
20190407262,2627,3,1,2
20190407263,2637,6,2,4
20190407264,2647,1,0,1
20190407265,2657,4,1,3
20190407266,2667,3,5,2
20190407267,2677,8,7,1
20190407268,2687,2,6,4
20190407269,2697,7,4,3
20190407270,2707,6,3,3
20190407271,2717,4,7,3
20190407272,2727,2,5,3
20190407273,2737,3,5,2
20190407274,2747,3,7,4
20190407275,2757,0,0,0
20190407276,2767,4,5,1
20190407277,2777,3,1,2
20190407278,2787,6,4,2
20190407279,2797,6,2,4
20190407280,2807,4,4,0
20190407281,2817,5,8,3
20190407282,2827,7,1,6
20190407283,2837,9,7,2
20190407284,2847,6,6,0
20190407285,2857,5,0,5
20190407286,2867,5,9,4
20190407287,2877,4,0,4
20190407288,2887,0,9,9
20190408001,11,5,7,2
20190408002,21,4,5,1
20190408003,31,0,2,2
20190408004,41,3,7,4
20190408005,51,4,0,4
20190408006,61,8,3,5
20190408007,71,6,6,0
20190408008,81,2,5,3
20190408009,91,2,3,1
20190408010,101,6,8,2
20190408011,111,8,4,4
20190408012,121,8,6,2
20190408013,131,0,7,7
20190408014,141,4,3,1
20190408015,151,3,0,3
20190408016,161,0,0,0
20190408017,171,0,0,0
20190408018,181,7,5,2
20190408019,191,1,1,0
20190408020,201,5,3,2
20190408021,211,7,7,0
20190408022,221,9,3,6
20190408023,231,3,9,6
20190408024,241,1,9,8
20190408025,251,9,5,4
20190408026,261,5,2,3
20190408027,271,6,9,3
20190408028,281,0,0,0
20190408029,291,9,4,5
20190408030,301,0,0,0
20190408031,311,2,6,4
20190408032,321,2,4,2
20190408033,331,9,5,4
20190408034,341,4,5,1
20190408035,351,8,2,6
20190408036,361,9,5,4
20190408037,371,7,5,2
20190408038,381,9,7,2
20190408039,391,4,7,3
20190408040,401,5,8,3
20190408041,411,1,2,1
20190408042,421,7,8,1
20190408043,431,4,3,1
20190408044,441,8,5,3
20190408045,451,5,3,2
20190408046,461,9,6,3
20190408047,471,7,3,4
20190408048,481,7,9,2
20190408049,491,5,6,1
20190408050,501,2,3,1
20190408051,511,1,4,3
20190408052,521,1,1,0
20190408053,531,8,0,8
20190408054,541,5,7,2
20190408055,551,5,0,5
20190408056,561,2,7,5
20190408057,571,8,6,2
20190408058,581,5,3,2
20190408059,591,7,3,4
20190408060,601,6,6,0
20190408061,611,0,3,3
20190408062,621,9,8,1
20190408063,631,1,3,2
20190408064,641,2,9,7
20190408065,651,4,3,1
20190408066,661,0,1,1
20190408067,671,1,1,0
20190408068,681,7,1,6
20190408069,691,1,7,6
20190408070,701,2,8,6
20190408071,711,1,2,1
20190408072,721,9,4,5
20190408073,731,8,9,1
20190408074,741,7,9,2
20190408075,751,3,0,3
20190408076,761,4,6,2
20190408077,771,2,0,2
20190408078,781,3,8,5
20190408079,791,9,4,5
20190408080,801,4,0,4
20190408081,811,5,4,1
20190408082,821,2,6,4
20190408083,831,9,8,1
20190408084,841,5,6,1
20190408085,851,8,2,6
20190408086,861,7,7,0
20190408087,871,3,7,4
20190408088,881,4,1,3
20190408089,891,6,2,4
20190408090,901,4,1,3
20190408091,911,6,6,0
20190408092,921,5,5,0
20190408093,931,0,7,7
20190408094,941,0,9,9
20190408095,951,1,2,1
20190408096,961,7,0,7
20190408097,971,2,1,1
20190408098,981,8,2,6
20190408099,991,3,6,3
20190408100,1001,0,9,9
20190408101,1011,6,8,2
20190408102,1021,0,0,0
20190408103,1031,3,1,2
20190408104,1041,3,6,3
20190408105,1051,1,0,1
20190408106,1061,9,0,9
20190408107,1071,9,2,7
20190408108,1081,1,0,1
20190408109,1091,5,0,5
20190408110,1101,6,8,2
20190408111,1111,3,6,3
20190408112,1121,5,6,1
20190408113,1131,0,6,6
20190408114,1141,1,5,4
20190408115,1151,7,0,7
20190408116,1161,6,6,0
20190408117,1171,6,3,3
20190408118,1181,2,4,2
20190408119,1191,8,1,7
20190408120,1201,9,5,4
20190408121,1211,3,6,3
20190408122,1221,5,8,3
20190408123,1231,9,0,9
20190408124,1241,0,4,4
20190408125,1251,2,1,1
20190408126,1261,3,2,1
20190408127,1271,3,2,1
20190408128,1281,2,6,4
20190408129,1291,7,2,5
20190408130,1301,3,5,2
20190408131,1311,4,9,5
20190408132,1321,6,0,6
20190408133,1331,2,3,1
20190408134,1341,0,1,1
20190408135,1351,4,9,5
20190408136,1361,6,5,1
20190408137,1371,9,9,0
20190408138,1381,7,4,3
20190408139,1391,9,4,5
20190408140,1401,3,3,0
20190408141,1411,8,1,7
20190408142,1421,1,7,6
20190408143,1431,0,3,3
20190408144,1441,6,0,6
20190408145,1451,2,4,2
20190408146,1461,9,2,7
20190408147,1471,8,6,2
20190408148,1481,2,2,0
20190408149,1491,7,7,0
20190408150,1501,5,6,1
20190408151,1511,0,3,3
20190408152,1521,9,3,6
20190408153,1531,4,4,0
20190408154,1541,5,6,1
20190408155,1551,4,0,4
20190408156,1561,7,2,5
20190408157,1571,3,3,0
20190408158,1581,8,6,2
20190408159,1591,4,3,1
20190408160,1601,1,7,6
20190408161,1611,6,3,3
20190408162,1621,3,6,3
20190408163,1631,6,0,6
20190408164,1641,4,8,4
20190408165,1651,2,3,1
20190408166,1661,4,9,5
20190408167,1671,5,2,3
20190408168,1681,4,8,4
20190408169,1691,0,8,8
20190408170,1701,4,0,4
20190408171,1711,8,0,8
20190408172,1721,2,1,1
20190408173,1731,4,8,4
20190408174,1741,0,1,1
20190408175,1751,9,1,8
20190408176,1761,6,5,1
20190408177,1771,7,9,2
20190408178,1781,4,5,1
20190408179,1791,8,0,8
20190408180,1801,9,3,6
20190408181,1811,9,5,4
20190408182,1821,1,6,5
20190408183,1831,9,8,1
20190408184,1841,5,5,0
20190408185,1851,2,5,3
20190408186,1861,5,6,1
20190408187,1871,2,0,2
20190408188,1881,2,3,1
20190408189,1891,6,6,0
20190408190,1901,3,6,3
20190408191,1911,3,8,5
20190408192,1921,3,0,3
20190408193,1931,6,6,0
20190408194,1941,8,7,1
20190408195,1951,6,7,1
20190408196,1961,7,8,1
20190408197,1971,2,3,1
20190408198,1981,7,6,1
20190408199,1991,5,3,2
20190408200,2001,3,2,1
20190408201,2011,8,8,0
20190408202,2021,7,1,6
20190408203,2031,9,3,6
20190408204,2041,0,6,6
20190408205,2051,2,4,2
20190408206,2061,9,1,8
20190408207,2071,3,5,2
20190408208,2081,0,5,5
20190408209,2091,7,6,1
20190408210,2101,3,9,6
20190408211,2111,5,9,4
20190408212,2121,0,0,0
20190408213,2131,5,1,4
20190408214,2141,1,8,7
20190408215,2151,0,7,7
20190408216,2161,7,8,1
20190408217,2171,3,4,1
20190408218,2181,0,0,0
20190408219,2191,4,7,3
20190408220,2201,3,6,3
20190408221,2211,5,8,3
20190408222,2221,1,7,6
20190408223,2231,1,8,7
20190408224,2241,5,0,5
20190408225,2251,5,2,3
20190408226,2261,8,5,3
20190408227,2271,7,0,7
20190408228,2281,7,0,7
20190408229,2291,6,8,2
20190408230,2301,6,5,1
20190408231,2311,7,5,2
20190408232,2321,7,4,3
20190408233,2331,5,0,5
20190408234,2341,2,5,3
20190408235,2351,3,4,1
20190408236,2361,5,5,0
20190408237,2371,4,2,2
20190408238,2381,2,1,1
20190408239,2391,7,5,2
20190408240,2401,2,0,2
20190408241,2411,4,2,2
20190408242,2421,6,7,1
20190408243,2431,1,2,1
20190408244,2441,0,1,1
20190408245,2451,6,3,3
20190408246,2461,7,5,2
20190408247,2471,0,9,9
20190408248,2481,1,0,1
20190408249,2491,4,4,0
20190408250,2501,8,1,7
20190408251,2511,1,8,7
20190408252,2521,1,2,1
20190408253,2531,8,4,4
20190408254,2541,4,6,2
20190408255,2551,1,2,1
20190408256,2561,2,9,7
20190408257,2571,6,4,2
20190408258,2581,2,8,6
20190408259,2591,0,6,6
20190408260,2601,6,9,3
20190408261,2611,6,4,2
20190408262,2621,8,0,8
20190408263,2631,5,2,3
20190408264,2641,8,6,2
20190408265,2651,0,7,7
20190408266,2661,5,6,1
20190408267,2671,8,0,8
20190408268,2681,0,6,6
20190408269,2691,5,2,3
20190408270,2701,4,8,4
20190408271,2711,0,3,3
20190408272,2721,0,1,1
20190408273,2731,5,7,2
20190408274,2741,7,0,7
20190408275,2751,2,5,3
20190408276,2761,1,2,1
20190408277,2771,2,5,3
20190408278,2781,1,8,7
20190408279,2791,5,8,3
20190408280,2801,7,0,7
20190408281,2811,8,2,6
20190408282,2821,6,4,2
20190408283,2831,4,6,2
20190408284,2841,2,5,3
20190408285,2851,1,9,8
20190408286,2861,1,9,8
20190408287,2871,5,5,0
20190408288,2881,1,3,2
20190409001,12,7,0,7
20190409002,22,4,6,2
20190409003,32,3,7,4
20190409004,42,0,2,2
20190409005,52,2,6,4
20190409006,62,7,6,1
20190409007,72,8,6,2
20190409008,82,1,6,5
20190409009,92,9,2,7
20190409010,102,2,2,0
20190409011,112,0,7,7
20190409012,122,1,0,1
20190409013,132,2,0,2
20190409014,142,1,8,7
20190409015,152,9,5,4
20190409016,162,0,8,8
20190409017,172,9,8,1
20190409018,182,2,4,2
20190409019,192,7,9,2
20190409020,202,5,1,4
20190409021,212,8,5,3
20190409022,222,0,2,2
20190409023,232,0,2,2
20190409024,242,6,2,4
20190409025,252,0,8,8
20190409026,262,2,0,2
20190409027,272,2,4,2
20190409028,282,3,9,6
20190409029,292,1,5,4
20190409030,302,3,8,5
20190409031,312,2,4,2
20190409032,322,2,8,6
20190409033,332,9,3,6
20190409034,342,5,7,2
20190409035,352,8,5,3
20190409036,362,1,5,4
20190409037,372,5,4,1
20190409038,382,8,6,2
20190409039,392,2,1,1
20190409040,402,5,7,2
20190409041,412,0,0,0
20190409042,422,5,6,1
20190409043,432,4,2,2
20190409044,442,8,7,1
20190409045,452,3,8,5
20190409046,462,5,2,3
20190409047,472,9,4,5
20190409048,482,8,5,3
20190409049,492,4,3,1
20190409050,502,6,9,3
20190409051,512,5,5,0
20190409052,522,6,5,1
20190409053,532,0,1,1
20190409054,542,4,6,2
20190409055,552,2,7,5
20190409056,562,1,7,6
20190409057,572,0,0,0
20190409058,582,7,0,7
20190409059,592,1,3,2
20190409060,602,6,0,6
20190409061,612,8,8,0
20190409062,622,1,2,1
20190409063,632,6,9,3
20190409064,642,9,2,7
20190409065,652,7,5,2
20190409066,662,5,5,0
20190409067,672,4,3,1
20190409068,682,7,6,1
20190409069,692,2,1,1
20190409070,702,1,4,3
20190409071,712,1,2,1
20190409072,722,9,4,5
20190409073,732,1,1,0
20190409074,742,5,5,0
20190409075,752,3,7,4
20190409076,762,5,5,0
20190409077,772,1,4,3
20190409078,782,3,5,2
20190409079,792,8,6,2
20190409080,802,8,1,7
20190409081,812,8,2,6
20190409082,822,2,6,4
20190409083,832,3,4,1
20190409084,842,3,4,1
20190409085,852,0,8,8
20190409086,862,5,1,4
20190409087,872,8,3,5
20190409088,882,6,4,2
20190409089,892,5,4,1
20190409090,902,8,4,4
20190409091,912,0,4,4
20190409092,922,2,0,2
20190409093,932,6,7,1
20190409094,942,9,3,6
20190409095,952,9,5,4
20190409096,962,5,7,2
20190409097,972,7,6,1
20190409098,982,1,2,1
20190409099,992,5,3,2
20190409100,1002,4,2,2
20190409101,1012,3,7,4
20190409102,1022,8,1,7
20190409103,1032,8,4,4
20190409104,1042,0,4,4
20190409105,1052,7,8,1
20190409106,1062,2,6,4
20190409107,1072,3,4,1
20190409108,1082,5,2,3
20190409109,1092,9,0,9
20190409110,1102,8,5,3
20190409111,1112,3,3,0
20190409112,1122,3,6,3
20190409113,1132,0,3,3
20190409114,1142,8,9,1
20190409115,1152,7,5,2
20190409116,1162,8,1,7
20190409117,1172,0,3,3
20190409118,1182,5,9,4
20190409119,1192,4,7,3
20190409120,1202,3,4,1
20190409121,1212,9,7,2
20190409122,1222,8,5,3
20190409123,1232,0,8,8
20190409124,1242,2,4,2
20190409125,1252,7,4,3
20190409126,1262,7,6,1
20190409127,1272,0,1,1
20190409128,1282,5,8,3
20190409129,1292,7,9,2
20190409130,1302,3,3,0
20190409131,1312,4,3,1
20190409132,1322,9,4,5
20190409133,1332,2,1,1
20190409134,1342,3,3,0
20190409135,1352,5,6,1
20190409136,1362,8,6,2
20190409137,1372,0,4,4
20190409138,1382,8,1,7
20190409139,1392,2,7,5
20190409140,1402,7,4,3
20190409141,1412,1,7,6
20190409142,1422,4,4,0
20190409143,1432,2,3,1
20190409144,1442,4,9,5
20190409145,1452,0,0,0
20190409146,1462,7,8,1
20190409147,1472,7,1,6
20190409148,1482,8,8,0
20190409149,1492,2,9,7
20190409150,1502,4,6,2
20190409151,1512,7,4,3
20190409152,1522,4,7,3
20190409153,1532,4,3,1
20190409154,1542,6,6,0
20190409155,1552,0,4,4
20190409156,1562,9,0,9
20190409157,1572,9,4,5
20190409158,1582,4,3,1
20190409159,1592,6,2,4
20190409160,1602,5,4,1
20190409161,1612,1,3,2
20190409162,1622,8,3,5
20190409163,1632,8,8,0
20190409164,1642,0,5,5
20190409165,1652,3,8,5
20190409166,1662,5,6,1
20190409167,1672,7,5,2
20190409168,1682,1,3,2
20190409169,1692,1,9,8
20190409170,1702,8,3,5
20190409171,1712,6,8,2
20190409172,1722,0,1,1
20190409173,1732,3,7,4
20190409174,1742,6,5,1
20190409175,1752,7,6,1
20190409176,1762,3,4,1
20190409177,1772,0,6,6
20190409178,1782,3,8,5
20190409179,1792,4,1,3
20190409180,1802,5,3,2
20190409181,1812,1,4,3
20190409182,1822,0,9,9
20190409183,1832,6,5,1
20190409184,1842,9,1,8
20190409185,1852,5,5,0
20190409186,1862,1,2,1
20190409187,1872,9,2,7
20190409188,1882,0,9,9
20190409189,1892,3,1,2
20190409190,1902,8,4,4
20190409191,1912,2,0,2
20190409192,1922,4,8,4
20190409193,1932,3,3,0
20190409194,1942,2,4,2
20190409195,1952,3,1,2
20190409196,1962,8,4,4
20190409197,1972,5,8,3
20190409198,1982,5,0,5
20190409199,1992,5,1,4
20190409200,2002,2,5,3
20190409201,2012,9,7,2
20190409202,2022,3,5,2
20190409203,2032,5,5,0
20190409204,2042,5,4,1
20190409205,2052,2,8,6
20190409206,2062,6,1,5
20190409207,2072,5,9,4
20190409208,2082,8,3,5
20190409209,2092,7,7,0
20190409210,2102,7,9,2
20190409211,2112,8,2,6
20190409212,2122,1,7,6
20190409213,2132,7,3,4
20190409214,2142,8,1,7
20190409215,2152,7,7,0
20190409216,2162,7,5,2
20190409217,2172,2,8,6
20190409218,2182,8,6,2
20190409219,2192,9,4,5
20190409220,2202,6,3,3
20190409221,2212,5,2,3
20190409222,2222,2,7,5
20190409223,2232,8,1,7
20190409224,2242,5,8,3
20190409225,2252,8,6,2
20190409226,2262,4,2,2
20190409227,2272,6,3,3
20190409228,2282,3,2,1
20190409229,2292,8,5,3
20190409230,2302,9,9,0
20190409231,2312,3,4,1
20190409232,2322,1,3,2
20190409233,2332,4,8,4
20190409234,2342,9,7,2
20190409235,2352,0,4,4
20190409236,2362,7,0,7
20190409237,2372,9,7,2
20190409238,2382,3,8,5
20190409239,2392,0,0,0
20190409240,2402,2,5,3
20190409241,2412,7,8,1
20190409242,2422,1,3,2
20190409243,2432,9,3,6
20190409244,2442,4,1,3
20190409245,2452,5,4,1
20190409246,2462,3,2,1
20190409247,2472,0,7,7
20190409248,2482,8,8,0
20190409249,2492,2,1,1
20190409250,2502,1,5,4
20190409251,2512,9,9,0
20190409252,2522,4,0,4
20190409253,2532,8,8,0
20190409254,2542,4,6,2
20190409255,2552,8,5,3
20190409256,2562,5,8,3
20190409257,2572,3,0,3
20190409258,2582,7,0,7
20190409259,2592,9,7,2
20190409260,2602,5,9,4
20190409261,2612,1,6,5
20190409262,2622,6,6,0
20190409263,2632,9,9,0
20190409264,2642,4,7,3
20190409265,2652,5,2,3
20190409266,2662,0,6,6
20190409267,2672,7,0,7
20190409268,2682,6,1,5
20190409269,2692,4,6,2
20190409270,2702,5,5,0
20190409271,2712,4,9,5
20190409272,2722,9,8,1
20190409273,2732,1,1,0
20190409274,2742,2,8,6
20190409275,2752,3,3,0
20190409276,2762,3,3,0
20190409277,2772,7,7,0
20190409278,2782,9,7,2
20190409279,2792,6,1,5
20190409280,2802,6,5,1
20190409281,2812,6,9,3
20190409282,2822,1,9,8
20190409283,2832,5,0,5
20190409284,2842,8,7,1
20190409285,2852,1,6,5
20190409286,2862,4,1,3
20190409287,2872,3,2,1
20190409288,2882,5,6,1
20190410001,13,4,6,2
20190410002,23,3,1,2
20190410003,33,7,8,1
20190410004,43,7,0,7
20190410005,53,1,4,3
20190410006,63,5,6,1
20190410007,73,4,9,5
20190410008,83,7,7,0
20190410009,93,0,6,6
20190410010,103,6,4,2
20190410011,113,3,7,4
20190410012,123,0,4,4
20190410013,133,2,7,5
20190410014,143,5,8,3
20190410015,153,0,2,2
20190410016,163,4,3,1
20190410017,173,8,1,7
20190410018,183,4,4,0
20190410019,193,0,3,3
20190410020,203,0,0,0
20190410021,213,5,6,1
20190410022,223,2,4,2
20190410023,233,2,7,5
20190410024,243,5,4,1
20190410025,253,9,9,0
20190410026,263,4,4,0
20190410027,273,0,0,0
20190410028,283,0,4,4
20190410029,293,2,0,2
20190410030,303,1,6,5
20190410031,313,9,8,1
20190410032,323,3,2,1
20190410033,333,1,5,4
20190410034,343,8,9,1
20190410035,353,2,7,5
20190410036,363,0,4,4
20190410037,373,5,1,4
20190410038,383,0,8,8
20190410039,393,0,1,1
20190410040,403,8,7,1
20190410041,413,9,4,5
20190410042,423,1,8,7
20190410043,433,6,1,5
20190410044,443,5,0,5
20190410045,453,9,0,9
20190410046,463,1,7,6
20190410047,473,2,2,0
20190410048,483,6,0,6
20190410049,493,9,2,7
20190410050,503,6,9,3
20190410051,513,8,0,8
20190410052,523,6,8,2
20190410053,533,3,6,3
20190410054,543,3,1,2
20190410055,553,4,4,0
20190410056,563,2,9,7
20190410057,573,5,6,1
20190410058,583,7,8,1
20190410059,593,3,6,3
20190410060,603,2,9,7
20190410061,613,5,2,3
20190410062,623,7,5,2
20190410063,633,2,8,6
20190410064,643,5,7,2
20190410065,653,1,7,6
20190410066,663,9,7,2
20190410067,673,6,6,0
20190410068,683,2,0,2
20190410069,693,3,7,4
20190410070,703,0,3,3
20190410071,713,8,5,3
20190410072,723,8,3,5
20190410073,733,8,4,4
20190410074,743,3,6,3
20190410075,753,9,1,8
20190410076,763,7,4,3
20190410077,773,1,7,6
20190410078,783,2,9,7
20190410079,793,5,8,3
20190410080,803,7,4,3
20190410081,813,1,1,0
20190410082,823,1,3,2
20190410083,833,9,4,5
20190410084,843,9,3,6
20190410085,853,3,5,2
20190410086,863,3,2,1
20190410087,873,0,4,4
20190410088,883,0,9,9
20190410089,893,0,8,8
20190410090,903,1,3,2
20190410091,913,4,5,1
20190410092,923,5,2,3
20190410093,933,2,6,4
20190410094,943,9,2,7
20190410095,953,2,9,7
20190410096,963,4,7,3
20190410097,973,8,1,7
20190410098,983,4,8,4
20190410099,993,8,7,1
20190410100,1003,8,4,4
20190410101,1013,0,6,6
20190410102,1023,1,4,3
20190410103,1033,3,3,0
20190410104,1043,6,5,1
20190410105,1053,4,7,3
20190410106,1063,5,9,4
20190410107,1073,0,5,5
20190410108,1083,0,9,9
20190410109,1093,7,4,3
20190410110,1103,4,1,3
20190410111,1113,4,0,4
20190410112,1123,9,6,3
20190410113,1133,2,7,5
20190410114,1143,7,9,2
20190410115,1153,7,4,3
20190410116,1163,6,8,2
20190410117,1173,9,9,0
20190410118,1183,2,4,2
20190410119,1193,8,1,7
20190410120,1203,9,8,1
20190410121,1213,9,0,9
20190410122,1223,3,1,2
20190410123,1233,6,1,5
20190410124,1243,4,2,2
20190410125,1253,4,6,2
20190410126,1263,3,0,3
20190410127,1273,9,6,3
20190410128,1283,8,1,7
20190410129,1293,0,1,1
20190410130,1303,1,1,0
20190410131,1313,1,0,1
20190410132,1323,7,9,2
20190410133,1333,6,9,3
20190410134,1343,3,2,1
20190410135,1353,5,8,3
20190410136,1363,9,2,7
20190410137,1373,2,7,5
20190410138,1383,3,2,1
20190410139,1393,5,8,3
20190410140,1403,3,1,2
20190410141,1413,8,0,8
20190410142,1423,7,0,7
20190410143,1433,1,1,0
20190410144,1443,8,6,2
20190410145,1453,8,4,4
20190410146,1463,3,0,3
20190410147,1473,1,7,6
20190410148,1483,7,7,0
20190410149,1493,0,9,9
20190410150,1503,0,2,2
20190410151,1513,5,8,3
20190410152,1523,3,9,6
20190410153,1533,8,2,6
20190410154,1543,3,5,2
20190410155,1553,3,0,3
20190410156,1563,0,2,2
20190410157,1573,0,8,8
20190410158,1583,9,8,1
20190410159,1593,9,5,4
20190410160,1603,2,5,3
20190410161,1613,8,9,1
20190410162,1623,8,6,2
20190410163,1633,6,9,3
20190410164,1643,1,1,0
20190410165,1653,8,6,2
20190410166,1663,6,1,5
20190410167,1673,5,8,3
20190410168,1683,8,5,3
20190410169,1693,3,1,2
20190410170,1703,4,4,0
20190410171,1713,6,5,1
20190410172,1723,7,3,4
20190410173,1733,6,5,1
20190410174,1743,4,2,2
20190410175,1753,0,9,9
20190410176,1763,6,6,0
20190410177,1773,7,3,4
20190410178,1783,9,3,6
20190410179,1793,2,7,5
20190410180,1803,8,0,8
20190410181,1813,3,3,0
20190410182,1823,6,7,1
20190410183,1833,8,4,4
20190410184,1843,4,7,3
20190410185,1853,6,3,3
20190410186,1863,7,9,2
20190410187,1873,7,6,1
20190410188,1883,4,5,1
20190410189,1893,0,8,8
20190410190,1903,4,9,5
20190410191,1913,7,2,5
20190410192,1923,3,5,2
20190410193,1933,1,9,8
20190410194,1943,1,1,0
20190410195,1953,5,9,4
20190410196,1963,3,4,1
20190410197,1973,6,4,2
20190410198,1983,9,0,9
20190410199,1993,0,9,9
20190410200,2003,3,1,2
20190410201,2013,3,1,2
20190410202,2023,4,3,1
20190410203,2033,2,9,7
20190410204,2043,6,0,6
20190410205,2053,8,7,1
20190410206,2063,0,1,1
20190410207,2073,6,8,2
20190410208,2083,4,6,2
20190410209,2093,7,9,2
20190410210,2103,8,7,1
20190410211,2113,1,8,7
20190410212,2123,3,1,2
20190410213,2133,9,4,5
20190410214,2143,6,0,6
20190410215,2153,8,9,1
20190410216,2163,8,4,4
20190410217,2173,4,7,3
20190410218,2183,2,0,2
20190410219,2193,4,6,2
20190410220,2203,5,7,2
20190410221,2213,7,9,2
20190410222,2223,1,6,5
20190410223,2233,6,7,1
20190410224,2243,3,9,6
20190410225,2253,4,7,3
20190410226,2263,3,4,1
20190410227,2273,5,1,4
20190410228,2283,2,3,1
20190410229,2293,9,1,8
20190410230,2303,4,7,3
20190410231,2313,1,1,0
20190410232,2323,1,2,1
20190410233,2333,4,6,2
20190410234,2343,5,1,4
20190410235,2353,1,2,1
20190410236,2363,6,9,3
20190410237,2373,8,6,2
20190410238,2383,6,1,5
20190410239,2393,1,0,1
20190410240,2403,9,0,9
20190410241,2413,7,8,1
20190410242,2423,4,5,1
20190410243,2433,1,3,2
20190410244,2443,9,2,7
20190410245,2453,3,9,6
20190410246,2463,1,2,1
20190410247,2473,9,8,1
20190410248,2483,6,0,6
20190410249,2493,3,0,3
20190410250,2503,3,0,3
20190410251,2513,0,6,6
20190410252,2523,3,5,2
20190410253,2533,6,4,2
20190410254,2543,9,6,3
20190410255,2553,8,6,2
20190410256,2563,8,6,2
20190410257,2573,0,8,8
20190410258,2583,8,2,6
20190410259,2593,7,9,2
20190410260,2603,6,7,1
20190410261,2613,7,0,7
20190410262,2623,0,9,9
20190410263,2633,5,5,0
20190410264,2643,2,2,0
20190410265,2653,2,0,2
20190410266,2663,8,3,5
20190410267,2673,7,9,2
20190410268,2683,2,6,4
20190410269,2693,3,9,6
20190410270,2703,6,9,3
20190410271,2713,1,2,1
20190410272,2723,8,8,0
20190410273,2733,0,4,4
20190410274,2743,9,9,0
20190410275,2753,1,0,1
20190410276,2763,2,1,1
20190410277,2773,1,9,8
20190410278,2783,6,3,3
20190410279,2793,7,0,7
20190410280,2803,9,5,4
20190410281,2813,4,3,1
20190410282,2823,8,0,8
20190410283,2833,8,9,1
20190410284,2843,6,5,1
20190410285,2853,1,1,0
20190410286,2863,6,3,3
20190410287,2873,9,0,9
20190410288,2883,3,7,4
20190411001,14,8,7,1
20190411002,24,3,8,5
20190411003,34,6,7,1
20190411004,44,1,2,1
20190411005,54,0,5,5
20190411006,64,9,9,0
20190411007,74,7,6,1
20190411008,84,5,5,0
20190411009,94,4,1,3
20190411010,104,4,5,1
20190411011,114,8,0,8
20190411012,124,6,6,0
20190411013,134,1,0,1
20190411014,144,8,5,3
20190411015,154,5,6,1
20190411016,164,7,1,6
20190411017,174,3,3,0
20190411018,184,6,1,5
20190411019,194,6,3,3
20190411020,204,6,3,3
20190411021,214,6,8,2
20190411022,224,9,3,6
20190411023,234,3,1,2
20190411024,244,2,4,2
20190411025,254,8,6,2
20190411026,264,2,8,6
20190411027,274,2,8,6
20190411028,284,5,2,3
20190411029,294,5,3,2
20190411030,304,2,5,3
20190411031,314,6,6,0
20190411032,324,1,5,4
20190411033,334,7,3,4
20190411034,344,8,6,2
20190411035,354,8,1,7
20190411036,364,7,1,6
20190411037,374,6,3,3
20190411038,384,8,1,7
20190411039,394,9,3,6
20190411040,404,9,0,9
20190411041,414,3,1,2
20190411042,424,6,5,1
20190411043,434,1,1,0
20190411044,444,3,4,1
20190411045,454,2,9,7
20190411046,464,3,5,2
20190411047,474,0,7,7
20190411048,484,9,7,2
20190411049,494,8,3,5
20190411050,504,8,3,5
20190411051,514,3,5,2
20190411052,524,6,4,2
20190411053,534,3,5,2
20190411054,544,4,0,4
20190411055,554,7,3,4
20190411056,564,1,5,4
20190411057,574,2,2,0
20190411058,584,6,5,1
20190411059,594,8,4,4
20190411060,604,7,4,3
20190411061,614,8,4,4
20190411062,624,5,3,2
20190411063,634,0,6,6
20190411064,644,2,4,2
20190411065,654,7,3,4
20190411066,664,5,0,5
20190411067,674,2,0,2
20190411068,684,0,4,4
20190411069,694,0,7,7
20190411070,704,5,2,3
20190411071,714,3,0,3
20190411072,724,1,6,5
20190411073,734,8,5,3
20190411074,744,8,8,0
20190411075,754,9,3,6
20190411076,764,6,9,3
20190411077,774,0,5,5
20190411078,784,3,3,0
20190411079,794,6,6,0
20190411080,804,1,1,0
20190411081,814,3,3,0
20190411082,824,9,0,9
20190411083,834,8,3,5
20190411084,844,9,6,3
20190411085,854,5,7,2
20190411086,864,0,3,3
20190411087,874,3,9,6
20190411088,884,1,8,7
20190411089,894,8,0,8
20190411090,904,7,6,1
20190411091,914,0,9,9
20190411092,924,4,6,2
20190411093,934,4,2,2
20190411094,944,9,8,1
20190411095,954,9,9,0
20190411096,964,8,0,8
20190411097,974,2,5,3
20190411098,984,2,6,4
20190411099,994,3,5,2
20190411100,1004,2,4,2
20190411101,1014,2,0,2
20190411102,1024,3,7,4
20190411103,1034,7,4,3
20190411104,1044,9,7,2
20190411105,1054,5,3,2
20190411106,1064,5,3,2
20190411107,1074,6,3,3
20190411108,1084,7,2,5
20190411109,1094,5,3,2
20190411110,1104,1,6,5
20190411111,1114,5,2,3
20190411112,1124,7,2,5
20190411113,1134,4,8,4
20190411114,1144,4,1,3
20190411115,1154,2,0,2
20190411116,1164,3,3,0
20190411117,1174,2,9,7
20190411118,1184,3,7,4
20190411119,1194,8,0,8
20190411120,1204,0,8,8
20190411121,1214,3,8,5
20190411122,1224,0,3,3
20190411123,1234,0,3,3
20190411124,1244,7,4,3
20190411125,1254,9,0,9
20190411126,1264,6,9,3
20190411127,1274,3,3,0
20190411128,1284,9,1,8
20190411129,1294,2,4,2
20190411130,1304,6,6,0
20190411131,1314,9,7,2
20190411132,1324,2,4,2
20190411133,1334,4,9,5
20190411134,1344,4,5,1
20190411135,1354,5,8,3
20190411136,1364,1,9,8
20190411137,1374,1,2,1
20190411138,1384,5,8,3
20190411139,1394,0,3,3
20190411140,1404,2,6,4
20190411141,1414,1,8,7
20190411142,1424,8,0,8
20190411143,1434,8,8,0
20190411144,1444,2,0,2
20190411145,1454,9,7,2
20190411146,1464,5,2,3
20190411147,1474,9,1,8
20190411148,1484,1,6,5
20190411149,1494,9,5,4
20190411150,1504,2,5,3
20190411151,1514,1,2,1
20190411152,1524,7,1,6
20190411153,1534,6,9,3
20190411154,1544,1,1,0
20190411155,1554,1,8,7
20190411156,1564,0,5,5
20190411157,1574,5,3,2
20190411158,1584,5,4,1
20190411159,1594,0,9,9
20190411160,1604,7,8,1
20190411161,1614,6,1,5
20190411162,1624,2,6,4
20190411163,1634,4,4,0
20190411164,1644,2,5,3
20190411165,1654,1,3,2
20190411166,1664,8,3,5
20190411167,1674,2,0,2
20190411168,1684,4,0,4
20190411169,1694,1,3,2
20190411170,1704,6,9,3
20190411171,1714,2,6,4
20190411172,1724,9,3,6
20190411173,1734,3,0,3
20190411174,1744,5,8,3
20190411175,1754,9,2,7
20190411176,1764,6,3,3
20190411177,1774,9,1,8
20190411178,1784,2,2,0
20190411179,1794,1,5,4
20190411180,1804,9,3,6
20190411181,1814,4,2,2
20190411182,1824,8,3,5
20190411183,1834,3,1,2
20190411184,1844,5,9,4
20190411185,1854,8,6,2
20190411186,1864,3,2,1
20190411187,1874,5,4,1
20190411188,1884,4,8,4
20190411189,1894,8,7,1
20190411190,1904,5,2,3
20190411191,1914,7,4,3
20190411192,1924,5,9,4
20190411193,1934,1,5,4
20190411194,1944,4,6,2
20190411195,1954,4,6,2
20190411196,1964,7,9,2
20190411197,1974,4,2,2
20190411198,1984,6,1,5
20190411199,1994,6,7,1
20190411200,2004,1,3,2
20190411201,2014,7,3,4
20190411202,2024,1,0,1
20190411203,2034,3,2,1
20190411204,2044,1,1,0
20190411205,2054,4,6,2
20190411206,2064,4,7,3
20190411207,2074,3,2,1
20190411208,2084,0,1,1
20190411209,2094,9,0,9
20190411210,2104,3,3,0
20190411211,2114,4,6,2
20190411212,2124,4,7,3
20190411213,2134,0,9,9
20190411214,2144,1,4,3
20190411215,2154,0,9,9
20190411216,2164,0,3,3
20190411217,2174,3,4,1
20190411218,2184,7,5,2
20190411219,2194,6,4,2
20190411220,2204,3,4,1
20190411221,2214,1,7,6
20190411222,2224,4,2,2
20190411223,2234,2,7,5
20190411224,2244,8,7,1
20190411225,2254,3,5,2
20190411226,2264,8,1,7
20190411227,2274,8,5,3
20190411228,2284,7,3,4
20190411229,2294,1,1,0
20190411230,2304,0,9,9
20190411231,2314,7,4,3
20190411232,2324,7,1,6
20190411233,2334,9,3,6
20190411234,2344,9,3,6
20190411235,2354,6,7,1
20190411236,2364,4,9,5
20190411237,2374,7,2,5
20190411238,2384,6,1,5
20190411239,2394,1,2,1
20190411240,2404,4,5,1
20190411241,2414,8,0,8
20190411242,2424,8,2,6
20190411243,2434,2,2,0
20190411244,2444,4,5,1
20190411245,2454,2,2,0
20190411246,2464,7,9,2
20190411247,2474,9,5,4
20190411248,2484,0,6,6
20190411249,2494,9,2,7
20190411250,2504,4,9,5
20190411251,2514,8,1,7
20190411252,2524,6,1,5
20190411253,2534,9,6,3
20190411254,2544,6,0,6
20190411255,2554,7,2,5
20190411256,2564,5,1,4
20190411257,2574,8,8,0
20190411258,2584,9,6,3
20190411259,2594,7,1,6
20190411260,2604,1,2,1
20190411261,2614,9,8,1
20190411262,2624,0,5,5
20190411263,2634,5,4,1
20190411264,2644,4,2,2
20190411265,2654,8,0,8
20190411266,2664,9,4,5
20190411267,2674,1,0,1
20190411268,2684,7,2,5
20190411269,2694,4,4,0
20190411270,2704,9,0,9
20190411271,2714,4,7,3
20190411272,2724,9,4,5
20190411273,2734,9,0,9
20190411274,2744,1,3,2
20190411275,2754,3,1,2
20190411276,2764,7,3,4
20190411277,2774,3,2,1
20190411278,2784,8,4,4
20190411279,2794,6,7,1
20190411280,2804,2,2,0
20190411281,2814,6,5,1
20190411282,2824,6,9,3
20190411283,2834,2,2,0
20190411284,2844,8,9,1
20190411285,2854,8,0,8
20190411286,2864,2,9,7
20190411287,2874,7,6,1
20190411288,2884,0,8,8
20190412001,15,9,2,7
20190412002,25,6,6,0
20190412003,35,8,9,1
20190412004,45,2,5,3
20190412005,55,7,7,0
20190412006,65,2,8,6
20190412007,75,4,8,4
20190412008,85,8,9,1
20190412009,95,3,5,2
20190412010,105,0,3,3
20190412011,115,0,5,5
20190412012,125,9,7,2
20190412013,135,3,1,2
20190412014,145,0,9,9
20190412015,155,3,5,2
20190412016,165,9,8,1
20190412017,175,5,0,5
20190412018,185,5,1,4
20190412019,195,0,5,5
20190412020,205,9,5,4
20190412021,215,5,8,3
20190412022,225,4,3,1
20190412023,235,4,4,0
20190412024,245,6,5,1
20190412025,255,8,0,8
20190412026,265,7,8,1
20190412027,275,4,7,3
20190412028,285,8,5,3
20190412029,295,2,4,2
20190412030,305,8,7,1
20190412031,315,5,2,3
20190412032,325,3,4,1
20190412033,335,6,9,3
20190412034,345,3,7,4
20190412035,355,6,1,5
20190412036,365,5,0,5
20190412037,375,6,2,4
20190412038,385,3,4,1
20190412039,395,5,1,4
20190412040,405,2,5,3
20190412041,415,7,1,6
20190412042,425,2,5,3
20190412043,435,8,5,3
20190412044,445,7,8,1
20190412045,455,9,5,4
20190412046,465,0,1,1
20190412047,475,0,6,6
20190412048,485,5,4,1
20190412049,495,6,4,2
20190412050,505,5,3,2
20190412051,515,2,3,1
20190412052,525,8,6,2
20190412053,535,4,1,3
20190412054,545,1,8,7
20190412055,555,8,6,2
20190412056,565,4,1,3
20190412057,575,6,7,1
20190412058,585,7,3,4
20190412059,595,4,3,1
20190412060,605,1,6,5
20190412061,615,2,1,1
20190412062,625,7,8,1
20190412063,635,5,0,5
20190412064,645,4,6,2
20190412065,655,0,5,5
20190412066,665,1,6,5
20190412067,675,1,5,4
20190412068,685,0,3,3
20190412069,695,4,1,3
20190412070,705,0,6,6
20190412071,715,4,1,3
20190412072,725,0,1,1
20190412073,735,9,9,0
20190412074,745,6,0,6
20190412075,755,8,1,7
20190412076,765,3,5,2
20190412077,775,2,3,1
20190412078,785,2,4,2
20190412079,795,9,6,3
20190412080,805,3,2,1
20190412081,815,2,9,7
20190412082,825,3,6,3
20190412083,835,3,3,0
20190412084,845,9,1,8
20190412085,855,2,6,4
20190412086,865,4,0,4
20190412087,875,3,0,3
20190412088,885,3,5,2
20190412089,895,0,1,1
20190412090,905,4,1,3
20190412091,915,6,5,1
20190412092,925,7,9,2
20190412093,935,4,4,0
20190412094,945,9,2,7
20190412095,955,3,7,4
20190412096,965,6,1,5
20190412097,975,0,1,1
20190412098,985,5,4,1
20190412099,995,9,7,2
20190412100,1005,3,1,2
20190412101,1015,6,6,0
20190412102,1025,4,7,3
20190412103,1035,6,5,1
20190412104,1045,3,5,2
20190412105,1055,5,3,2
20190412106,1065,7,5,2
20190412107,1075,7,5,2
20190412108,1085,2,2,0
20190412109,1095,0,4,4
20190412110,1105,3,9,6
20190412111,1115,3,3,0
20190412112,1125,5,1,4
20190412113,1135,7,8,1
20190412114,1145,7,9,2
20190412115,1155,5,3,2
20190412116,1165,4,0,4
20190412117,1175,3,1,2
20190412118,1185,8,5,3
20190412119,1195,5,4,1
20190412120,1205,0,9,9
20190412121,1215,8,1,7
20190412122,1225,5,4,1
20190412123,1235,0,2,2
20190412124,1245,9,8,1
20190412125,1255,2,7,5
20190412126,1265,1,8,7
20190412127,1275,3,7,4
20190412128,1285,7,5,2
20190412129,1295,9,2,7
20190412130,1305,8,8,0
20190412131,1315,3,3,0
20190412132,1325,0,4,4
20190412133,1335,2,0,2
20190412134,1345,4,4,0
20190412135,1355,6,8,2
20190412136,1365,1,3,2
20190412137,1375,2,7,5
20190412138,1385,7,6,1
20190412139,1395,0,0,0
20190412140,1405,1,8,7
20190412141,1415,3,5,2
20190412142,1425,8,9,1
20190412143,1435,9,3,6
20190412144,1445,3,0,3
20190412145,1455,6,4,2
20190412146,1465,7,5,2
20190412147,1475,2,1,1
20190412148,1485,7,6,1
20190412149,1495,7,6,1
20190412150,1505,7,2,5
20190412151,1515,2,2,0
20190412152,1525,5,2,3
20190412153,1535,7,6,1
20190412154,1545,0,0,0
20190412155,1555,4,2,2
20190412156,1565,3,7,4
20190412157,1575,2,9,7
20190412158,1585,9,6,3
20190412159,1595,1,4,3
20190412160,1605,8,5,3
20190412161,1615,6,8,2
20190412162,1625,1,5,4
20190412163,1635,8,7,1
20190412164,1645,6,6,0
20190412165,1655,9,5,4
20190412166,1665,0,9,9
20190412167,1675,3,0,3
20190412168,1685,8,2,6
20190412169,1695,9,9,0
20190412170,1705,4,9,5
20190412171,1715,5,8,3
20190412172,1725,1,4,3
20190412173,1735,4,0,4
20190412174,1745,3,7,4
20190412175,1755,5,2,3
20190412176,1765,5,3,2
20190412177,1775,6,8,2
20190412178,1785,8,6,2
20190412179,1795,2,9,7
20190412180,1805,7,8,1
20190412181,1815,4,0,4
20190412182,1825,1,3,2
20190412183,1835,5,5,0
20190412184,1845,5,0,5
20190412185,1855,7,1,6
20190412186,1865,8,9,1
20190412187,1875,5,4,1
20190412188,1885,7,9,2
20190412189,1895,4,2,2
20190412190,1905,7,1,6
20190412191,1915,5,5,0
20190412192,1925,8,6,2
20190412193,1935,5,5,0
20190412194,1945,9,9,0
20190412195,1955,4,4,0
20190412196,1965,3,7,4
20190412197,1975,2,9,7
20190412198,1985,5,8,3
20190412199,1995,3,0,3
20190412200,2005,0,9,9
20190412201,2015,0,8,8
20190412202,2025,3,2,1
20190412203,2035,5,4,1
20190412204,2045,5,4,1
20190412205,2055,5,4,1
20190412206,2065,6,4,2
20190412207,2075,9,8,1
20190412208,2085,2,1,1
20190412209,2095,9,6,3
20190412210,2105,2,9,7
20190412211,2115,4,0,4
20190412212,2125,2,9,7
20190412213,2135,3,2,1
20190412214,2145,4,4,0
20190412215,2155,8,5,3
20190412216,2165,1,8,7
20190412217,2175,7,0,7
20190412218,2185,1,3,2
20190412219,2195,8,1,7
20190412220,2205,4,2,2
20190412221,2215,8,7,1
20190412222,2225,1,9,8
20190412223,2235,5,5,0
20190412224,2245,4,6,2
20190412225,2255,2,6,4
20190412226,2265,6,0,6
20190412227,2275,0,2,2
20190412228,2285,9,7,2
20190412229,2295,4,0,4
20190412230,2305,3,6,3
20190412231,2315,1,9,8
20190412232,2325,7,3,4
20190412233,2335,4,7,3
20190412234,2345,9,7,2
20190412235,2355,4,7,3
20190412236,2365,1,2,1
20190412237,2375,9,5,4
20190412238,2385,0,3,3
20190412239,2395,5,7,2
20190412240,2405,1,1,0
20190412241,2415,0,4,4
20190412242,2425,9,8,1
20190412243,2435,1,9,8
20190412244,2445,1,2,1
20190412245,2455,8,0,8
20190412246,2465,0,9,9
20190412247,2475,6,1,5
20190412248,2485,0,9,9
20190412249,2495,6,9,3
20190412250,2505,2,5,3
20190412251,2515,7,3,4
20190412252,2525,7,2,5
20190412253,2535,9,4,5
20190412254,2545,7,9,2
20190412255,2555,3,5,2
20190412256,2565,2,9,7
20190412257,2575,4,6,2
20190412258,2585,7,3,4
20190412259,2595,9,1,8
20190412260,2605,8,7,1
20190412261,2615,8,1,7
20190412262,2625,0,1,1
20190412263,2635,9,6,3
20190412264,2645,3,5,2
20190412265,2655,2,8,6
20190412266,2665,4,1,3
20190412267,2675,8,2,6
20190412268,2685,5,7,2
20190412269,2695,0,9,9
20190412270,2705,8,7,1
20190412271,2715,6,0,6
20190412272,2725,1,6,5
20190412273,2735,9,4,5
20190412274,2745,2,0,2
20190412275,2755,0,2,2
20190412276,2765,3,7,4
20190412277,2775,3,6,3
20190412278,2785,0,3,3
20190412279,2795,1,5,4
20190412280,2805,9,2,7
20190412281,2815,1,4,3
20190412282,2825,0,4,4
20190412283,2835,1,0,1
20190412284,2845,8,5,3
20190412285,2855,3,1,2
20190412286,2865,5,7,2
20190412287,2875,4,2,2
20190412288,2885,9,4,5
20190413001,16,7,0,7
20190413002,26,3,2,1
20190413003,36,6,4,2
20190413004,46,2,1,1
20190413005,56,5,1,4
20190413006,66,5,3,2
20190413007,76,6,7,1
20190413008,86,8,6,2
20190413009,96,5,4,1
20190413010,106,0,2,2
20190413011,116,2,0,2
20190413012,126,9,6,3
20190413013,136,6,0,6
20190413014,146,8,1,7
20190413015,156,4,1,3
20190413016,166,6,8,2
20190413017,176,4,1,3
20190413018,186,3,8,5
20190413019,196,9,3,6
20190413020,206,5,2,3
20190413021,216,3,0,3
20190413022,226,0,5,5
20190413023,236,4,0,4
20190413024,246,3,9,6
20190413025,256,4,1,3
20190413026,266,0,6,6
20190413027,276,4,7,3
20190413028,286,3,1,2
20190413029,296,5,3,2
20190413030,306,6,3,3
20190413031,316,6,7,1
20190413032,326,9,8,1
20190413033,336,2,6,4
20190413034,346,1,8,7
20190413035,356,7,6,1
20190413036,366,4,0,4
20190413037,376,0,5,5
20190413038,386,0,9,9
20190413039,396,3,6,3
20190413040,406,2,6,4
20190413041,416,1,0,1
20190413042,426,5,3,2
20190413043,436,8,8,0
20190413044,446,2,5,3
20190413045,456,7,7,0
20190413046,466,6,9,3
20190413047,476,8,7,1
20190413048,486,0,3,3
20190413049,496,7,1,6
20190413050,506,5,0,5
20190413051,516,3,7,4
20190413052,526,4,2,2
20190413053,536,6,0,6
20190413054,546,3,8,5
20190413055,556,3,9,6
20190413056,566,0,0,0
20190413057,576,7,5,2
20190413058,586,9,8,1
20190413059,596,0,6,6
20190413060,606,0,6,6
20190413061,616,6,9,3
20190413062,626,1,2,1
20190413063,636,2,9,7
20190413064,646,4,2,2
20190413065,656,7,7,0
20190413066,666,0,7,7
20190413067,676,5,6,1
20190413068,686,3,8,5
20190413069,696,0,8,8
20190413070,706,1,6,5
20190413071,716,0,2,2
20190413072,726,1,1,0
20190413073,736,9,8,1
20190413074,746,1,9,8
20190413075,756,5,0,5
20190413076,766,3,8,5
20190413077,776,0,1,1
20190413078,786,6,1,5
20190413079,796,3,6,3
20190413080,806,7,5,2
20190413081,816,0,4,4
20190413082,826,9,5,4
20190413083,836,2,2,0
20190413084,846,2,1,1
20190413085,856,1,7,6
20190413086,866,0,8,8
20190413087,876,2,3,1
20190413088,886,9,8,1
20190413089,896,0,4,4
20190413090,906,2,5,3
20190413091,916,7,8,1
20190413092,926,0,9,9
20190413093,936,6,1,5
20190413094,946,3,3,0
20190413095,956,1,2,1
20190413096,966,2,7,5
20190413097,976,5,2,3
20190413098,986,5,1,4
20190413099,996,9,0,9
20190413100,1006,8,1,7
20190413101,1016,8,9,1
20190413102,1026,6,8,2
20190413103,1036,8,6,2
20190413104,1046,3,0,3
20190413105,1056,6,6,0
20190413106,1066,5,9,4
20190413107,1076,1,0,1
20190413108,1086,1,3,2
20190413109,1096,6,6,0
20190413110,1106,1,0,1
20190413111,1116,7,1,6
20190413112,1126,2,0,2
20190413113,1136,7,6,1
20190413114,1146,0,7,7
20190413115,1156,4,4,0
20190413116,1166,2,5,3
20190413117,1176,8,6,2
20190413118,1186,7,1,6
20190413119,1196,7,3,4
20190413120,1206,4,3,1
20190413121,1216,8,5,3
20190413122,1226,3,1,2
20190413123,1236,8,0,8
20190413124,1246,7,6,1
20190413125,1256,0,7,7
20190413126,1266,5,0,5
20190413127,1276,0,1,1
20190413128,1286,8,7,1
20190413129,1296,4,0,4
20190413130,1306,9,4,5
20190413131,1316,3,6,3
20190413132,1326,6,6,0
20190413133,1336,4,0,4
20190413134,1346,9,0,9
20190413135,1356,8,6,2
20190413136,1366,4,9,5
20190413137,1376,0,9,9
20190413138,1386,9,4,5
20190413139,1396,9,9,0
20190413140,1406,2,1,1
20190413141,1416,0,6,6
20190413142,1426,9,2,7
20190413143,1436,8,4,4
20190413144,1446,6,8,2
20190413145,1456,9,4,5
20190413146,1466,9,2,7
20190413147,1476,6,1,5
20190413148,1486,5,9,4
20190413149,1496,4,4,0
20190413150,1506,7,5,2
20190413151,1516,1,8,7
20190413152,1526,7,6,1
20190413153,1536,7,9,2
20190413154,1546,8,0,8
20190413155,1556,7,9,2
20190413156,1566,3,1,2
20190413157,1576,0,8,8
20190413158,1586,0,1,1
20190413159,1596,2,5,3
20190413160,1606,5,9,4
20190413161,1616,8,3,5
20190413162,1626,1,1,0
20190413163,1636,0,2,2
20190413164,1646,2,1,1
20190413165,1656,4,9,5
20190413166,1666,0,9,9
20190413167,1676,5,2,3
20190413168,1686,4,4,0
20190413169,1696,8,6,2
20190413170,1706,6,1,5
20190413171,1716,7,3,4
20190413172,1726,3,3,0
20190413173,1736,1,4,3
20190413174,1746,7,3,4
20190413175,1756,0,3,3
20190413176,1766,8,2,6
20190413177,1776,6,9,3
20190413178,1786,4,3,1
20190413179,1796,5,1,4
20190413180,1806,6,7,1
20190413181,1816,3,8,5
20190413182,1826,6,5,1
20190413183,1836,7,2,5
20190413184,1846,8,8,0
20190413185,1856,8,6,2
20190413186,1866,0,7,7
20190413187,1876,7,8,1
20190413188,1886,2,1,1
20190413189,1896,7,8,1
20190413190,1906,3,7,4
20190413191,1916,5,2,3
20190413192,1926,3,2,1
20190413193,1936,5,0,5
20190413194,1946,8,5,3
20190413195,1956,7,5,2
20190413196,1966,1,9,8
20190413197,1976,5,1,4
20190413198,1986,1,4,3
20190413199,1996,8,1,7
20190413200,2006,8,5,3
20190413201,2016,7,4,3
20190413202,2026,6,4,2
20190413203,2036,3,7,4
20190413204,2046,9,1,8
20190413205,2056,4,7,3
20190413206,2066,4,4,0
20190413207,2076,8,9,1
20190413208,2086,9,7,2
20190413209,2096,5,0,5
20190413210,2106,6,6,0
20190413211,2116,6,0,6
20190413212,2126,2,5,3
20190413213,2136,4,3,1
20190413214,2146,5,9,4
20190413215,2156,4,8,4
20190413216,2166,3,3,0
20190413217,2176,8,5,3
20190413218,2186,5,8,3
20190413219,2196,7,9,2
20190413220,2206,1,5,4
20190413221,2216,1,5,4
20190413222,2226,6,5,1
20190413223,2236,8,4,4
20190413224,2246,0,9,9
20190413225,2256,5,6,1
20190413226,2266,2,6,4
20190413227,2276,8,4,4
20190413228,2286,3,8,5
20190413229,2296,6,7,1
20190413230,2306,9,7,2
20190413231,2316,8,7,1
20190413232,2326,9,2,7
20190413233,2336,2,7,5
20190413234,2346,6,8,2
20190413235,2356,9,7,2
20190413236,2366,3,0,3
20190413237,2376,0,5,5
20190413238,2386,5,7,2
20190413239,2396,6,8,2
20190413240,2406,5,7,2
20190413241,2416,3,7,4
20190413242,2426,7,9,2
20190413243,2436,0,7,7
20190413244,2446,8,1,7
20190413245,2456,4,6,2
20190413246,2466,6,6,0
20190413247,2476,2,2,0
20190413248,2486,4,4,0
20190413249,2496,8,5,3
20190413250,2506,0,0,0
20190413251,2516,0,9,9
20190413252,2526,1,3,2
20190413253,2536,9,8,1
20190413254,2546,0,9,9
20190413255,2556,7,7,0
20190413256,2566,4,6,2
20190413257,2576,2,6,4
20190413258,2586,5,4,1
20190413259,2596,6,9,3
20190413260,2606,1,7,6
20190413261,2616,0,9,9
20190413262,2626,1,7,6
20190413263,2636,7,0,7
20190413264,2646,2,6,4
20190413265,2656,5,8,3
20190413266,2666,6,2,4
20190413267,2676,8,6,2
20190413268,2686,2,0,2
20190413269,2696,2,9,7
20190413270,2706,7,4,3
20190413271,2716,8,6,2
20190413272,2726,6,2,4
20190413273,2736,2,0,2
20190413274,2746,5,5,0
20190413275,2756,4,5,1
20190413276,2766,0,9,9
20190413277,2776,8,2,6
20190413278,2786,3,2,1
20190413279,2796,5,6,1
20190413280,2806,8,1,7
20190413281,2816,4,6,2
20190413282,2826,2,4,2
20190413283,2836,7,6,1
20190413284,2846,4,9,5
20190413285,2856,5,7,2
20190413286,2866,1,3,2
20190413287,2876,0,3,3
20190413288,2886,1,3,2
20190414001,17,5,2,3
20190414002,27,1,6,5
20190414003,37,2,9,7
20190414004,47,1,3,2
20190414005,57,0,2,2
20190414006,67,9,8,1
20190414007,77,3,7,4
20190414008,87,2,1,1
20190414009,97,8,5,3
20190414010,107,5,9,4
20190414011,117,9,5,4
20190414012,127,6,9,3
20190414013,137,7,1,6
20190414014,147,4,7,3
20190414015,157,2,9,7
20190414016,167,6,9,3
20190414017,177,8,0,8
20190414018,187,7,3,4
20190414019,197,3,2,1
20190414020,207,9,7,2
20190414021,217,1,2,1
20190414022,227,3,0,3
20190414023,237,4,3,1
20190414024,247,3,6,3
20190414025,257,0,7,7
20190414026,267,3,8,5
20190414027,277,1,7,6
20190414028,287,9,8,1
20190414029,297,5,5,0
20190414030,307,8,0,8
20190414031,317,1,8,7
20190414032,327,3,3,0
20190414033,337,4,4,0
20190414034,347,3,1,2
20190414035,357,3,0,3
20190414036,367,9,7,2
20190414037,377,5,6,1
20190414038,387,6,6,0
20190414039,397,1,7,6
20190414040,407,3,3,0
20190414041,417,1,7,6
20190414042,427,2,0,2
20190414043,437,7,2,5
20190414044,447,2,2,0
20190414045,457,0,9,9
20190414046,467,3,2,1
20190414047,477,1,2,1
20190414048,487,0,1,1
20190414049,497,0,3,3
20190414050,507,3,0,3
20190414051,517,8,6,2
20190414052,527,0,2,2
20190414053,537,6,7,1
20190414054,547,4,2,2
20190414055,557,7,4,3
20190414056,567,7,5,2
20190414057,577,3,8,5
20190414058,587,3,5,2
20190414059,597,0,2,2
20190414060,607,3,8,5
20190414061,617,6,4,2
20190414062,627,8,0,8
20190414063,637,3,6,3
20190414064,647,6,4,2
20190414065,657,5,1,4
20190414066,667,2,3,1
20190414067,677,9,7,2
20190414068,687,8,2,6
20190414069,697,1,9,8
20190414070,707,6,0,6
20190414071,717,4,6,2
20190414072,727,3,1,2
20190414073,737,4,9,5
20190414074,747,0,4,4
20190414075,757,3,2,1
20190414076,767,9,7,2
20190414077,777,3,3,0
20190414078,787,5,2,3
20190414079,797,1,2,1
20190414080,807,1,6,5
20190414081,817,6,4,2
20190414082,827,5,0,5
20190414083,837,0,3,3
20190414084,847,7,7,0
20190414085,857,4,8,4
20190414086,867,6,2,4
20190414087,877,7,7,0
20190414088,887,4,3,1
20190414089,897,8,3,5
20190414090,907,7,7,0
20190414091,917,9,4,5
20190414092,927,5,3,2
20190414093,937,2,0,2
20190414094,947,2,5,3
20190414095,957,5,2,3
20190414096,967,4,3,1
20190414097,977,3,7,4
20190414098,987,6,7,1
20190414099,997,5,2,3
20190414100,1007,4,3,1
20190414101,1017,9,3,6
20190414102,1027,5,8,3
20190414103,1037,8,2,6
20190414104,1047,8,2,6
20190414105,1057,7,3,4
20190414106,1067,9,9,0
20190414107,1077,4,9,5
20190414108,1087,9,1,8
20190414109,1097,9,5,4
20190414110,1107,1,2,1
20190414111,1117,1,3,2
20190414112,1127,6,0,6
20190414113,1137,2,7,5
20190414114,1147,2,6,4
20190414115,1157,9,3,6
20190414116,1167,1,3,2
20190414117,1177,9,9,0
20190414118,1187,3,9,6
20190414119,1197,9,1,8
20190414120,1207,9,5,4
20190414121,1217,6,1,5
20190414122,1227,3,8,5
20190414123,1237,7,5,2
20190414124,1247,3,1,2
20190414125,1257,9,2,7
20190414126,1267,8,3,5
20190414127,1277,0,4,4
20190414128,1287,4,6,2
20190414129,1297,4,1,3
20190414130,1307,2,9,7
20190414131,1317,0,7,7
20190414132,1327,5,6,1
20190414133,1337,2,6,4
20190414134,1347,2,9,7
20190414135,1357,4,4,0
20190414136,1367,7,3,4
20190414137,1377,5,0,5
20190414138,1387,5,7,2
20190414139,1397,8,8,0
20190414140,1407,9,2,7
20190414141,1417,5,8,3
20190414142,1427,3,1,2
20190414143,1437,6,4,2
20190414144,1447,0,1,1
20190414145,1457,9,8,1
20190414146,1467,0,8,8
20190414147,1477,1,7,6
20190414148,1487,4,0,4
20190414149,1497,9,3,6
20190414150,1507,2,0,2
20190414151,1517,9,3,6
20190414152,1527,4,1,3
20190414153,1537,6,2,4
20190414154,1547,5,1,4
20190414155,1557,3,2,1
20190414156,1567,6,0,6
20190414157,1577,0,4,4
20190414158,1587,3,3,0
20190414159,1597,3,2,1
20190414160,1607,6,2,4
20190414161,1617,4,7,3
20190414162,1627,2,6,4
20190414163,1637,0,0,0
20190414164,1647,1,2,1
20190414165,1657,4,8,4
20190414166,1667,9,0,9
20190414167,1677,4,3,1
20190414168,1687,5,3,2
20190414169,1697,1,7,6
20190414170,1707,4,1,3
20190414171,1717,4,9,5
20190414172,1727,3,9,6
20190414173,1737,3,7,4
20190414174,1747,3,9,6
20190414175,1757,0,7,7
20190414176,1767,8,8,0
20190414177,1777,3,3,0
20190414178,1787,8,3,5
20190414179,1797,7,1,6
20190414180,1807,8,1,7
20190414181,1817,9,2,7
20190414182,1827,0,2,2
20190414183,1837,7,9,2
20190414184,1847,1,9,8
20190414185,1857,5,5,0
20190414186,1867,6,1,5
20190414187,1877,3,9,6
20190414188,1887,6,5,1
20190414189,1897,7,0,7
20190414190,1907,1,4,3
20190414191,1917,3,3,0
20190414192,1927,8,6,2
20190414193,1937,7,2,5
20190414194,1947,5,3,2
20190414195,1957,1,1,0
20190414196,1967,4,5,1
20190414197,1977,2,1,1
20190414198,1987,1,0,1
20190414199,1997,2,1,1
20190414200,2007,7,4,3
20190414201,2017,5,6,1
20190414202,2027,6,6,0
20190414203,2037,0,3,3
20190414204,2047,2,4,2
20190414205,2057,3,1,2
20190414206,2067,9,4,5
20190414207,2077,3,1,2
20190414208,2087,1,2,1
20190414209,2097,1,1,0
20190414210,2107,1,1,0
20190414211,2117,8,4,4
20190414212,2127,0,5,5
20190414213,2137,5,6,1
20190414214,2147,1,3,2
20190414215,2157,9,2,7
20190414216,2167,9,7,2
20190414217,2177,7,2,5
20190414218,2187,3,2,1
20190414219,2197,1,2,1
20190414220,2207,4,9,5
20190414221,2217,5,0,5
20190414222,2227,2,5,3
20190414223,2237,6,7,1
20190414224,2247,9,3,6
20190414225,2257,4,1,3
20190414226,2267,1,9,8
20190414227,2277,1,9,8
20190414228,2287,4,0,4
20190414229,2297,9,7,2
20190414230,2307,3,5,2
20190414231,2317,6,5,1
20190414232,2327,2,4,2
20190414233,2337,4,3,1
20190414234,2347,6,2,4
20190414235,2357,9,7,2
20190414236,2367,8,9,1
20190414237,2377,1,4,3
20190414238,2387,5,2,3
20190414239,2397,8,9,1
20190414240,2407,2,8,6
20190414241,2417,3,1,2
20190414242,2427,5,3,2
20190414243,2437,7,5,2
20190414244,2447,9,2,7
20190414245,2457,3,4,1
20190414246,2467,2,8,6
20190414247,2477,5,1,4
20190414248,2487,8,4,4
20190414249,2497,7,1,6
20190414250,2507,0,0,0
20190414251,2517,6,0,6
20190414252,2527,0,9,9
20190414253,2537,9,9,0
20190414254,2547,1,1,0
20190414255,2557,3,1,2
20190414256,2567,9,9,0
20190414257,2577,9,4,5
20190414258,2587,7,1,6
20190414259,2597,9,1,8
20190414260,2607,2,1,1
20190414261,2617,9,6,3
20190414262,2627,2,5,3
20190414263,2637,1,2,1
20190414264,2647,6,3,3
20190414265,2657,2,2,0
20190414266,2667,5,4,1
20190414267,2677,7,0,7
20190414268,2687,9,8,1
20190414269,2697,7,2,5
20190414270,2707,8,4,4
20190414271,2717,9,2,7
20190414272,2727,3,5,2
20190414273,2737,8,3,5
20190414274,2747,9,1,8
20190414275,2757,5,0,5
20190414276,2767,3,2,1
20190414277,2777,2,3,1
20190414278,2787,2,1,1
20190414279,2797,1,9,8
20190414280,2807,8,0,8
20190414281,2817,9,2,7
20190414282,2827,2,6,4
20190414283,2837,4,2,2
20190414284,2847,2,2,0
20190414285,2857,9,4,5
20190414286,2867,3,0,3
20190414287,2877,3,2,1
20190414288,2887,0,6,6
20190415001,11,0,3,3
20190415002,21,3,4,1
20190415003,31,2,2,0
20190415004,41,8,4,4
20190415005,51,4,5,1
20190415006,61,9,4,5
20190415007,71,8,4,4
20190415008,81,1,0,1
20190415009,91,4,9,5
20190415010,101,6,4,2
20190415011,111,8,9,1
20190415012,121,8,6,2
20190415013,131,9,4,5
20190415014,141,1,9,8
20190415015,151,2,0,2
20190415016,161,6,1,5
20190415017,171,0,9,9
20190415018,181,2,1,1
20190415019,191,2,6,4
20190415020,201,1,4,3
20190415021,211,0,6,6
20190415022,221,7,6,1
20190415023,231,3,6,3
20190415024,241,0,5,5
20190415025,251,4,4,0
20190415026,261,1,1,0
20190415027,271,8,4,4
20190415028,281,6,3,3
20190415029,291,8,1,7
20190415030,301,1,1,0
20190415031,311,6,7,1
20190415032,321,9,7,2
20190415033,331,5,7,2
20190415034,341,3,3,0
20190415035,351,1,1,0
20190415036,361,0,9,9
20190415037,371,8,5,3
20190415038,381,6,3,3
20190415039,391,6,5,1
20190415040,401,9,9,0
20190415041,411,3,9,6
20190415042,421,1,5,4
20190415043,431,5,0,5
20190415044,441,2,5,3
20190415045,451,0,3,3
20190415046,461,9,9,0
20190415047,471,8,0,8
20190415048,481,9,9,0
20190415049,491,4,7,3
20190415050,501,2,4,2
20190415051,511,8,2,6
20190415052,521,7,7,0
20190415053,531,3,1,2
20190415054,541,3,3,0
20190415055,551,2,8,6
20190415056,561,8,0,8
20190415057,571,4,9,5
20190415058,581,6,3,3
20190415059,591,9,2,7
20190415060,601,8,4,4
20190415061,611,2,6,4
20190415062,621,5,9,4
20190415063,631,9,7,2
20190415064,641,1,3,2
20190415065,651,5,3,2
20190415066,661,1,6,5
20190415067,671,9,8,1
20190415068,681,6,0,6
20190415069,691,5,3,2
20190415070,701,2,9,7
20190415071,711,4,9,5
20190415072,721,8,7,1
20190415073,731,2,3,1
20190415074,741,6,4,2
20190415075,751,5,1,4
20190415076,761,9,8,1
20190415077,771,0,1,1
20190415078,781,3,3,0
20190415079,791,7,4,3
20190415080,801,2,2,0
20190415081,811,6,5,1
20190415082,821,3,1,2
20190415083,831,8,7,1
20190415084,841,3,7,4
20190415085,851,6,2,4
20190415086,861,7,4,3
20190415087,871,8,9,1
20190415088,881,6,0,6
20190415089,891,3,6,3
20190415090,901,5,8,3
20190415091,911,5,2,3
20190415092,921,8,3,5
20190415093,931,0,2,2
20190415094,941,9,8,1
20190415095,951,9,2,7
20190415096,961,3,4,1
20190415097,971,9,2,7
20190415098,981,0,0,0
20190415099,991,9,7,2
20190415100,1001,7,0,7
20190415101,1011,7,5,2
20190415102,1021,6,6,0
20190415103,1031,2,4,2
20190415104,1041,0,1,1
20190415105,1051,3,2,1
20190415106,1061,0,3,3
20190415107,1071,6,7,1
20190415108,1081,2,9,7
20190415109,1091,7,2,5
20190415110,1101,9,2,7
20190415111,1111,6,3,3
20190415112,1121,1,0,1
20190415113,1131,6,6,0
20190415114,1141,9,4,5
20190415115,1151,0,1,1
20190415116,1161,6,7,1
20190415117,1171,2,3,1
20190415118,1181,3,9,6
20190415119,1191,8,0,8
20190415120,1201,7,8,1
20190415121,1211,0,9,9
20190415122,1221,5,6,1
20190415123,1231,2,2,0
20190415124,1241,7,7,0
20190415125,1251,7,0,7
20190415126,1261,7,5,2
20190415127,1271,7,8,1
20190415128,1281,5,2,3
20190415129,1291,4,8,4
20190415130,1301,4,5,1
20190415131,1311,0,6,6
20190415132,1321,1,7,6
20190415133,1331,6,8,2
20190415134,1341,6,0,6
20190415135,1351,2,3,1
20190415136,1361,6,0,6
20190415137,1371,3,5,2
20190415138,1381,2,2,0
20190415139,1391,2,9,7
20190415140,1401,7,8,1
20190415141,1411,5,9,4
20190415142,1421,0,0,0
20190415143,1431,8,4,4
20190415144,1441,8,4,4
20190415145,1451,0,5,5
20190415146,1461,6,5,1
20190415147,1471,1,6,5
20190415148,1481,4,2,2
20190415149,1491,8,5,3
20190415150,1501,8,6,2
20190415151,1511,5,8,3
20190415152,1521,8,4,4
20190415153,1531,7,1,6
20190415154,1541,9,0,9
20190415155,1551,8,2,6
20190415156,1561,6,8,2
20190415157,1571,4,5,1
20190415158,1581,9,4,5
20190415159,1591,7,7,0
20190415160,1601,7,7,0
20190415161,1611,4,1,3
20190415162,1621,9,5,4
20190415163,1631,4,7,3
20190415164,1641,8,2,6
20190415165,1651,3,8,5
20190415166,1661,1,3,2
20190415167,1671,9,8,1
20190415168,1681,1,0,1
20190415169,1691,6,0,6
20190415170,1701,1,2,1
20190415171,1711,7,6,1
20190415172,1721,6,4,2
20190415173,1731,3,3,0
20190415174,1741,5,6,1
20190415175,1751,2,9,7
20190415176,1761,3,9,6
20190415177,1771,5,6,1
20190415178,1781,4,3,1
20190415179,1791,8,4,4
20190415180,1801,3,9,6
20190415181,1811,7,3,4
20190415182,1821,6,4,2
20190415183,1831,5,3,2
20190415184,1841,5,6,1
20190415185,1851,7,4,3
20190415186,1861,0,4,4
20190415187,1871,5,9,4
20190415188,1881,8,5,3
20190415189,1891,9,7,2
20190415190,1901,8,1,7
20190415191,1911,0,5,5
20190415192,1921,4,6,2
20190415193,1931,5,0,5
20190415194,1941,3,2,1
20190415195,1951,2,9,7
20190415196,1961,8,9,1
20190415197,1971,4,5,1
20190415198,1981,8,6,2
20190415199,1991,7,7,0
20190415200,2001,4,3,1
20190415201,2011,2,9,7
20190415202,2021,7,0,7
20190415203,2031,9,8,1
20190415204,2041,8,3,5
20190415205,2051,3,9,6
20190415206,2061,8,1,7
20190415207,2071,0,2,2
20190415208,2081,8,1,7
20190415209,2091,5,9,4
20190415210,2101,3,2,1
20190415211,2111,5,4,1
20190415212,2121,1,0,1
20190415213,2131,5,9,4
20190415214,2141,2,1,1
20190415215,2151,5,9,4
20190415216,2161,7,8,1
20190415217,2171,4,0,4
20190415218,2181,7,3,4
20190415219,2191,3,5,2
20190415220,2201,8,3,5
20190415221,2211,6,5,1
20190415222,2221,6,2,4
20190415223,2231,4,4,0
20190415224,2241,4,5,1
20190415225,2251,0,5,5
20190415226,2261,2,8,6
20190415227,2271,9,5,4
20190415228,2281,5,3,2
20190415229,2291,7,7,0
20190415230,2301,5,6,1
20190415231,2311,5,2,3
20190415232,2321,8,2,6
20190415233,2331,3,2,1
20190415234,2341,1,6,5
20190415235,2351,7,5,2
20190415236,2361,2,2,0
20190415237,2371,2,9,7
20190415238,2381,2,1,1
20190415239,2391,6,3,3
20190415240,2401,2,1,1
20190415241,2411,0,5,5
20190415242,2421,1,1,0
20190415243,2431,6,9,3
20190415244,2441,8,7,1
20190415245,2451,6,3,3
20190415246,2461,5,6,1
20190415247,2471,4,6,2
20190415248,2481,3,5,2
20190415249,2491,8,3,5
20190415250,2501,9,8,1
20190415251,2511,2,1,1
20190415252,2521,7,8,1
20190415253,2531,4,0,4
20190415254,2541,9,2,7
20190415255,2551,8,4,4
20190415256,2561,7,2,5
20190415257,2571,2,2,0
20190415258,2581,6,8,2
20190415259,2591,7,9,2
20190415260,2601,1,2,1
20190415261,2611,5,7,2
20190415262,2621,1,9,8
20190415263,2631,1,1,0
20190415264,2641,0,6,6
20190415265,2651,4,5,1
20190415266,2661,9,6,3
20190415267,2671,8,7,1
20190415268,2681,3,0,3
20190415269,2691,0,6,6
20190415270,2701,2,0,2
20190415271,2711,9,2,7
20190415272,2721,1,1,0
20190415273,2731,8,7,1
20190415274,2741,6,5,1
20190415275,2751,1,5,4
20190415276,2761,1,3,2
20190415277,2771,0,2,2
20190415278,2781,1,4,3
20190415279,2791,1,5,4
20190415280,2801,8,4,4
20190415281,2811,0,6,6
20190415282,2821,7,1,6
20190415283,2831,5,2,3
20190415284,2841,9,5,4
20190415285,2851,8,4,4
20190415286,2861,7,8,1
20190415287,2871,5,8,3
20190415288,2881,5,4,1
20190416001,12,3,8,5
20190416002,22,5,1,4
20190416003,32,5,7,2
20190416004,42,7,4,3
20190416005,52,0,1,1
20190416006,62,2,2,0
20190416007,72,2,2,0
20190416008,82,9,4,5
20190416009,92,7,6,1
20190416010,102,8,9,1
20190416011,112,2,7,5
20190416012,122,4,2,2
20190416013,132,1,8,7
20190416014,142,0,4,4
20190416015,152,3,9,6
20190416016,162,0,9,9
20190416017,172,9,9,0
20190416018,182,6,6,0
20190416019,192,1,3,2
20190416020,202,1,2,1
20190416021,212,5,0,5
20190416022,222,4,0,4
20190416023,232,8,4,4
20190416024,242,1,4,3
20190416025,252,8,5,3
20190416026,262,9,6,3
20190416027,272,0,6,6
20190416028,282,2,8,6
20190416029,292,2,7,5
20190416030,302,7,1,6
20190416031,312,0,0,0
20190416032,322,5,2,3
20190416033,332,3,0,3
20190416034,342,7,4,3
20190416035,352,5,0,5
20190416036,362,1,3,2
20190416037,372,6,2,4
20190416038,382,4,8,4
20190416039,392,6,3,3
20190416040,402,5,5,0
20190416041,412,6,3,3
20190416042,422,5,8,3
20190416043,432,9,4,5
20190416044,442,0,0,0
20190416045,452,4,7,3
20190416046,462,3,1,2
20190416047,472,4,9,5
20190416048,482,7,0,7
20190416049,492,4,6,2
20190416050,502,3,7,4
20190416051,512,3,1,2
20190416052,522,1,8,7
20190416053,532,9,3,6
20190416054,542,0,1,1
20190416055,552,1,1,0
20190416056,562,8,4,4
20190416057,572,7,1,6
20190416058,582,2,2,0
20190416059,592,6,9,3
20190416060,602,5,9,4
20190416061,612,5,5,0
20190416062,622,9,2,7
20190416063,632,6,9,3
20190416064,642,1,2,1
20190416065,652,8,3,5
20190416066,662,9,9,0
20190416067,672,7,3,4
20190416068,682,6,2,4
20190416069,692,1,3,2
20190416070,702,9,1,8
20190416071,712,6,0,6
20190416072,722,4,3,1
20190416073,732,2,6,4
20190416074,742,1,4,3
20190416075,752,8,8,0
20190416076,762,1,4,3
20190416077,772,2,8,6
20190416078,782,7,7,0
20190416079,792,4,8,4
20190416080,802,6,7,1
20190416081,812,4,9,5
20190416082,822,3,5,2
20190416083,832,1,1,0
20190416084,842,9,2,7
20190416085,852,8,9,1
20190416086,862,4,8,4
20190416087,872,5,4,1
20190416088,882,6,2,4
20190416089,892,2,9,7
20190416090,902,7,7,0
20190416091,912,0,5,5
20190416092,922,2,3,1
20190416093,932,8,9,1
20190416094,942,7,2,5
20190416095,952,1,1,0
20190416096,962,3,2,1
20190416097,972,3,7,4
20190416098,982,6,6,0
20190416099,992,9,3,6
20190416100,1002,1,9,8
20190416101,1012,0,0,0
20190416102,1022,4,0,4
20190416103,1032,9,8,1
20190416104,1042,4,8,4
20190416105,1052,3,7,4
20190416106,1062,7,1,6
20190416107,1072,7,6,1
20190416108,1082,5,0,5
20190416109,1092,6,4,2
20190416110,1102,3,0,3
20190416111,1112,1,4,3
20190416112,1122,6,1,5
20190416113,1132,4,6,2
20190416114,1142,7,2,5
20190416115,1152,2,8,6
20190416116,1162,9,6,3
20190416117,1172,3,2,1
20190416118,1182,8,4,4
20190416119,1192,6,5,1
20190416120,1202,3,1,2
20190416121,1212,4,4,0
20190416122,1222,8,0,8
20190416123,1232,3,7,4
20190416124,1242,4,4,0
20190416125,1252,2,0,2
20190416126,1262,2,8,6
20190416127,1272,8,0,8
20190416128,1282,6,9,3
20190416129,1292,3,4,1
20190416130,1302,7,6,1
20190416131,1312,5,7,2
20190416132,1322,5,7,2
20190416133,1332,6,9,3
20190416134,1342,4,7,3
20190416135,1352,8,1,7
20190416136,1362,2,1,1
20190416137,1372,0,5,5
20190416138,1382,9,9,0
20190416139,1392,6,5,1
20190416140,1402,8,5,3
20190416141,1412,0,2,2
20190416142,1422,0,3,3
20190416143,1432,4,7,3
20190416144,1442,1,2,1
20190416145,1452,4,5,1
20190416146,1462,2,3,1
20190416147,1472,7,8,1
20190416148,1482,1,3,2
20190416149,1492,0,5,5
20190416150,1502,4,6,2
20190416151,1512,6,1,5
20190416152,1522,0,7,7
20190416153,1532,6,5,1
20190416154,1542,8,7,1
20190416155,1552,1,9,8
20190416156,1562,7,5,2
20190416157,1572,5,4,1
20190416158,1582,3,3,0
20190416159,1592,0,8,8
20190416160,1602,7,1,6
20190416161,1612,4,0,4
20190416162,1622,4,4,0
20190416163,1632,9,9,0
20190416164,1642,2,7,5
20190416165,1652,8,0,8
20190416166,1662,6,5,1
20190416167,1672,4,4,0
20190416168,1682,3,2,1
20190416169,1692,7,3,4
20190416170,1702,5,2,3
20190416171,1712,6,4,2
20190416172,1722,8,3,5
20190416173,1732,6,7,1
20190416174,1742,5,4,1
20190416175,1752,6,2,4
20190416176,1762,1,3,2
20190416177,1772,6,8,2
20190416178,1782,1,4,3
20190416179,1792,6,4,2
20190416180,1802,1,5,4
20190416181,1812,6,5,1
20190416182,1822,3,8,5
20190416183,1832,8,1,7
20190416184,1842,7,6,1
20190416185,1852,4,3,1
20190416186,1862,6,4,2
20190416187,1872,9,8,1
20190416188,1882,9,3,6
20190416189,1892,0,2,2
20190416190,1902,2,2,0
20190416191,1912,8,6,2
20190416192,1922,8,8,0
20190416193,1932,6,9,3
20190416194,1942,1,6,5
20190416195,1952,9,2,7
20190416196,1962,3,7,4
20190416197,1972,1,1,0
20190416198,1982,9,2,7
20190416199,1992,8,9,1
20190416200,2002,1,5,4
20190416201,2012,6,3,3
20190416202,2022,4,2,2
20190416203,2032,1,5,4
20190416204,2042,9,8,1
20190416205,2052,8,1,7
20190416206,2062,4,1,3
20190416207,2072,8,6,2
20190416208,2082,0,7,7
20190416209,2092,1,1,0
20190416210,2102,1,6,5
20190416211,2112,9,7,2
20190416212,2122,3,3,0
20190416213,2132,9,1,8
20190416214,2142,7,9,2
20190416215,2152,8,1,7
20190416216,2162,7,2,5
20190416217,2172,3,9,6
20190416218,2182,6,8,2
20190416219,2192,6,4,2
20190416220,2202,0,4,4
20190416221,2212,7,4,3
20190416222,2222,9,3,6
20190416223,2232,8,1,7
20190416224,2242,5,4,1
20190416225,2252,8,2,6
20190416226,2262,9,5,4
20190416227,2272,3,1,2
20190416228,2282,2,1,1
20190416229,2292,7,7,0
20190416230,2302,3,9,6
20190416231,2312,7,0,7
20190416232,2322,4,6,2
20190416233,2332,5,3,2
20190416234,2342,4,0,4
20190416235,2352,6,0,6
20190416236,2362,8,3,5
20190416237,2372,3,5,2
20190416238,2382,8,4,4
20190416239,2392,8,0,8
20190416240,2402,0,9,9
20190416241,2412,5,1,4
20190416242,2422,5,2,3
20190416243,2432,0,3,3
20190416244,2442,0,0,0
20190416245,2452,5,0,5
20190416246,2462,8,1,7
20190416247,2472,3,6,3
20190416248,2482,5,0,5
20190416249,2492,2,7,5
20190416250,2502,2,0,2
20190416251,2512,8,7,1
20190416252,2522,1,9,8
20190416253,2532,9,5,4
20190416254,2542,2,7,5
20190416255,2552,3,3,0
20190416256,2562,3,8,5
20190416257,2572,8,9,1
20190416258,2582,2,3,1
20190416259,2592,0,7,7
20190416260,2602,2,0,2
20190416261,2612,7,7,0
20190416262,2622,3,6,3
20190416263,2632,3,2,1
20190416264,2642,9,5,4
20190416265,2652,3,2,1
20190416266,2662,8,1,7
20190416267,2672,5,3,2
20190416268,2682,3,8,5
20190416269,2692,9,3,6
20190416270,2702,9,8,1
20190416271,2712,2,1,1
20190416272,2722,9,2,7
20190416273,2732,5,6,1
20190416274,2742,4,5,1
20190416275,2752,4,5,1
20190416276,2762,6,0,6
20190416277,2772,7,2,5
20190416278,2782,2,3,1
20190416279,2792,8,3,5
20190416280,2802,1,1,0
20190416281,2812,4,7,3
20190416282,2822,4,4,0
20190416283,2832,6,0,6
20190416284,2842,8,1,7
20190416285,2852,0,7,7
20190416286,2862,3,5,2
20190416287,2872,1,3,2
20190416288,2882,6,8,2
20190417001,13,3,0,3
20190417002,23,0,1,1
20190417003,33,9,0,9
20190417004,43,7,0,7
20190417005,53,9,0,9
20190417006,63,3,9,6
20190417007,73,5,8,3
20190417008,83,7,3,4
20190417009,93,1,8,7
20190417010,103,4,1,3
20190417011,113,1,2,1
20190417012,123,5,3,2
20190417013,133,2,5,3
20190417014,143,1,7,6
20190417015,153,3,6,3
20190417016,163,7,7,0
20190417017,173,1,1,0
20190417018,183,9,6,3
20190417019,193,0,6,6
20190417020,203,8,3,5
20190417021,213,9,7,2
20190417022,223,4,0,4
20190417023,233,9,7,2
20190417024,243,9,8,1
20190417025,253,2,2,0
20190417026,263,5,3,2
20190417027,273,7,9,2
20190417028,283,0,6,6
20190417029,293,0,9,9
20190417030,303,0,1,1
20190417031,313,6,8,2
20190417032,323,2,1,1
20190417033,333,8,0,8
20190417034,343,2,4,2
20190417035,353,9,9,0
20190417036,363,3,3,0
20190417037,373,7,6,1
20190417038,383,2,7,5
20190417039,393,4,5,1
20190417040,403,1,3,2
20190417041,413,7,6,1
20190417042,423,5,9,4
20190417043,433,2,4,2
20190417044,443,1,2,1
20190417045,453,3,2,1
20190417046,463,1,2,1
20190417047,473,9,6,3
20190417048,483,6,8,2
20190417049,493,4,9,5
20190417050,503,2,1,1
20190417051,513,7,2,5
20190417052,523,1,1,0
20190417053,533,1,7,6
20190417054,543,6,2,4
20190417055,553,5,8,3
20190417056,563,5,2,3
20190417057,573,5,6,1
20190417058,583,6,5,1
20190417059,593,2,1,1
20190417060,603,5,1,4
20190417061,613,0,8,8
20190417062,623,6,7,1
20190417063,633,0,5,5
20190417064,643,2,5,3
20190417065,653,3,6,3
20190417066,663,8,9,1
20190417067,673,1,8,7
20190417068,683,8,9,1
20190417069,693,2,8,6
20190417070,703,6,6,0
20190417071,713,4,0,4
20190417072,723,4,9,5
20190417073,733,4,3,1
20190417074,743,7,8,1
20190417075,753,3,9,6
20190417076,763,9,4,5
20190417077,773,5,4,1
20190417078,783,5,5,0
20190417079,793,4,1,3
20190417080,803,3,8,5
20190417081,813,4,3,1
20190417082,823,0,0,0
20190417083,833,7,9,2
20190417084,843,1,1,0
20190417085,853,3,9,6
20190417086,863,1,8,7
20190417087,873,8,7,1
20190417088,883,4,9,5
20190417089,893,6,7,1
20190417090,903,4,1,3
20190417091,913,9,7,2
20190417092,923,2,2,0
20190417093,933,8,9,1
20190417094,943,8,6,2
20190417095,953,5,9,4
20190417096,963,6,7,1
20190417097,973,8,0,8
20190417098,983,6,2,4
20190417099,993,7,9,2
20190417100,1003,0,2,2
20190417101,1013,5,1,4
20190417102,1023,6,7,1
20190417103,1033,3,8,5
20190417104,1043,2,5,3
20190417105,1053,4,6,2
20190417106,1063,6,0,6
20190417107,1073,3,5,2
20190417108,1083,5,0,5
20190417109,1093,3,5,2
20190417110,1103,3,2,1
20190417111,1113,3,5,2
20190417112,1123,2,7,5
20190417113,1133,6,4,2
20190417114,1143,5,9,4
20190417115,1153,2,8,6
20190417116,1163,5,9,4
20190417117,1173,0,3,3
20190417118,1183,5,4,1
20190417119,1193,8,8,0
20190417120,1203,1,8,7
20190417121,1213,6,5,1
20190417122,1223,3,2,1
20190417123,1233,7,1,6
20190417124,1243,3,3,0
20190417125,1253,3,6,3
20190417126,1263,6,1,5
20190417127,1273,3,7,4
20190417128,1283,3,4,1
20190417129,1293,8,5,3
20190417130,1303,6,8,2
20190417131,1313,2,3,1
20190417132,1323,5,4,1
20190417133,1333,8,5,3
20190417134,1343,6,6,0
20190417135,1353,8,3,5
20190417136,1363,2,6,4
20190417137,1373,8,5,3
20190417138,1383,9,0,9
20190417139,1393,6,2,4
20190417140,1403,5,0,5
20190417141,1413,0,3,3
20190417142,1423,9,7,2
20190417143,1433,4,8,4
20190417144,1443,6,3,3
20190417145,1453,8,3,5
20190417146,1463,9,5,4
20190417147,1473,6,9,3
20190417148,1483,2,1,1
20190417149,1493,9,1,8
20190417150,1503,8,7,1
20190417151,1513,1,6,5
20190417152,1523,1,3,2
20190417153,1533,5,9,4
20190417154,1543,0,1,1
20190417155,1553,4,0,4
20190417156,1563,1,4,3
20190417157,1573,8,5,3
20190417158,1583,6,6,0
20190417159,1593,3,2,1
20190417160,1603,2,2,0
20190417161,1613,7,6,1
20190417162,1623,3,6,3
20190417163,1633,0,8,8
20190417164,1643,0,0,0
20190417165,1653,9,2,7
20190417166,1663,7,0,7
20190417167,1673,3,8,5
20190417168,1683,6,4,2
20190417169,1693,0,5,5
20190417170,1703,2,3,1
20190417171,1713,2,6,4
20190417172,1723,1,0,1
20190417173,1733,8,6,2
20190417174,1743,3,5,2
20190417175,1753,6,9,3
20190417176,1763,1,9,8
20190417177,1773,4,7,3
20190417178,1783,4,4,0
20190417179,1793,0,4,4
20190417180,1803,7,8,1
20190417181,1813,2,9,7
20190417182,1823,4,6,2
20190417183,1833,6,0,6
20190417184,1843,9,6,3
20190417185,1853,7,5,2
20190417186,1863,9,2,7
20190417187,1873,6,5,1
20190417188,1883,1,7,6
20190417189,1893,8,0,8
20190417190,1903,7,5,2
20190417191,1913,5,4,1
20190417192,1923,8,7,1
20190417193,1933,8,0,8
20190417194,1943,5,6,1
20190417195,1953,4,5,1
20190417196,1963,0,2,2
20190417197,1973,5,1,4
20190417198,1983,8,4,4
20190417199,1993,0,8,8
20190417200,2003,6,3,3
20190417201,2013,4,4,0
20190417202,2023,3,8,5
20190417203,2033,5,4,1
20190417204,2043,6,3,3
20190417205,2053,5,6,1
20190417206,2063,6,9,3
20190417207,2073,6,0,6
20190417208,2083,4,9,5
20190417209,2093,4,3,1
20190417210,2103,7,4,3
20190417211,2113,2,7,5
20190417212,2123,2,4,2
20190417213,2133,8,9,1
20190417214,2143,8,9,1
20190417215,2153,4,4,0
20190417216,2163,6,2,4
20190417217,2173,5,9,4
20190417218,2183,7,2,5
20190417219,2193,5,1,4
20190417220,2203,3,2,1
20190417221,2213,6,9,3
20190417222,2223,8,9,1
20190417223,2233,2,3,1
20190417224,2243,5,7,2
20190417225,2253,2,5,3
20190417226,2263,5,7,2
20190417227,2273,9,8,1
20190417228,2283,6,7,1
20190417229,2293,0,1,1
20190417230,2303,8,0,8
20190417231,2313,1,7,6
20190417232,2323,3,4,1
20190417233,2333,7,0,7
20190417234,2343,6,0,6
20190417235,2353,9,6,3
20190417236,2363,4,4,0
20190417237,2373,5,3,2
20190417238,2383,0,3,3
20190417239,2393,7,3,4
20190417240,2403,9,1,8
20190417241,2413,0,6,6
20190417242,2423,0,9,9
20190417243,2433,6,3,3
20190417244,2443,8,9,1
20190417245,2453,2,8,6
20190417246,2463,2,7,5
20190417247,2473,2,5,3
20190417248,2483,9,6,3
20190417249,2493,5,7,2
20190417250,2503,7,6,1
20190417251,2513,5,2,3
20190417252,2523,4,5,1
20190417253,2533,9,3,6
20190417254,2543,6,8,2
20190417255,2553,6,3,3
20190417256,2563,1,0,1
20190417257,2573,3,5,2
20190417258,2583,2,9,7
20190417259,2593,3,4,1
20190417260,2603,5,8,3
20190417261,2613,4,7,3
20190417262,2623,4,1,3
20190417263,2633,9,0,9
20190417264,2643,2,1,1
20190417265,2653,1,7,6
20190417266,2663,8,6,2
20190417267,2673,2,0,2
20190417268,2683,5,0,5
20190417269,2693,2,3,1
20190417270,2703,0,6,6
20190417271,2713,6,5,1
20190417272,2723,8,0,8
20190417273,2733,9,1,8
20190417274,2743,5,0,5
20190417275,2753,7,1,6
20190417276,2763,5,1,4
20190417277,2773,7,6,1
20190417278,2783,6,3,3
20190417279,2793,1,9,8
20190417280,2803,1,8,7
20190417281,2813,1,8,7
20190417282,2823,8,0,8
20190417283,2833,0,1,1
20190417284,2843,3,7,4
20190417285,2853,8,1,7
20190417286,2863,7,1,6
20190417287,2873,2,0,2
20190417288,2883,9,2,7
20190418001,14,9,0,9
20190418002,24,2,6,4
20190418003,34,6,6,0
20190418004,44,3,0,3
20190418005,54,3,8,5
20190418006,64,1,3,2
20190418007,74,4,9,5
20190418008,84,6,1,5
20190418009,94,5,6,1
20190418010,104,9,1,8
20190418011,114,5,0,5
20190418012,124,9,9,0
20190418013,134,8,8,0
20190418014,144,3,6,3
20190418015,154,2,2,0
20190418016,164,2,1,1
20190418017,174,1,4,3
20190418018,184,8,3,5
20190418019,194,1,5,4
20190418020,204,4,7,3
20190418021,214,8,9,1
20190418022,224,3,3,0
20190418023,234,5,3,2
20190418024,244,9,6,3
20190418025,254,5,8,3
20190418026,264,2,1,1
20190418027,274,1,5,4
20190418028,284,6,2,4
20190418029,294,8,9,1
20190418030,304,0,8,8
20190418031,314,1,5,4
20190418032,324,7,0,7
20190418033,334,4,1,3
20190418034,344,2,7,5
20190418035,354,1,8,7
20190418036,364,9,2,7
20190418037,374,6,8,2
20190418038,384,0,5,5
20190418039,394,6,6,0
20190418040,404,6,3,3
20190418041,414,3,9,6
20190418042,424,6,5,1
20190418043,434,5,9,4
20190418044,444,1,4,3
20190418045,454,7,8,1
20190418046,464,5,5,0
20190418047,474,0,2,2
20190418048,484,4,9,5
20190418049,494,9,1,8
20190418050,504,0,3,3
20190418051,514,5,6,1
20190418052,524,7,0,7
20190418053,534,0,0,0
20190418054,544,4,5,1
20190418055,554,2,2,0
20190418056,564,9,6,3
20190418057,574,7,1,6
20190418058,584,5,3,2
20190418059,594,9,5,4
20190418060,604,3,8,5
20190418061,614,8,4,4
20190418062,624,7,1,6
20190418063,634,2,4,2
20190418064,644,3,2,1
20190418065,654,6,0,6
20190418066,664,1,4,3
20190418067,674,6,4,2
20190418068,684,1,7,6
20190418069,694,9,8,1
20190418070,704,7,7,0
20190418071,714,8,5,3
20190418072,724,9,8,1
20190418073,734,2,0,2
20190418074,744,4,6,2
20190418075,754,7,7,0
20190418076,764,2,5,3
20190418077,774,3,9,6
20190418078,784,1,4,3
20190418079,794,6,3,3
20190418080,804,9,4,5
20190418081,814,0,1,1
20190418082,824,1,9,8
20190418083,834,1,9,8
20190418084,844,4,1,3
20190418085,854,8,3,5
20190418086,864,1,8,7
20190418087,874,3,0,3
20190418088,884,3,9,6
20190418089,894,2,0,2
20190418090,904,4,7,3
20190418091,914,7,7,0
20190418092,924,5,0,5
20190418093,934,3,1,2
20190418094,944,2,9,7
20190418095,954,7,5,2
20190418096,964,2,7,5
20190418097,974,3,0,3
20190418098,984,0,6,6
20190418099,994,5,8,3
20190418100,1004,7,9,2
20190418101,1014,5,5,0
20190418102,1024,3,8,5
20190418103,1034,4,0,4
20190418104,1044,6,7,1
20190418105,1054,6,9,3
20190418106,1064,3,2,1
20190418107,1074,7,2,5
20190418108,1084,7,8,1
20190418109,1094,4,3,1
20190418110,1104,4,8,4
20190418111,1114,4,9,5
20190418112,1124,1,7,6
20190418113,1134,7,0,7
20190418114,1144,2,8,6
20190418115,1154,8,8,0
20190418116,1164,5,2,3
20190418117,1174,1,7,6
20190418118,1184,0,0,0
20190418119,1194,0,0,0
20190418120,1204,9,4,5
20190418121,1214,9,8,1
20190418122,1224,4,1,3
20190418123,1234,5,6,1
20190418124,1244,1,0,1
20190418125,1254,4,7,3
20190418126,1264,8,5,3
20190418127,1274,6,8,2
20190418128,1284,8,6,2
20190418129,1294,5,5,0
20190418130,1304,6,7,1
20190418131,1314,6,3,3
20190418132,1324,1,3,2
20190418133,1334,3,8,5
20190418134,1344,6,0,6
20190418135,1354,6,1,5
20190418136,1364,6,6,0
20190418137,1374,1,0,1
20190418138,1384,7,2,5
20190418139,1394,3,8,5
20190418140,1404,8,3,5
20190418141,1414,6,2,4
20190418142,1424,1,0,1
20190418143,1434,5,6,1
20190418144,1444,6,1,5
20190418145,1454,2,9,7
20190418146,1464,3,7,4
20190418147,1474,0,3,3
20190418148,1484,5,0,5
20190418149,1494,7,5,2
20190418150,1504,6,3,3
20190418151,1514,4,3,1
20190418152,1524,8,7,1
20190418153,1534,8,1,7
20190418154,1544,1,7,6
20190418155,1554,3,4,1
20190418156,1564,7,9,2
20190418157,1574,8,5,3
20190418158,1584,1,0,1
20190418159,1594,8,7,1
20190418160,1604,5,3,2
20190418161,1614,0,2,2
20190418162,1624,8,1,7
20190418163,1634,1,7,6
20190418164,1644,1,6,5
20190418165,1654,2,7,5
20190418166,1664,5,0,5
20190418167,1674,8,0,8
20190418168,1684,1,7,6
20190418169,1694,7,3,4
20190418170,1704,8,4,4
20190418171,1714,8,9,1
20190418172,1724,5,2,3
20190418173,1734,2,9,7
20190418174,1744,3,4,1
20190418175,1754,2,2,0
20190418176,1764,4,4,0
20190418177,1774,8,5,3
20190418178,1784,3,2,1
20190418179,1794,1,0,1
20190418180,1804,2,6,4
20190418181,1814,5,4,1
20190418182,1824,2,2,0
20190418183,1834,0,9,9
20190418184,1844,4,0,4
20190418185,1854,2,8,6
20190418186,1864,0,4,4
20190418187,1874,4,5,1
20190418188,1884,2,6,4
20190418189,1894,5,5,0
20190418190,1904,9,6,3
20190418191,1914,2,4,2
20190418192,1924,0,9,9
20190418193,1934,1,8,7
20190418194,1944,2,0,2
20190418195,1954,5,2,3
20190418196,1964,3,7,4
20190418197,1974,2,5,3
20190418198,1984,7,6,1
20190418199,1994,6,4,2
20190418200,2004,6,1,5
20190418201,2014,3,8,5
20190418202,2024,3,7,4
20190418203,2034,5,6,1
20190418204,2044,7,2,5
20190418205,2054,2,7,5
20190418206,2064,9,9,0
20190418207,2074,8,2,6
20190418208,2084,5,9,4
20190418209,2094,5,7,2
20190418210,2104,7,3,4
20190418211,2114,7,9,2
20190418212,2124,0,3,3
20190418213,2134,9,0,9
20190418214,2144,0,0,0
20190418215,2154,6,1,5
20190418216,2164,2,7,5
20190418217,2174,8,5,3
20190418218,2184,7,6,1
20190418219,2194,6,9,3
20190418220,2204,0,9,9
20190418221,2214,7,2,5
20190418222,2224,3,2,1
20190418223,2234,2,4,2
20190418224,2244,2,7,5
20190418225,2254,3,6,3
20190418226,2264,8,4,4
20190418227,2274,2,5,3
20190418228,2284,7,0,7
20190418229,2294,8,9,1
20190418230,2304,3,9,6
20190418231,2314,8,8,0
20190418232,2324,7,9,2
20190418233,2334,5,4,1
20190418234,2344,6,6,0
20190418235,2354,9,5,4
20190418236,2364,2,9,7
20190418237,2374,2,0,2
20190418238,2384,5,8,3
20190418239,2394,2,9,7
20190418240,2404,4,4,0
20190418241,2414,2,3,1
20190418242,2424,9,8,1
20190418243,2434,6,1,5
20190418244,2444,9,7,2
20190418245,2454,9,6,3
20190418246,2464,7,0,7
20190418247,2474,6,2,4
20190418248,2484,7,7,0
20190418249,2494,6,2,4
20190418250,2504,5,6,1
20190418251,2514,2,8,6
20190418252,2524,0,3,3
20190418253,2534,3,8,5
20190418254,2544,9,5,4
20190418255,2554,2,5,3
20190418256,2564,4,0,4
20190418257,2574,1,6,5
20190418258,2584,8,5,3
20190418259,2594,2,3,1
20190418260,2604,4,3,1
20190418261,2614,4,1,3
20190418262,2624,6,1,5
20190418263,2634,5,5,0
20190418264,2644,1,1,0
20190418265,2654,0,7,7
20190418266,2664,4,5,1
20190418267,2674,0,3,3
20190418268,2684,2,2,0
20190418269,2694,3,9,6
20190418270,2704,2,7,5
20190418271,2714,9,1,8
20190418272,2724,5,3,2
20190418273,2734,5,1,4
20190418274,2744,8,4,4
20190418275,2754,0,2,2
20190418276,2764,3,9,6
20190418277,2774,3,7,4
20190418278,2784,7,9,2
20190418279,2794,4,1,3
20190418280,2804,5,9,4
20190418281,2814,1,7,6
20190418282,2824,4,5,1
20190418283,2834,8,4,4
20190418284,2844,4,3,1
20190418285,2854,6,2,4
20190418286,2864,0,6,6
20190418287,2874,4,0,4
20190418288,2884,0,5,5
20190419001,15,8,7,1
20190419002,25,3,5,2
20190419003,35,3,7,4
20190419004,45,1,6,5
20190419005,55,1,0,1
20190419006,65,0,8,8
20190419007,75,0,1,1
20190419008,85,0,9,9
20190419009,95,1,0,1
20190419010,105,5,1,4
20190419011,115,3,7,4
20190419012,125,3,2,1
20190419013,135,1,4,3
20190419014,145,4,5,1
20190419015,155,0,9,9
20190419016,165,3,5,2
20190419017,175,4,2,2
20190419018,185,2,9,7
20190419019,195,2,6,4
20190419020,205,6,9,3
20190419021,215,8,6,2
20190419022,225,0,3,3
20190419023,235,4,8,4
20190419024,245,9,8,1
20190419025,255,2,3,1
20190419026,265,2,8,6
20190419027,275,3,4,1
20190419028,285,9,6,3
20190419029,295,5,0,5
20190419030,305,0,8,8
20190419031,315,2,4,2
20190419032,325,2,0,2
20190419033,335,6,6,0
20190419034,345,3,0,3
20190419035,355,5,6,1
20190419036,365,8,2,6
20190419037,375,3,6,3
20190419038,385,9,5,4
20190419039,395,1,6,5
20190419040,405,1,5,4
20190419041,415,3,6,3
20190419042,425,4,6,2
20190419043,435,8,3,5
20190419044,445,3,3,0
20190419045,455,6,2,4
20190419046,465,0,1,1
20190419047,475,4,7,3
20190419048,485,0,1,1
20190419049,495,0,0,0
20190419050,505,0,5,5
20190419051,515,8,1,7
20190419052,525,3,5,2
20190419053,535,9,6,3
20190419054,545,9,9,0
20190419055,555,6,5,1
20190419056,565,5,5,0
20190419057,575,3,7,4
20190419058,585,3,3,0
20190419059,595,1,6,5
20190419060,605,6,1,5
20190419061,615,8,1,7
20190419062,625,1,8,7
20190419063,635,7,3,4
20190419064,645,2,5,3
20190419065,655,1,0,1
20190419066,665,7,8,1
20190419067,675,6,0,6
20190419068,685,3,1,2
20190419069,695,2,7,5
20190419070,705,7,1,6
20190419071,715,8,1,7
20190419072,725,0,1,1
20190419073,735,5,2,3
20190419074,745,8,8,0
20190419075,755,4,3,1
20190419076,765,9,2,7
20190419077,775,1,7,6
20190419078,785,2,4,2
20190419079,795,5,9,4
20190419080,805,9,0,9
20190419081,815,6,5,1
20190419082,825,3,3,0
20190419083,835,6,2,4
20190419084,845,0,1,1
20190419085,855,2,2,0
20190419086,865,6,3,3
20190419087,875,4,8,4
20190419088,885,7,8,1
20190419089,895,1,7,6
20190419090,905,7,2,5
20190419091,915,6,3,3
20190419092,925,8,1,7
20190419093,935,0,5,5
20190419094,945,3,3,0
20190419095,955,3,1,2
20190419096,965,0,6,6
20190419097,975,3,7,4
20190419098,985,8,5,3
20190419099,995,7,6,1
20190419100,1005,8,8,0
20190419101,1015,4,0,4
20190419102,1025,8,9,1
20190419103,1035,4,3,1
20190419104,1045,9,0,9
20190419105,1055,6,5,1
20190419106,1065,1,7,6
20190419107,1075,4,9,5
20190419108,1085,2,7,5
20190419109,1095,7,1,6
20190419110,1105,0,4,4
20190419111,1115,2,4,2
20190419112,1125,0,7,7
20190419113,1135,9,6,3
20190419114,1145,4,4,0
20190419115,1155,7,4,3
20190419116,1165,1,5,4
20190419117,1175,3,7,4
20190419118,1185,6,2,4
20190419119,1195,3,3,0
20190419120,1205,9,5,4
20190419121,1215,8,4,4
20190419122,1225,5,2,3
20190419123,1235,3,4,1
20190419124,1245,2,3,1
20190419125,1255,7,7,0
20190419126,1265,6,0,6
20190419127,1275,7,4,3
20190419128,1285,0,8,8
20190419129,1295,4,7,3
20190419130,1305,6,2,4
20190419131,1315,0,7,7
20190419132,1325,7,5,2
20190419133,1335,5,2,3
20190419134,1345,6,1,5
20190419135,1355,9,1,8
20190419136,1365,1,4,3
20190419137,1375,9,1,8
20190419138,1385,5,3,2
20190419139,1395,7,3,4
20190419140,1405,4,2,2
20190419141,1415,4,3,1
20190419142,1425,7,7,0
20190419143,1435,6,1,5
20190419144,1445,6,4,2
20190419145,1455,3,2,1
20190419146,1465,5,2,3
20190419147,1475,2,1,1
20190419148,1485,0,8,8
20190419149,1495,7,3,4
20190419150,1505,8,5,3
20190419151,1515,7,1,6
20190419152,1525,4,8,4
20190419153,1535,7,0,7
20190419154,1545,9,9,0
20190419155,1555,6,7,1
20190419156,1565,2,1,1
20190419157,1575,5,1,4
20190419158,1585,5,1,4
20190419159,1595,9,3,6
20190419160,1605,7,0,7
20190419161,1615,0,5,5
20190419162,1625,2,7,5
20190419163,1635,4,1,3
20190419164,1645,0,8,8
20190419165,1655,9,1,8
20190419166,1665,2,4,2
20190419167,1675,6,7,1
20190419168,1685,4,8,4
20190419169,1695,1,3,2
20190419170,1705,9,0,9
20190419171,1715,8,4,4
20190419172,1725,0,2,2
20190419173,1735,2,2,0
20190419174,1745,8,8,0
20190419175,1755,3,7,4
20190419176,1765,7,1,6
20190419177,1775,8,2,6
20190419178,1785,3,7,4
20190419179,1795,1,6,5
20190419180,1805,7,8,1
20190419181,1815,0,9,9
20190419182,1825,0,0,0
20190419183,1835,4,5,1
20190419184,1845,7,5,2
20190419185,1855,9,1,8
20190419186,1865,3,6,3
20190419187,1875,9,0,9
20190419188,1885,5,6,1
20190419189,1895,7,1,6
20190419190,1905,4,6,2
20190419191,1915,6,3,3
20190419192,1925,4,6,2
20190419193,1935,3,8,5
20190419194,1945,7,5,2
20190419195,1955,9,6,3
20190419196,1965,1,1,0
20190419197,1975,3,8,5
20190419198,1985,7,0,7
20190419199,1995,5,3,2
20190419200,2005,7,2,5
20190419201,2015,5,9,4
20190419202,2025,4,9,5
20190419203,2035,9,7,2
20190419204,2045,1,5,4
20190419205,2055,4,9,5
20190419206,2065,7,2,5
20190419207,2075,4,0,4
20190419208,2085,4,1,3
20190419209,2095,5,9,4
20190419210,2105,9,3,6
20190419211,2115,7,0,7
20190419212,2125,8,3,5
20190419213,2135,3,7,4
20190419214,2145,8,7,1
20190419215,2155,1,9,8
20190419216,2165,6,8,2
20190419217,2175,5,1,4
20190419218,2185,0,2,2
20190419219,2195,5,1,4
20190419220,2205,9,2,7
20190419221,2215,4,3,1
20190419222,2225,4,5,1
20190419223,2235,1,4,3
20190419224,2245,6,0,6
20190419225,2255,7,6,1
20190419226,2265,3,6,3
20190419227,2275,2,8,6
20190419228,2285,3,5,2
20190419229,2295,9,2,7
20190419230,2305,9,7,2
20190419231,2315,5,6,1
20190419232,2325,4,6,2
20190419233,2335,3,9,6
20190419234,2345,4,9,5
20190419235,2355,5,4,1
20190419236,2365,1,1,0
20190419237,2375,3,6,3
20190419238,2385,8,0,8
20190419239,2395,8,3,5
20190419240,2405,8,5,3
20190419241,2415,8,6,2
20190419242,2425,9,3,6
20190419243,2435,6,2,4
20190419244,2445,2,4,2
20190419245,2455,7,9,2
20190419246,2465,9,6,3
20190419247,2475,5,2,3
20190419248,2485,4,0,4
20190419249,2495,5,9,4
20190419250,2505,8,9,1
20190419251,2515,5,6,1
20190419252,2525,2,8,6
20190419253,2535,3,3,0
20190419254,2545,4,6,2
20190419255,2555,1,0,1
20190419256,2565,8,1,7
20190419257,2575,4,4,0
20190419258,2585,4,9,5
20190419259,2595,6,8,2
20190419260,2605,7,3,4
20190419261,2615,3,6,3
20190419262,2625,3,5,2
20190419263,2635,9,1,8
20190419264,2645,7,3,4
20190419265,2655,6,3,3
20190419266,2665,8,4,4
20190419267,2675,0,9,9
20190419268,2685,6,0,6
20190419269,2695,4,4,0
20190419270,2705,0,0,0
20190419271,2715,4,9,5
20190419272,2725,9,9,0
20190419273,2735,1,6,5
20190419274,2745,4,8,4
20190419275,2755,1,4,3
20190419276,2765,8,4,4
20190419277,2775,9,5,4
20190419278,2785,3,0,3
20190419279,2795,8,0,8
20190419280,2805,1,8,7
20190419281,2815,3,6,3
20190419282,2825,5,3,2
20190419283,2835,6,0,6
20190419284,2845,8,5,3
20190419285,2855,1,0,1
20190419286,2865,6,5,1
20190419287,2875,4,7,3
20190419288,2885,7,4,3
20190420001,16,4,7,3
20190420002,26,8,7,1
20190420003,36,1,4,3
20190420004,46,8,4,4
20190420005,56,3,9,6
20190420006,66,9,8,1
20190420007,76,2,3,1
20190420008,86,9,4,5
20190420009,96,2,6,4
20190420010,106,4,4,0
20190420011,116,1,9,8
20190420012,126,2,4,2
20190420013,136,3,0,3
20190420014,146,0,1,1
20190420015,156,6,3,3
20190420016,166,1,9,8
20190420017,176,7,6,1
20190420018,186,7,0,7
20190420019,196,8,6,2
20190420020,206,8,1,7
20190420021,216,7,7,0
20190420022,226,9,3,6
20190420023,236,2,9,7
20190420024,246,3,5,2
20190420025,256,4,0,4
20190420026,266,8,1,7
20190420027,276,3,0,3
20190420028,286,3,1,2
20190420029,296,1,5,4
20190420030,306,6,9,3
20190420031,316,5,0,5
20190420032,326,8,5,3
20190420033,336,7,6,1
20190420034,346,5,1,4
20190420035,356,0,0,0
20190420036,366,5,9,4
20190420037,376,5,1,4
20190420038,386,3,1,2
20190420039,396,1,7,6
20190420040,406,8,1,7
20190420041,416,0,8,8
20190420042,426,2,0,2
20190420043,436,6,1,5
20190420044,446,4,4,0
20190420045,456,4,8,4
20190420046,466,6,1,5
20190420047,476,0,4,4
20190420048,486,8,2,6
20190420049,496,9,6,3
20190420050,506,3,5,2
20190420051,516,8,3,5
20190420052,526,4,5,1
20190420053,536,4,2,2
20190420054,546,9,6,3
20190420055,556,1,4,3
20190420056,566,8,6,2
20190420057,576,1,5,4
20190420058,586,1,0,1
20190420059,596,1,0,1
20190420060,606,4,8,4
20190420061,616,8,1,7
20190420062,626,0,6,6
20190420063,636,2,4,2
20190420064,646,8,7,1
20190420065,656,8,5,3
20190420066,666,5,8,3
20190420067,676,9,6,3
20190420068,686,0,5,5
20190420069,696,4,0,4
20190420070,706,3,7,4
20190420071,716,1,8,7
20190420072,726,4,4,0
20190420073,736,4,0,4
20190420074,746,9,5,4
20190420075,756,3,6,3
20190420076,766,8,2,6
20190420077,776,5,8,3
20190420078,786,1,7,6
20190420079,796,2,9,7
20190420080,806,5,9,4
20190420081,816,3,4,1
20190420082,826,4,9,5
20190420083,836,3,0,3
20190420084,846,7,1,6
20190420085,856,0,9,9
20190420086,866,4,5,1
20190420087,876,4,2,2
20190420088,886,5,5,0
20190420089,896,2,6,4
20190420090,906,0,1,1
20190420091,916,8,4,4
20190420092,926,3,4,1
20190420093,936,1,8,7
20190420094,946,5,3,2
20190420095,956,3,7,4
20190420096,966,7,7,0
20190420097,976,7,3,4
20190420098,986,9,1,8
20190420099,996,8,5,3
20190420100,1006,0,0,0
20190420101,1016,1,1,0
20190420102,1026,9,5,4
20190420103,1036,4,4,0
20190420104,1046,5,2,3
20190420105,1056,2,1,1
20190420106,1066,7,0,7
20190420107,1076,9,8,1
20190420108,1086,0,2,2
20190420109,1096,0,7,7
20190420110,1106,7,3,4
20190420111,1116,7,8,1
20190420112,1126,8,7,1
20190420113,1136,1,5,4
20190420114,1146,5,6,1
20190420115,1156,7,0,7
20190420116,1166,1,2,1
20190420117,1176,3,1,2
20190420118,1186,4,0,4
20190420119,1196,8,6,2
20190420120,1206,5,7,2
20190420121,1216,4,8,4
20190420122,1226,1,1,0
20190420123,1236,9,4,5
20190420124,1246,3,5,2
20190420125,1256,5,2,3
20190420126,1266,7,1,6
20190420127,1276,4,1,3
20190420128,1286,3,1,2
20190420129,1296,3,9,6
20190420130,1306,7,0,7
20190420131,1316,7,5,2
20190420132,1326,0,7,7
20190420133,1336,4,1,3
20190420134,1346,2,7,5
20190420135,1356,3,9,6
20190420136,1366,0,6,6
20190420137,1376,4,6,2
20190420138,1386,1,4,3
20190420139,1396,1,9,8
20190420140,1406,6,5,1
20190420141,1416,8,5,3
20190420142,1426,2,5,3
20190420143,1436,8,9,1
20190420144,1446,6,2,4
20190420145,1456,4,1,3
20190420146,1466,0,9,9
20190420147,1476,5,3,2
20190420148,1486,7,2,5
20190420149,1496,8,5,3
20190420150,1506,6,6,0
20190420151,1516,1,5,4
20190420152,1526,5,1,4
20190420153,1536,7,6,1
20190420154,1546,8,7,1
20190420155,1556,7,4,3
20190420156,1566,6,2,4
20190420157,1576,2,2,0
20190420158,1586,7,7,0
20190420159,1596,2,6,4
20190420160,1606,5,3,2
20190420161,1616,0,9,9
20190420162,1626,2,3,1
20190420163,1636,3,5,2
20190420164,1646,5,7,2
20190420165,1656,2,4,2
20190420166,1666,1,7,6
20190420167,1676,0,2,2
20190420168,1686,9,5,4
20190420169,1696,0,8,8
20190420170,1706,2,5,3
20190420171,1716,2,1,1
20190420172,1726,9,6,3
20190420173,1736,4,8,4
20190420174,1746,9,3,6
20190420175,1756,0,0,0
20190420176,1766,4,7,3
20190420177,1776,3,3,0
20190420178,1786,8,7,1
20190420179,1796,9,6,3
20190420180,1806,3,6,3
20190420181,1816,1,2,1
20190420182,1826,0,1,1
20190420183,1836,1,4,3
20190420184,1846,9,2,7
20190420185,1856,8,9,1
20190420186,1866,8,9,1
20190420187,1876,2,2,0
20190420188,1886,1,6,5
20190420189,1896,6,5,1
20190420190,1906,0,5,5
20190420191,1916,4,3,1
20190420192,1926,6,1,5
20190420193,1936,7,3,4
20190420194,1946,8,7,1
20190420195,1956,2,6,4
20190420196,1966,8,4,4
20190420197,1976,4,5,1
20190420198,1986,0,5,5
20190420199,1996,5,3,2
20190420200,2006,7,9,2
20190420201,2016,1,2,1
20190420202,2026,1,6,5
20190420203,2036,5,9,4
20190420204,2046,6,0,6
20190420205,2056,6,5,1
20190420206,2066,5,1,4
20190420207,2076,6,0,6
20190420208,2086,4,6,2
20190420209,2096,2,2,0
20190420210,2106,6,6,0
20190420211,2116,1,4,3
20190420212,2126,5,7,2
20190420213,2136,6,5,1
20190420214,2146,3,3,0
20190420215,2156,4,9,5
20190420216,2166,1,4,3
20190420217,2176,8,0,8
20190420218,2186,1,1,0
20190420219,2196,8,8,0
20190420220,2206,5,6,1
20190420221,2216,0,2,2
20190420222,2226,2,6,4
20190420223,2236,4,4,0
20190420224,2246,0,5,5
20190420225,2256,3,7,4
20190420226,2266,9,4,5
20190420227,2276,4,9,5
20190420228,2286,0,6,6
20190420229,2296,7,1,6
20190420230,2306,0,9,9
20190420231,2316,4,0,4
20190420232,2326,4,4,0
20190420233,2336,5,9,4
20190420234,2346,2,4,2
20190420235,2356,8,2,6
20190420236,2366,9,7,2
20190420237,2376,8,1,7
20190420238,2386,1,6,5
20190420239,2396,6,8,2
20190420240,2406,8,0,8
20190420241,2416,8,7,1
20190420242,2426,2,1,1
20190420243,2436,3,0,3
20190420244,2446,0,3,3
20190420245,2456,8,4,4
20190420246,2466,1,1,0
20190420247,2476,1,9,8
20190420248,2486,4,7,3
20190420249,2496,2,9,7
20190420250,2506,6,0,6
20190420251,2516,6,4,2
20190420252,2526,8,0,8
20190420253,2536,3,2,1
20190420254,2546,1,9,8
20190420255,2556,6,5,1
20190420256,2566,0,7,7
20190420257,2576,7,4,3
20190420258,2586,4,1,3
20190420259,2596,1,0,1
20190420260,2606,1,3,2
20190420261,2616,6,1,5
20190420262,2626,3,3,0
20190420263,2636,8,8,0
20190420264,2646,1,5,4
20190420265,2656,2,2,0
20190420266,2666,2,5,3
20190420267,2676,9,6,3
20190420268,2686,1,9,8
20190420269,2696,7,2,5
20190420270,2706,1,5,4
20190420271,2716,3,4,1
20190420272,2726,6,6,0
20190420273,2736,4,7,3
20190420274,2746,9,2,7
20190420275,2756,5,7,2
20190420276,2766,5,9,4
20190420277,2776,0,0,0
20190420278,2786,4,6,2
20190420279,2796,5,5,0
20190420280,2806,0,3,3
20190420281,2816,9,1,8
20190420282,2826,5,6,1
20190420283,2836,3,5,2
20190420284,2846,3,1,2
20190420285,2856,9,8,1
20190420286,2866,9,6,3
20190420287,2876,4,7,3
20190420288,2886,2,8,6
20190421001,17,6,9,3
20190421002,27,5,1,4
20190421003,37,8,7,1
20190421004,47,3,9,6
20190421005,57,7,6,1
20190421006,67,6,8,2
20190421007,77,3,7,4
20190421008,87,3,8,5
20190421009,97,6,9,3
20190421010,107,5,9,4
20190421011,117,8,0,8
20190421012,127,0,1,1
20190421013,137,9,2,7
20190421014,147,2,8,6
20190421015,157,5,2,3
20190421016,167,0,2,2
20190421017,177,5,4,1
20190421018,187,9,0,9
20190421019,197,7,1,6
20190421020,207,3,0,3
20190421021,217,8,3,5
20190421022,227,8,7,1
20190421023,237,7,9,2
20190421024,247,5,3,2
20190421025,257,0,3,3
20190421026,267,3,1,2
20190421027,277,5,3,2
20190421028,287,8,5,3
20190421029,297,0,7,7
20190421030,307,8,3,5
20190421031,317,8,6,2
20190421032,327,5,1,4
20190421033,337,6,2,4
20190421034,347,5,3,2
20190421035,357,4,1,3
20190421036,367,7,0,7
20190421037,377,0,0,0
20190421038,387,9,9,0
20190421039,397,6,2,4
20190421040,407,3,7,4
20190421041,417,6,8,2
20190421042,427,0,2,2
20190421043,437,6,6,0
20190421044,447,7,3,4
20190421045,457,4,0,4
20190421046,467,1,8,7
20190421047,477,0,2,2
20190421048,487,2,5,3
20190421049,497,9,6,3
20190421050,507,9,8,1
20190421051,517,5,5,0
20190421052,527,4,4,0
20190421053,537,5,7,2
20190421054,547,5,0,5
20190421055,557,3,9,6
20190421056,567,7,6,1
20190421057,577,6,0,6
20190421058,587,9,6,3
20190421059,597,2,6,4
20190421060,607,8,7,1
20190421061,617,8,9,1
20190421062,627,3,9,6
20190421063,637,7,3,4
20190421064,647,2,5,3
20190421065,657,7,8,1
20190421066,667,6,3,3
20190421067,677,4,3,1
20190421068,687,3,8,5
20190421069,697,6,3,3
20190421070,707,2,9,7
20190421071,717,4,7,3
20190421072,727,4,7,3
20190421073,737,6,8,2
20190421074,747,2,5,3
20190421075,757,7,5,2
20190421076,767,3,6,3
20190421077,777,1,5,4
20190421078,787,5,3,2
20190421079,797,8,8,0
20190421080,807,1,8,7
20190421081,817,9,9,0
20190421082,827,6,6,0
20190421083,837,6,4,2
20190421084,847,6,3,3
20190421085,857,6,2,4
20190421086,867,4,7,3
20190421087,877,2,2,0
20190421088,887,9,0,9
20190421089,897,1,1,0
20190421090,907,8,8,0
20190421091,917,7,0,7
20190421092,927,3,9,6
20190421093,937,2,4,2
20190421094,947,1,3,2
20190421095,957,1,9,8
20190421096,967,9,4,5
20190421097,977,7,5,2
20190421098,987,6,2,4
20190421099,997,7,2,5
20190421100,1007,4,4,0
20190421101,1017,6,6,0
20190421102,1027,7,9,2
20190421103,1037,5,9,4
20190421104,1047,7,5,2
20190421105,1057,5,4,1
20190421106,1067,1,5,4
20190421107,1077,3,4,1
20190421108,1087,7,2,5
20190421109,1097,1,3,2
20190421110,1107,4,9,5
20190421111,1117,6,7,1
20190421112,1127,6,6,0
20190421113,1137,5,5,0
20190421114,1147,0,8,8
20190421115,1157,2,3,1
20190421116,1167,7,1,6
20190421117,1177,1,5,4
20190421118,1187,2,2,0
20190421119,1197,8,4,4
20190421120,1207,6,7,1
20190421121,1217,8,3,5
20190421122,1227,3,3,0
20190421123,1237,4,7,3
20190421124,1247,8,0,8
20190421125,1257,0,3,3
20190421126,1267,2,5,3
20190421127,1277,4,4,0
20190421128,1287,2,2,0
20190421129,1297,5,9,4
20190421130,1307,6,5,1
20190421131,1317,1,0,1
20190421132,1327,7,5,2
20190421133,1337,6,6,0
20190421134,1347,5,2,3
20190421135,1357,8,0,8
20190421136,1367,0,0,0
20190421137,1377,8,8,0
20190421138,1387,8,4,4
20190421139,1397,3,1,2
20190421140,1407,9,9,0
20190421141,1417,3,7,4
20190421142,1427,0,3,3
20190421143,1437,8,1,7
20190421144,1447,5,0,5
20190421145,1457,5,0,5
20190421146,1467,3,1,2
20190421147,1477,7,4,3
20190421148,1487,3,0,3
20190421149,1497,5,9,4
20190421150,1507,4,5,1
20190421151,1517,7,3,4
20190421152,1527,5,9,4
20190421153,1537,7,1,6
20190421154,1547,5,3,2
20190421155,1557,1,6,5
20190421156,1567,3,6,3
20190421157,1577,2,9,7
20190421158,1587,3,2,1
20190421159,1597,1,6,5
20190421160,1607,3,3,0
20190421161,1617,5,6,1
20190421162,1627,3,4,1
20190421163,1637,2,3,1
20190421164,1647,1,5,4
20190421165,1657,7,5,2
20190421166,1667,2,8,6
20190421167,1677,5,4,1
20190421168,1687,4,8,4
20190421169,1697,5,9,4
20190421170,1707,8,3,5
20190421171,1717,1,8,7
20190421172,1727,0,8,8
20190421173,1737,9,5,4
20190421174,1747,2,2,0
20190421175,1757,8,0,8
20190421176,1767,6,1,5
20190421177,1777,9,9,0
20190421178,1787,5,4,1
20190421179,1797,1,0,1
20190421180,1807,7,4,3
20190421181,1817,4,3,1
20190421182,1827,7,3,4
20190421183,1837,2,1,1
20190421184,1847,5,0,5
20190421185,1857,4,8,4
20190421186,1867,5,9,4
20190421187,1877,0,8,8
20190421188,1887,1,1,0
20190421189,1897,8,1,7
20190421190,1907,7,4,3
20190421191,1917,7,6,1
20190421192,1927,1,1,0
20190421193,1937,8,3,5
20190421194,1947,0,2,2
20190421195,1957,9,7,2
20190421196,1967,9,2,7
20190421197,1977,2,1,1
20190421198,1987,5,4,1
20190421199,1997,5,5,0
20190421200,2007,0,8,8
20190421201,2017,9,5,4
20190421202,2027,9,4,5
20190421203,2037,3,4,1
20190421204,2047,8,7,1
20190421205,2057,0,6,6
20190421206,2067,2,6,4
20190421207,2077,3,9,6
20190421208,2087,7,9,2
20190421209,2097,7,2,5
20190421210,2107,1,6,5
20190421211,2117,1,5,4
20190421212,2127,7,3,4
20190421213,2137,5,1,4
20190421214,2147,6,2,4
20190421215,2157,9,2,7
20190421216,2167,8,1,7
20190421217,2177,2,6,4
20190421218,2187,1,7,6
20190421219,2197,9,0,9
20190421220,2207,4,2,2
20190421221,2217,7,8,1
20190421222,2227,3,8,5
20190421223,2237,5,9,4
20190421224,2247,4,3,1
20190421225,2257,4,2,2
20190421226,2267,3,2,1
20190421227,2277,1,4,3
20190421228,2287,5,9,4
20190421229,2297,5,3,2
20190421230,2307,6,2,4
20190421231,2317,7,3,4
20190421232,2327,4,1,3
20190421233,2337,5,5,0
20190421234,2347,3,6,3
20190421235,2357,1,7,6
20190421236,2367,7,1,6
20190421237,2377,3,1,2
20190421238,2387,2,1,1
20190421239,2397,6,2,4
20190421240,2407,4,3,1
20190421241,2417,7,0,7
20190421242,2427,1,2,1
20190421243,2437,0,7,7
20190421244,2447,3,5,2
20190421245,2457,2,8,6
20190421246,2467,5,7,2
20190421247,2477,5,0,5
20190421248,2487,6,0,6
20190421249,2497,7,0,7
20190421250,2507,8,6,2
20190421251,2517,6,0,6
20190421252,2527,6,1,5
20190421253,2537,4,7,3
20190421254,2547,2,6,4
20190421255,2557,8,4,4
20190421256,2567,0,1,1
20190421257,2577,9,3,6
20190421258,2587,9,5,4
20190421259,2597,7,2,5
20190421260,2607,7,2,5
20190421261,2617,9,3,6
20190421262,2627,8,4,4
20190421263,2637,8,3,5
20190421264,2647,7,0,7
20190421265,2657,3,8,5
20190421266,2667,5,6,1
20190421267,2677,7,9,2
20190421268,2687,7,1,6
20190421269,2697,7,0,7
20190421270,2707,7,9,2
20190421271,2717,4,0,4
20190421272,2727,8,5,3
20190421273,2737,7,6,1
20190421274,2747,7,2,5
20190421275,2757,0,9,9
20190421276,2767,3,0,3
20190421277,2777,1,9,8
20190421278,2787,9,1,8
20190421279,2797,2,1,1
20190421280,2807,7,2,5
20190421281,2817,6,2,4
20190421282,2827,9,5,4
20190421283,2837,8,1,7
20190421284,2847,6,7,1
20190421285,2857,9,8,1
20190421286,2867,3,6,3
20190421287,2877,2,4,2
20190421288,2887,4,9,5
20190422001,11,7,5,2
20190422002,21,7,2,5
20190422003,31,3,1,2
20190422004,41,7,5,2
20190422005,51,1,7,6
20190422006,61,0,5,5
20190422007,71,8,0,8
20190422008,81,1,1,0
20190422009,91,9,7,2
20190422010,101,0,9,9
20190422011,111,2,5,3
20190422012,121,4,9,5
20190422013,131,1,5,4
20190422014,141,3,2,1
20190422015,151,4,2,2
20190422016,161,8,9,1
20190422017,171,9,3,6
20190422018,181,2,7,5
20190422019,191,0,5,5
20190422020,201,2,4,2
20190422021,211,9,0,9
20190422022,221,7,3,4
20190422023,231,3,5,2
20190422024,241,8,2,6
20190422025,251,3,2,1
20190422026,261,3,9,6
20190422027,271,1,7,6
20190422028,281,1,7,6
20190422029,291,6,2,4
20190422030,301,8,4,4
20190422031,311,1,4,3
20190422032,321,7,5,2
20190422033,331,1,3,2
20190422034,341,4,7,3
20190422035,351,6,9,3
20190422036,361,7,6,1
20190422037,371,8,5,3
20190422038,381,3,1,2
20190422039,391,5,5,0
20190422040,401,6,3,3
20190422041,411,9,7,2
20190422042,421,9,8,1
20190422043,431,5,8,3
20190422044,441,2,0,2
20190422045,451,4,2,2
20190422046,461,4,2,2
20190422047,471,0,1,1
20190422048,481,4,0,4
20190422049,491,4,7,3
20190422050,501,8,2,6
20190422051,511,7,2,5
20190422052,521,9,1,8
20190422053,531,3,8,5
20190422054,541,5,5,0
20190422055,551,6,6,0
20190422056,561,0,8,8
20190422057,571,3,3,0
20190422058,581,8,7,1
20190422059,591,1,2,1
20190422060,601,3,3,0
20190422061,611,1,1,0
20190422062,621,7,7,0
20190422063,631,5,7,2
20190422064,641,3,8,5
20190422065,651,0,4,4
20190422066,661,7,7,0
20190422067,671,5,2,3
20190422068,681,5,9,4
20190422069,691,0,6,6
20190422070,701,2,4,2
20190422071,711,8,5,3
20190422072,721,6,9,3
20190422073,731,8,2,6
20190422074,741,5,6,1
20190422075,751,2,8,6
20190422076,761,9,5,4
20190422077,771,1,9,8
20190422078,781,9,3,6
20190422079,791,7,4,3
20190422080,801,9,9,0
20190422081,811,4,8,4
20190422082,821,1,4,3
20190422083,831,3,9,6
20190422084,841,8,3,5
20190422085,851,1,2,1
20190422086,861,2,3,1
20190422087,871,1,3,2
20190422088,881,6,3,3
20190422089,891,0,9,9
20190422090,901,2,0,2
20190422091,911,2,4,2
20190422092,921,2,0,2
20190422093,931,1,8,7
20190422094,941,8,2,6
20190422095,951,1,5,4
20190422096,961,3,6,3
20190422097,971,0,1,1
20190422098,981,3,5,2
20190422099,991,5,1,4
20190422100,1001,5,7,2
20190422101,1011,4,1,3
20190422102,1021,2,6,4
20190422103,1031,8,8,0
20190422104,1041,8,8,0
20190422105,1051,8,7,1
20190422106,1061,8,6,2
20190422107,1071,3,8,5
20190422108,1081,4,1,3
20190422109,1091,8,6,2
20190422110,1101,5,7,2
20190422111,1111,0,0,0
20190422112,1121,6,9,3
20190422113,1131,4,9,5
20190422114,1141,7,7,0
20190422115,1151,2,0,2
20190422116,1161,2,0,2
20190422117,1171,0,3,3
20190422118,1181,0,5,5
20190422119,1191,8,1,7
20190422120,1201,8,6,2
20190422121,1211,0,5,5
20190422122,1221,0,6,6
20190422123,1231,8,1,7
20190422124,1241,9,9,0
20190422125,1251,4,5,1
20190422126,1261,7,1,6
20190422127,1271,2,5,3
20190422128,1281,7,0,7
20190422129,1291,8,9,1
20190422130,1301,9,6,3
20190422131,1311,6,3,3
20190422132,1321,8,4,4
20190422133,1331,9,5,4
20190422134,1341,2,6,4
20190422135,1351,4,3,1
20190422136,1361,4,2,2
20190422137,1371,6,1,5
20190422138,1381,6,8,2
20190422139,1391,8,6,2
20190422140,1401,7,2,5
20190422141,1411,0,3,3
20190422142,1421,2,2,0
20190422143,1431,4,5,1
20190422144,1441,0,3,3
20190422145,1451,1,8,7
20190422146,1461,3,5,2
20190422147,1471,5,2,3
20190422148,1481,1,3,2
20190422149,1491,5,8,3
20190422150,1501,5,9,4
20190422151,1511,3,1,2
20190422152,1521,4,9,5
20190422153,1531,5,3,2
20190422154,1541,1,5,4
20190422155,1551,6,0,6
20190422156,1561,7,5,2
20190422157,1571,2,0,2
20190422158,1581,9,5,4
20190422159,1591,6,3,3
20190422160,1601,1,3,2
20190422161,1611,5,7,2
20190422162,1621,0,5,5
20190422163,1631,4,4,0
20190422164,1641,9,2,7
20190422165,1651,7,4,3
20190422166,1661,3,5,2
20190422167,1671,8,8,0
20190422168,1681,7,3,4
20190422169,1691,8,4,4
20190422170,1701,6,0,6
20190422171,1711,9,7,2
20190422172,1721,2,9,7
20190422173,1731,9,6,3
20190422174,1741,8,0,8
20190422175,1751,9,3,6
20190422176,1761,6,6,0
20190422177,1771,6,6,0
20190422178,1781,2,7,5
20190422179,1791,7,4,3
20190422180,1801,7,2,5
20190422181,1811,7,0,7
20190422182,1821,1,6,5
20190422183,1831,3,7,4
20190422184,1841,0,8,8
20190422185,1851,5,7,2
20190422186,1861,0,9,9
20190422187,1871,3,3,0
20190422188,1881,1,9,8
20190422189,1891,2,4,2
20190422190,1901,6,7,1
20190422191,1911,1,6,5
20190422192,1921,7,4,3
20190422193,1931,2,4,2
20190422194,1941,1,7,6
20190422195,1951,9,3,6
20190422196,1961,6,0,6
20190422197,1971,7,7,0
20190422198,1981,9,0,9
20190422199,1991,8,6,2
20190422200,2001,6,8,2
20190422201,2011,3,3,0
20190422202,2021,7,3,4
20190422203,2031,2,2,0
20190422204,2041,2,7,5
20190422205,2051,6,2,4
20190422206,2061,8,1,7
20190422207,2071,3,9,6
20190422208,2081,7,5,2
20190422209,2091,0,2,2
20190422210,2101,2,7,5
20190422211,2111,2,4,2
20190422212,2121,0,7,7
20190422213,2131,7,4,3
20190422214,2141,1,6,5
20190422215,2151,4,8,4
20190422216,2161,5,4,1
20190422217,2171,2,4,2
20190422218,2181,8,2,6
20190422219,2191,7,5,2
20190422220,2201,4,0,4
20190422221,2211,7,8,1
20190422222,2221,9,0,9
20190422223,2231,0,8,8
20190422224,2241,8,9,1
20190422225,2251,8,7,1
20190422226,2261,4,9,5
20190422227,2271,0,8,8
20190422228,2281,6,8,2
20190422229,2291,5,5,0
20190422230,2301,9,3,6
20190422231,2311,5,1,4
20190422232,2321,2,0,2
20190422233,2331,1,8,7
20190422234,2341,1,2,1
20190422235,2351,9,8,1
20190422236,2361,0,1,1
20190422237,2371,2,2,0
20190422238,2381,0,6,6
20190422239,2391,1,2,1
20190422240,2401,1,9,8
20190422241,2411,5,9,4
20190422242,2421,6,7,1
20190422243,2431,8,3,5
20190422244,2441,2,8,6
20190422245,2451,7,0,7
20190422246,2461,2,1,1
20190422247,2471,4,7,3
20190422248,2481,8,5,3
20190422249,2491,8,5,3
20190422250,2501,0,7,7
20190422251,2511,7,8,1
20190422252,2521,8,5,3
20190422253,2531,3,3,0
20190422254,2541,8,1,7
20190422255,2551,8,8,0
20190422256,2561,9,8,1
20190422257,2571,0,8,8
20190422258,2581,7,3,4
20190422259,2591,3,7,4
20190422260,2601,1,7,6
20190422261,2611,5,4,1
20190422262,2621,5,7,2
20190422263,2631,6,8,2
20190422264,2641,0,8,8
20190422265,2651,7,9,2
20190422266,2661,1,6,5
20190422267,2671,5,0,5
20190422268,2681,6,6,0
20190422269,2691,2,6,4
20190422270,2701,5,0,5
20190422271,2711,7,4,3
20190422272,2721,7,2,5
20190422273,2731,4,6,2
20190422274,2741,0,2,2
20190422275,2751,7,9,2
20190422276,2761,5,0,5
20190422277,2771,8,6,2
20190422278,2781,7,9,2
20190422279,2791,0,8,8
20190422280,2801,1,5,4
20190422281,2811,1,8,7
20190422282,2821,1,2,1
20190422283,2831,5,6,1
20190422284,2841,9,5,4
20190422285,2851,1,0,1
20190422286,2861,0,9,9
20190422287,2871,9,4,5
20190422288,2881,5,4,1
20190423001,12,4,7,3
20190423002,22,2,9,7
20190423003,32,7,3,4
20190423004,42,7,8,1
20190423005,52,9,1,8
20190423006,62,5,2,3
20190423007,72,0,3,3
20190423008,82,4,1,3
20190423009,92,2,4,2
20190423010,102,9,4,5
20190423011,112,5,0,5
20190423012,122,3,1,2
20190423013,132,8,5,3
20190423014,142,2,8,6
20190423015,152,1,7,6
20190423016,162,9,2,7
20190423017,172,8,7,1
20190423018,182,8,5,3
20190423019,192,9,0,9
20190423020,202,4,5,1
20190423021,212,4,0,4
20190423022,222,4,2,2
20190423023,232,0,7,7
20190423024,242,3,6,3
20190423025,252,2,1,1
20190423026,262,3,8,5
20190423027,272,7,2,5
20190423028,282,4,2,2
20190423029,292,2,7,5
20190423030,302,5,5,0
20190423031,312,2,5,3
20190423032,322,8,5,3
20190423033,332,0,0,0
20190423034,342,4,0,4
20190423035,352,3,4,1
20190423036,362,4,4,0
20190423037,372,4,7,3
20190423038,382,2,5,3
20190423039,392,2,3,1
20190423040,402,6,2,4
20190423041,412,8,3,5
20190423042,422,5,4,1
20190423043,432,0,7,7
20190423044,442,1,8,7
20190423045,452,5,2,3
20190423046,462,1,9,8
20190423047,472,5,4,1
20190423048,482,2,2,0
20190423049,492,4,9,5
20190423050,502,2,1,1
20190423051,512,9,1,8
20190423052,522,6,3,3
20190423053,532,8,6,2
20190423054,542,0,8,8
20190423055,552,0,4,4
20190423056,562,3,4,1
20190423057,572,5,6,1
20190423058,582,1,6,5
20190423059,592,5,4,1
20190423060,602,2,0,2
20190423061,612,2,3,1
20190423062,622,8,4,4
20190423063,632,0,4,4
20190423064,642,8,0,8
20190423065,652,9,6,3
20190423066,662,2,8,6
20190423067,672,1,3,2
20190423068,682,8,6,2
20190423069,692,2,4,2
20190423070,702,4,1,3
20190423071,712,3,2,1
20190423072,722,5,0,5
20190423073,732,6,6,0
20190423074,742,0,1,1
20190423075,752,2,8,6
20190423076,762,4,2,2
20190423077,772,3,0,3
20190423078,782,9,2,7
20190423079,792,3,6,3
20190423080,802,2,2,0
20190423081,812,3,2,1
20190423082,822,3,5,2
20190423083,832,2,9,7
20190423084,842,8,5,3
20190423085,852,2,4,2
20190423086,862,1,5,4
20190423087,872,3,3,0
20190423088,882,8,5,3
20190423089,892,5,6,1
20190423090,902,7,6,1
20190423091,912,1,6,5
20190423092,922,7,9,2
20190423093,932,5,8,3
20190423094,942,6,1,5
20190423095,952,0,4,4
20190423096,962,8,0,8
20190423097,972,3,8,5
20190423098,982,4,2,2
20190423099,992,1,3,2
20190423100,1002,2,6,4
20190423101,1012,7,5,2
20190423102,1022,3,3,0
20190423103,1032,0,5,5
20190423104,1042,5,3,2
20190423105,1052,4,7,3
20190423106,1062,2,1,1
20190423107,1072,0,9,9
20190423108,1082,7,3,4
20190423109,1092,9,6,3
20190423110,1102,2,2,0
20190423111,1112,8,1,7
20190423112,1122,2,0,2
20190423113,1132,6,6,0
20190423114,1142,4,6,2
20190423115,1152,3,6,3
20190423116,1162,2,7,5
20190423117,1172,5,1,4
20190423118,1182,8,7,1
20190423119,1192,1,7,6
20190423120,1202,6,3,3
20190423121,1212,5,8,3
20190423122,1222,8,4,4
20190423123,1232,6,6,0
20190423124,1242,3,7,4
20190423125,1252,5,7,2
20190423126,1262,8,0,8
20190423127,1272,4,2,2
20190423128,1282,6,1,5
20190423129,1292,5,7,2
20190423130,1302,3,4,1
20190423131,1312,3,8,5
20190423132,1322,8,9,1
20190423133,1332,6,3,3
20190423134,1342,1,2,1
20190423135,1352,2,4,2
20190423136,1362,3,7,4
20190423137,1372,6,6,0
20190423138,1382,8,6,2
20190423139,1392,0,4,4
20190423140,1402,9,1,8
20190423141,1412,7,0,7
20190423142,1422,9,1,8
20190423143,1432,2,7,5
20190423144,1442,8,7,1
20190423145,1452,4,3,1
20190423146,1462,0,4,4
20190423147,1472,3,9,6
20190423148,1482,4,2,2
20190423149,1492,7,1,6
20190423150,1502,4,0,4
20190423151,1512,7,6,1
20190423152,1522,2,6,4
20190423153,1532,3,9,6
20190423154,1542,7,9,2
20190423155,1552,3,1,2
20190423156,1562,2,1,1
20190423157,1572,4,3,1
20190423158,1582,8,1,7
20190423159,1592,0,7,7
20190423160,1602,0,6,6
20190423161,1612,4,2,2
20190423162,1622,9,0,9
20190423163,1632,7,2,5
20190423164,1642,2,1,1
20190423165,1652,0,2,2
20190423166,1662,0,1,1
20190423167,1672,7,1,6
20190423168,1682,7,3,4
20190423169,1692,9,5,4
20190423170,1702,0,2,2
20190423171,1712,9,1,8
20190423172,1722,7,3,4
20190423173,1732,0,8,8
20190423174,1742,8,4,4
20190423175,1752,4,3,1
20190423176,1762,1,0,1
20190423177,1772,0,0,0
20190423178,1782,5,1,4
20190423179,1792,6,0,6
20190423180,1802,2,9,7
20190423181,1812,6,7,1
20190423182,1822,7,0,7
20190423183,1832,7,1,6
20190423184,1842,1,7,6
20190423185,1852,0,7,7
20190423186,1862,0,6,6
20190423187,1872,2,9,7
20190423188,1882,5,3,2
20190423189,1892,5,0,5
20190423190,1902,2,4,2
20190423191,1912,7,1,6
20190423192,1922,3,8,5
20190423193,1932,0,8,8
20190423194,1942,5,2,3
20190423195,1952,5,3,2
20190423196,1962,1,0,1
20190423197,1972,2,2,0
20190423198,1982,6,6,0
20190423199,1992,5,8,3
20190423200,2002,5,8,3
20190423201,2012,1,1,0
20190423202,2022,0,9,9
20190423203,2032,1,5,4
20190423204,2042,5,5,0
20190423205,2052,3,9,6
20190423206,2062,9,3,6
20190423207,2072,5,9,4
20190423208,2082,6,9,3
20190423209,2092,5,9,4
20190423210,2102,2,3,1
20190423211,2112,3,6,3
20190423212,2122,0,2,2
20190423213,2132,2,0,2
20190423214,2142,1,4,3
20190423215,2152,1,0,1
20190423216,2162,5,1,4
20190423217,2172,3,3,0
20190423218,2182,7,1,6
20190423219,2192,7,4,3
20190423220,2202,3,5,2
20190423221,2212,5,0,5
20190423222,2222,0,6,6
20190423223,2232,8,8,0
20190423224,2242,8,8,0
20190423225,2252,0,8,8
20190423226,2262,2,7,5
20190423227,2272,1,9,8
20190423228,2282,1,2,1
20190423229,2292,4,8,4
20190423230,2302,5,8,3
20190423231,2312,5,6,1
20190423232,2322,7,1,6
20190423233,2332,9,7,2
20190423234,2342,8,1,7
20190423235,2352,9,1,8
20190423236,2362,1,6,5
20190423237,2372,3,2,1
20190423238,2382,5,3,2
20190423239,2392,2,1,1
20190423240,2402,1,0,1
20190423241,2412,3,8,5
20190423242,2422,5,4,1
20190423243,2432,1,7,6
20190423244,2442,0,8,8
20190423245,2452,8,8,0
20190423246,2462,2,7,5
20190423247,2472,1,7,6
20190423248,2482,4,9,5
20190423249,2492,8,3,5
20190423250,2502,4,2,2
20190423251,2512,7,8,1
20190423252,2522,6,4,2
20190423253,2532,6,3,3
20190423254,2542,1,0,1
20190423255,2552,5,4,1
20190423256,2562,1,0,1
20190423257,2572,6,4,2
20190423258,2582,5,5,0
20190423259,2592,7,7,0
20190423260,2602,2,9,7
20190423261,2612,7,0,7
20190423262,2622,7,8,1
20190423263,2632,1,2,1
20190423264,2642,6,4,2
20190423265,2652,2,9,7
20190423266,2662,2,5,3
20190423267,2672,7,8,1
20190423268,2682,6,4,2
20190423269,2692,9,7,2
20190423270,2702,8,6,2
20190423271,2712,9,2,7
20190423272,2722,0,8,8
20190423273,2732,8,6,2
20190423274,2742,2,9,7
20190423275,2752,0,0,0
20190423276,2762,6,3,3
20190423277,2772,3,1,2
20190423278,2782,5,6,1
20190423279,2792,9,7,2
20190423280,2802,4,2,2
20190423281,2812,0,5,5
20190423282,2822,4,0,4
20190423283,2832,8,3,5
20190423284,2842,8,4,4
20190423285,2852,6,5,1
20190423286,2862,1,7,6
20190423287,2872,4,0,4
20190423288,2882,8,0,8
20190424001,13,2,8,6
20190424002,23,2,6,4
20190424003,33,5,2,3
20190424004,43,8,5,3
20190424005,53,4,5,1
20190424006,63,2,3,1
20190424007,73,3,7,4
20190424008,83,6,1,5
20190424009,93,8,9,1
20190424010,103,1,2,1
20190424011,113,9,9,0
20190424012,123,6,0,6
20190424013,133,1,0,1
20190424014,143,6,9,3
20190424015,153,5,5,0
20190424016,163,7,3,4
20190424017,173,3,2,1
20190424018,183,6,6,0
20190424019,193,4,1,3
20190424020,203,9,4,5
20190424021,213,1,9,8
20190424022,223,7,6,1
20190424023,233,2,4,2
20190424024,243,8,2,6
20190424025,253,4,0,4
20190424026,263,5,2,3
20190424027,273,0,6,6
20190424028,283,4,3,1
20190424029,293,2,1,1
20190424030,303,1,7,6
20190424031,313,6,2,4
20190424032,323,6,4,2
20190424033,333,8,7,1
20190424034,343,8,1,7
20190424035,353,6,1,5
20190424036,363,8,5,3
20190424037,373,6,6,0
20190424038,383,7,3,4
20190424039,393,0,8,8
20190424040,403,2,6,4
20190424041,413,6,7,1
20190424042,423,0,4,4
20190424043,433,7,0,7
20190424044,443,8,7,1
20190424045,453,1,9,8
20190424046,463,9,1,8
20190424047,473,8,4,4
20190424048,483,8,9,1
20190424049,493,5,4,1
20190424050,503,2,0,2
20190424051,513,6,0,6
20190424052,523,4,5,1
20190424053,533,3,4,1
20190424054,543,2,4,2
20190424055,553,9,1,8
20190424056,563,9,7,2
20190424057,573,1,8,7
20190424058,583,1,5,4
20190424059,593,3,5,2
20190424060,603,6,8,2
20190424061,613,3,2,1
20190424062,623,9,7,2
20190424063,633,8,9,1
20190424064,643,2,8,6
20190424065,653,4,8,4
20190424066,663,4,6,2
20190424067,673,3,1,2
20190424068,683,5,8,3
20190424069,693,0,9,9
20190424070,703,0,3,3
20190424071,713,2,6,4
20190424072,723,8,9,1
20190424073,733,6,1,5
20190424074,743,9,4,5
20190424075,753,9,3,6
20190424076,763,5,9,4
20190424077,773,9,3,6
20190424078,783,8,6,2
20190424079,793,9,3,6
20190424080,803,8,0,8
20190424081,813,8,9,1
20190424082,823,7,7,0
20190424083,833,4,2,2
20190424084,843,6,1,5
20190424085,853,2,2,0
20190424086,863,3,4,1
20190424087,873,6,7,1
20190424088,883,0,3,3
20190424089,893,0,0,0
20190424090,903,8,2,6
20190424091,913,2,6,4
20190424092,923,9,0,9
20190424093,933,1,7,6
20190424094,943,0,7,7
20190424095,953,4,5,1
20190424096,963,6,6,0
20190424097,973,0,5,5
20190424098,983,3,5,2
20190424099,993,5,4,1
20190424100,1003,7,8,1
20190424101,1013,5,9,4
20190424102,1023,7,8,1
20190424103,1033,8,1,7
20190424104,1043,2,4,2
20190424105,1053,5,2,3
20190424106,1063,5,2,3
20190424107,1073,7,0,7
20190424108,1083,4,1,3
20190424109,1093,5,1,4
20190424110,1103,7,2,5
20190424111,1113,3,7,4
20190424112,1123,5,7,2
20190424113,1133,1,8,7
20190424114,1143,0,9,9
20190424115,1153,7,7,0
20190424116,1163,0,3,3
20190424117,1173,4,9,5
20190424118,1183,8,2,6
20190424119,1193,2,5,3
20190424120,1203,9,7,2
20190424121,1213,9,0,9
20190424122,1223,9,9,0
20190424123,1233,9,9,0
20190424124,1243,7,1,6
20190424125,1253,5,6,1
20190424126,1263,4,6,2
20190424127,1273,8,2,6
20190424128,1283,2,2,0
20190424129,1293,2,2,0
20190424130,1303,8,8,0
20190424131,1313,1,4,3
20190424132,1323,1,7,6
20190424133,1333,6,7,1
20190424134,1343,9,8,1
20190424135,1353,0,4,4
20190424136,1363,0,2,2
20190424137,1373,9,8,1
20190424138,1383,6,6,0
20190424139,1393,9,2,7
20190424140,1403,7,0,7
20190424141,1413,7,5,2
20190424142,1423,5,5,0
20190424143,1433,4,2,2
20190424144,1443,2,3,1
20190424145,1453,0,3,3
20190424146,1463,6,8,2
20190424147,1473,0,8,8
20190424148,1483,1,0,1
20190424149,1493,1,8,7
20190424150,1503,3,2,1
20190424151,1513,9,8,1
20190424152,1523,0,6,6
20190424153,1533,7,4,3
20190424154,1543,6,5,1
20190424155,1553,8,0,8
20190424156,1563,6,6,0
20190424157,1573,2,0,2
20190424158,1583,7,2,5
20190424159,1593,6,6,0
20190424160,1603,1,6,5
20190424161,1613,6,4,2
20190424162,1623,9,7,2
20190424163,1633,8,9,1
20190424164,1643,0,0,0
20190424165,1653,7,6,1
20190424166,1663,6,7,1
20190424167,1673,5,5,0
20190424168,1683,6,0,6
20190424169,1693,6,6,0
20190424170,1703,7,1,6
20190424171,1713,0,6,6
20190424172,1723,3,2,1
20190424173,1733,9,1,8
20190424174,1743,2,5,3
20190424175,1753,3,6,3
20190424176,1763,2,1,1
20190424177,1773,2,0,2
20190424178,1783,4,8,4
20190424179,1793,2,4,2
20190424180,1803,8,7,1
20190424181,1813,0,5,5
20190424182,1823,0,5,5
20190424183,1833,6,0,6
20190424184,1843,1,4,3
20190424185,1853,0,9,9
20190424186,1863,0,2,2
20190424187,1873,2,2,0
20190424188,1883,0,6,6
20190424189,1893,1,7,6
20190424190,1903,9,7,2
20190424191,1913,8,7,1
20190424192,1923,8,5,3
20190424193,1933,7,5,2
20190424194,1943,9,3,6
20190424195,1953,2,1,1
20190424196,1963,3,4,1
20190424197,1973,8,8,0
20190424198,1983,8,3,5
20190424199,1993,2,1,1
20190424200,2003,3,9,6
20190424201,2013,4,6,2
20190424202,2023,1,0,1
20190424203,2033,0,6,6
20190424204,2043,8,9,1
20190424205,2053,0,3,3
20190424206,2063,8,4,4
20190424207,2073,8,1,7
20190424208,2083,9,2,7
20190424209,2093,1,5,4
20190424210,2103,2,3,1
20190424211,2113,8,2,6
20190424212,2123,0,2,2
20190424213,2133,8,4,4
20190424214,2143,6,6,0
20190424215,2153,6,4,2
20190424216,2163,1,9,8
20190424217,2173,5,9,4
20190424218,2183,5,3,2
20190424219,2193,9,1,8
20190424220,2203,1,1,0
20190424221,2213,5,3,2
20190424222,2223,0,8,8
20190424223,2233,4,7,3
20190424224,2243,5,1,4
20190424225,2253,3,6,3
20190424226,2263,0,9,9
20190424227,2273,5,5,0
20190424228,2283,3,6,3
20190424229,2293,4,4,0
20190424230,2303,7,9,2
20190424231,2313,9,8,1
20190424232,2323,7,1,6
20190424233,2333,7,0,7
20190424234,2343,0,9,9
20190424235,2353,1,1,0
20190424236,2363,3,6,3
20190424237,2373,2,1,1
20190424238,2383,8,9,1
20190424239,2393,5,4,1
20190424240,2403,5,3,2
20190424241,2413,4,1,3
20190424242,2423,8,8,0
20190424243,2433,5,9,4
20190424244,2443,5,3,2
20190424245,2453,5,1,4
20190424246,2463,9,6,3
20190424247,2473,9,1,8
20190424248,2483,6,7,1
20190424249,2493,7,7,0
20190424250,2503,5,2,3
20190424251,2513,3,0,3
20190424252,2523,4,5,1
20190424253,2533,1,9,8
20190424254,2543,3,5,2
20190424255,2553,5,7,2
20190424256,2563,3,6,3
20190424257,2573,0,0,0
20190424258,2583,4,1,3
20190424259,2593,1,1,0
20190424260,2603,6,0,6
20190424261,2613,7,9,2
20190424262,2623,5,8,3
20190424263,2633,3,0,3
20190424264,2643,7,7,0
20190424265,2653,3,8,5
20190424266,2663,0,1,1
20190424267,2673,8,7,1
20190424268,2683,8,1,7
20190424269,2693,5,2,3
20190424270,2703,5,4,1
20190424271,2713,8,4,4
20190424272,2723,4,7,3
20190424273,2733,6,7,1
20190424274,2743,1,9,8
20190424275,2753,1,7,6
20190424276,2763,4,1,3
20190424277,2773,7,7,0
20190424278,2783,7,8,1
20190424279,2793,1,5,4
20190424280,2803,8,0,8
20190424281,2813,7,6,1
20190424282,2823,7,9,2
20190424283,2833,7,5,2
20190424284,2843,8,8,0
20190424285,2853,1,2,1
20190424286,2863,4,7,3
20190424287,2873,0,0,0
20190424288,2883,2,1,1
20190425001,14,3,5,2
20190425002,24,8,2,6
20190425003,34,5,0,5
20190425004,44,4,4,0
20190425005,54,1,9,8
20190425006,64,2,7,5
20190425007,74,6,1,5
20190425008,84,0,6,6
20190425009,94,2,6,4
20190425010,104,6,9,3
20190425011,114,9,6,3
20190425012,124,5,8,3
20190425013,134,9,5,4
20190425014,144,0,6,6
20190425015,154,1,4,3
20190425016,164,1,0,1
20190425017,174,0,0,0
20190425018,184,5,4,1
20190425019,194,9,2,7
20190425020,204,4,5,1
20190425021,214,2,0,2
20190425022,224,6,6,0
20190425023,234,6,2,4
20190425024,244,4,8,4
20190425025,254,8,3,5
20190425026,264,4,0,4
20190425027,274,9,1,8
20190425028,284,1,2,1
20190425029,294,5,6,1
20190425030,304,0,0,0
20190425031,314,1,6,5
20190425032,324,9,4,5
20190425033,334,8,6,2
20190425034,344,4,8,4
20190425035,354,2,5,3
20190425036,364,2,5,3
20190425037,374,3,6,3
20190425038,384,2,9,7
20190425039,394,5,2,3
20190425040,404,0,2,2
20190425041,414,8,8,0
20190425042,424,7,3,4
20190425043,434,0,4,4
20190425044,444,8,9,1
20190425045,454,8,9,1
20190425046,464,1,6,5
20190425047,474,3,9,6
20190425048,484,4,0,4
20190425049,494,8,0,8
20190425050,504,6,0,6
20190425051,514,9,2,7
20190425052,524,3,1,2
20190425053,534,2,0,2
20190425054,544,8,9,1
20190425055,554,1,8,7
20190425056,564,5,3,2
20190425057,574,9,0,9
20190425058,584,6,4,2
20190425059,594,9,7,2
20190425060,604,2,1,1
20190425061,614,2,6,4
20190425062,624,4,6,2
20190425063,634,1,4,3
20190425064,644,8,6,2
20190425065,654,1,5,4
20190425066,664,1,5,4
20190425067,674,2,3,1
20190425068,684,7,8,1
20190425069,694,2,9,7
20190425070,704,8,6,2
20190425071,714,0,8,8
20190425072,724,2,3,1
20190425073,734,8,2,6
20190425074,744,3,4,1
20190425075,754,9,7,2
20190425076,764,1,3,2
20190425077,774,3,9,6
20190425078,784,9,2,7
20190425079,794,1,3,2
20190425080,804,9,5,4
20190425081,814,3,4,1
20190425082,824,9,2,7
20190425083,834,0,2,2
20190425084,844,7,1,6
20190425085,854,3,6,3
20190425086,864,3,4,1
20190425087,874,3,2,1
20190425088,884,7,1,6
20190425089,894,6,9,3
20190425090,904,6,1,5
20190425091,914,1,5,4
20190425092,924,2,9,7
20190425093,934,8,1,7
20190425094,944,1,9,8
20190425095,954,6,5,1
20190425096,964,1,5,4
20190425097,974,1,9,8
20190425098,984,8,4,4
20190425099,994,5,2,3
20190425100,1004,4,3,1
20190425101,1014,1,1,0
20190425102,1024,2,7,5
20190425103,1034,2,9,7
20190425104,1044,2,3,1
20190425105,1054,8,0,8
20190425106,1064,9,4,5
20190425107,1074,5,6,1
20190425108,1084,0,1,1
20190425109,1094,4,9,5
20190425110,1104,0,8,8
20190425111,1114,8,4,4
20190425112,1124,6,6,0
20190425113,1134,5,4,1
20190425114,1144,1,5,4
20190425115,1154,8,3,5
20190425116,1164,0,0,0
20190425117,1174,6,0,6
20190425118,1184,5,4,1
20190425119,1194,4,1,3
20190425120,1204,0,5,5
20190425121,1214,1,3,2
20190425122,1224,2,2,0
20190425123,1234,7,9,2
20190425124,1244,4,5,1
20190425125,1254,4,8,4
20190425126,1264,2,4,2
20190425127,1274,0,8,8
20190425128,1284,4,8,4
20190425129,1294,3,8,5
20190425130,1304,3,3,0
20190425131,1314,3,2,1
20190425132,1324,0,2,2
20190425133,1334,8,9,1
20190425134,1344,1,3,2
20190425135,1354,6,5,1
20190425136,1364,3,1,2
20190425137,1374,2,9,7
20190425138,1384,3,2,1
20190425139,1394,7,1,6
20190425140,1404,9,4,5
20190425141,1414,3,5,2
20190425142,1424,8,7,1
20190425143,1434,1,3,2
20190425144,1444,5,2,3
20190425145,1454,2,9,7
20190425146,1464,7,8,1
20190425147,1474,2,4,2
20190425148,1484,5,8,3
20190425149,1494,3,9,6
20190425150,1504,5,0,5
20190425151,1514,9,8,1
20190425152,1524,5,2,3
20190425153,1534,8,0,8
20190425154,1544,0,2,2
20190425155,1554,8,3,5
20190425156,1564,8,8,0
20190425157,1574,8,8,0
20190425158,1584,8,0,8
20190425159,1594,2,7,5
20190425160,1604,3,0,3
20190425161,1614,5,8,3
20190425162,1624,0,5,5
20190425163,1634,2,1,1
20190425164,1644,3,7,4
20190425165,1654,3,8,5
20190425166,1664,5,1,4
20190425167,1674,0,7,7
20190425168,1684,3,5,2
20190425169,1694,7,5,2
20190425170,1704,1,7,6
20190425171,1714,8,1,7
20190425172,1724,7,5,2
20190425173,1734,0,0,0
20190425174,1744,7,4,3
20190425175,1754,8,2,6
20190425176,1764,7,9,2
20190425177,1774,3,9,6
20190425178,1784,8,0,8
20190425179,1794,9,8,1
20190425180,1804,4,7,3
20190425181,1814,9,5,4
20190425182,1824,6,9,3
20190425183,1834,8,3,5
20190425184,1844,9,8,1
20190425185,1854,9,8,1
20190425186,1864,8,1,7
20190425187,1874,2,4,2
20190425188,1884,6,0,6
20190425189,1894,8,2,6
20190425190,1904,0,1,1
20190425191,1914,7,0,7
20190425192,1924,2,3,1
20190425193,1934,5,9,4
20190425194,1944,2,0,2
20190425195,1954,4,7,3
20190425196,1964,6,6,0
20190425197,1974,1,8,7
20190425198,1984,0,2,2
20190425199,1994,0,2,2
20190425200,2004,6,9,3
20190425201,2014,4,6,2
20190425202,2024,2,5,3
20190425203,2034,7,1,6
20190425204,2044,8,1,7
20190425205,2054,3,6,3
20190425206,2064,9,1,8
20190425207,2074,7,8,1
20190425208,2084,9,8,1
20190425209,2094,4,6,2
20190425210,2104,9,3,6
20190425211,2114,1,3,2
20190425212,2124,2,0,2
20190425213,2134,2,5,3
20190425214,2144,5,0,5
20190425215,2154,0,6,6
20190425216,2164,8,1,7
20190425217,2174,8,0,8
20190425218,2184,7,4,3
20190425219,2194,7,6,1
20190425220,2204,0,4,4
20190425221,2214,5,0,5
20190425222,2224,6,0,6
20190425223,2234,4,8,4
20190425224,2244,5,2,3
20190425225,2254,2,3,1
20190425226,2264,6,1,5
20190425227,2274,0,9,9
20190425228,2284,4,0,4
20190425229,2294,4,6,2
20190425230,2304,8,6,2
20190425231,2314,6,9,3
20190425232,2324,2,2,0
20190425233,2334,5,4,1
20190425234,2344,1,5,4
20190425235,2354,5,3,2
20190425236,2364,8,6,2
20190425237,2374,0,8,8
20190425238,2384,4,1,3
20190425239,2394,0,4,4
20190425240,2404,3,9,6
20190425241,2414,0,1,1
20190425242,2424,3,4,1
20190425243,2434,0,9,9
20190425244,2444,1,0,1
20190425245,2454,6,6,0
20190425246,2464,9,8,1
20190425247,2474,6,1,5
20190425248,2484,5,9,4
20190425249,2494,2,7,5
20190425250,2504,7,1,6
20190425251,2514,0,2,2
20190425252,2524,1,7,6
20190425253,2534,9,1,8
20190425254,2544,7,3,4
20190425255,2554,7,1,6
20190425256,2564,7,7,0
20190425257,2574,3,8,5
20190425258,2584,8,7,1
20190425259,2594,6,0,6
20190425260,2604,0,1,1
20190425261,2614,5,9,4
20190425262,2624,1,3,2
20190425263,2634,2,6,4
20190425264,2644,4,8,4
20190425265,2654,1,1,0
20190425266,2664,2,5,3
20190425267,2674,9,2,7
20190425268,2684,3,5,2
20190425269,2694,9,8,1
20190425270,2704,9,7,2
20190425271,2714,6,2,4
20190425272,2724,4,1,3
20190425273,2734,6,5,1
20190425274,2744,6,2,4
20190425275,2754,2,6,4
20190425276,2764,8,7,1
20190425277,2774,2,4,2
20190425278,2784,4,7,3
20190425279,2794,5,5,0
20190425280,2804,0,9,9
20190425281,2814,8,9,1
20190425282,2824,3,9,6
20190425283,2834,0,4,4
20190425284,2844,8,7,1
20190425285,2854,5,8,3
20190425286,2864,3,1,2
20190425287,2874,1,9,8
20190425288,2884,1,5,4
20190426001,15,9,3,6
20190426002,25,2,7,5
20190426003,35,6,3,3
20190426004,45,1,5,4
20190426005,55,9,8,1
20190426006,65,3,6,3
20190426007,75,8,8,0
20190426008,85,0,7,7
20190426009,95,9,7,2
20190426010,105,4,8,4
20190426011,115,8,4,4
20190426012,125,3,5,2
20190426013,135,5,2,3
20190426014,145,4,5,1
20190426015,155,9,4,5
20190426016,165,7,9,2
20190426017,175,0,9,9
20190426018,185,6,3,3
20190426019,195,1,4,3
20190426020,205,5,5,0
20190426021,215,5,1,4
20190426022,225,0,7,7
20190426023,235,2,7,5
20190426024,245,8,4,4
20190426025,255,3,4,1
20190426026,265,9,4,5
20190426027,275,2,3,1
20190426028,285,9,8,1
20190426029,295,6,8,2
20190426030,305,2,4,2
20190426031,315,2,6,4
20190426032,325,5,0,5
20190426033,335,3,0,3
20190426034,345,2,2,0
20190426035,355,8,8,0
20190426036,365,0,5,5
20190426037,375,1,9,8
20190426038,385,6,8,2
20190426039,395,8,5,3
20190426040,405,7,0,7
20190426041,415,0,4,4
20190426042,425,9,5,4
20190426043,435,8,8,0
20190426044,445,4,6,2
20190426045,455,6,2,4
20190426046,465,4,5,1
20190426047,475,3,1,2
20190426048,485,2,3,1
20190426049,495,9,5,4
20190426050,505,5,2,3
20190426051,515,7,5,2
20190426052,525,0,6,6
20190426053,535,6,5,1
20190426054,545,6,2,4
20190426055,555,3,3,0
20190426056,565,3,4,1
20190426057,575,7,7,0
20190426058,585,2,6,4
20190426059,595,7,4,3
20190426060,605,1,1,0
20190426061,615,3,0,3
20190426062,625,1,6,5
20190426063,635,4,5,1
20190426064,645,8,2,6
20190426065,655,5,1,4
20190426066,665,4,6,2
20190426067,675,7,7,0
20190426068,685,6,9,3
20190426069,695,0,5,5
20190426070,705,8,5,3
20190426071,715,4,9,5
20190426072,725,5,8,3
20190426073,735,6,9,3
20190426074,745,0,9,9
20190426075,755,3,7,4
20190426076,765,6,6,0
20190426077,775,1,0,1
20190426078,785,8,8,0
20190426079,795,2,1,1
20190426080,805,2,8,6
20190426081,815,9,7,2
20190426082,825,0,8,8
20190426083,835,1,0,1
20190426084,845,7,4,3
20190426085,855,6,3,3
20190426086,865,9,1,8
20190426087,875,5,4,1
20190426088,885,0,2,2
20190426089,895,3,3,0
20190426090,905,4,0,4
20190426091,915,1,7,6
20190426092,925,8,3,5
20190426093,935,1,4,3
20190426094,945,5,2,3
20190426095,955,9,5,4
20190426096,965,3,3,0
20190426097,975,1,1,0
20190426098,985,0,5,5
20190426099,995,7,4,3
20190426100,1005,3,9,6
20190426101,1015,0,8,8
20190426102,1025,5,9,4
20190426103,1035,9,1,8
20190426104,1045,6,6,0
20190426105,1055,9,3,6
20190426106,1065,9,7,2
20190426107,1075,3,0,3
20190426108,1085,5,7,2
20190426109,1095,1,4,3
20190426110,1105,2,0,2
20190426111,1115,3,9,6
20190426112,1125,5,2,3
20190426113,1135,9,4,5
20190426114,1145,8,3,5
20190426115,1155,4,1,3
20190426116,1165,6,6,0
20190426117,1175,2,1,1
20190426118,1185,6,1,5
20190426119,1195,4,7,3
20190426120,1205,0,9,9
20190426121,1215,8,8,0
20190426122,1225,2,8,6
20190426123,1235,7,9,2
20190426124,1245,8,5,3
20190426125,1255,9,2,7
20190426126,1265,9,0,9
20190426127,1275,6,5,1
20190426128,1285,9,0,9
20190426129,1295,2,5,3
20190426130,1305,1,8,7
20190426131,1315,1,2,1
20190426132,1325,7,0,7
20190426133,1335,4,0,4
20190426134,1345,4,8,4
20190426135,1355,5,2,3
20190426136,1365,6,0,6
20190426137,1375,0,3,3
20190426138,1385,7,4,3
20190426139,1395,1,8,7
20190426140,1405,4,6,2
20190426141,1415,0,2,2
20190426142,1425,6,1,5
20190426143,1435,8,4,4
20190426144,1445,1,4,3
20190426145,1455,8,5,3
20190426146,1465,1,4,3
20190426147,1475,8,6,2
20190426148,1485,7,3,4
20190426149,1495,1,0,1
20190426150,1505,5,6,1
20190426151,1515,8,9,1
20190426152,1525,4,7,3
20190426153,1535,8,3,5
20190426154,1545,2,2,0
20190426155,1555,5,2,3
20190426156,1565,8,8,0
20190426157,1575,4,2,2
20190426158,1585,4,0,4
20190426159,1595,9,2,7
20190426160,1605,5,6,1
20190426161,1615,3,2,1
20190426162,1625,8,8,0
20190426163,1635,6,1,5
20190426164,1645,7,7,0
20190426165,1655,3,8,5
20190426166,1665,4,8,4
20190426167,1675,9,3,6
20190426168,1685,7,3,4
20190426169,1695,4,3,1
20190426170,1705,2,4,2
20190426171,1715,5,0,5
20190426172,1725,9,9,0
20190426173,1735,5,6,1
20190426174,1745,8,9,1
20190426175,1755,0,7,7
20190426176,1765,5,9,4
20190426177,1775,8,5,3
20190426178,1785,9,8,1
20190426179,1795,0,0,0
20190426180,1805,2,3,1
20190426181,1815,9,4,5
20190426182,1825,7,1,6
20190426183,1835,9,4,5
20190426184,1845,2,2,0
20190426185,1855,5,7,2
20190426186,1865,9,0,9
20190426187,1875,1,2,1
20190426188,1885,6,7,1
20190426189,1895,2,7,5
20190426190,1905,0,6,6
20190426191,1915,3,1,2
20190426192,1925,3,9,6
20190426193,1935,3,7,4
20190426194,1945,5,2,3
20190426195,1955,8,2,6
20190426196,1965,7,6,1
20190426197,1975,7,8,1
20190426198,1985,2,3,1
20190426199,1995,9,6,3
20190426200,2005,1,8,7
20190426201,2015,8,5,3
20190426202,2025,3,0,3
20190426203,2035,1,2,1
20190426204,2045,0,9,9
20190426205,2055,1,8,7
20190426206,2065,6,9,3
20190426207,2075,3,4,1
20190426208,2085,3,3,0
20190426209,2095,0,4,4
20190426210,2105,4,6,2
20190426211,2115,7,1,6
20190426212,2125,2,9,7
20190426213,2135,9,1,8
20190426214,2145,0,6,6
20190426215,2155,8,4,4
20190426216,2165,9,3,6
20190426217,2175,4,4,0
20190426218,2185,8,3,5
20190426219,2195,4,4,0
20190426220,2205,1,6,5
20190426221,2215,6,2,4
20190426222,2225,6,9,3
20190426223,2235,2,6,4
20190426224,2245,4,0,4
20190426225,2255,4,1,3
20190426226,2265,7,8,1
20190426227,2275,9,8,1
20190426228,2285,1,6,5
20190426229,2295,6,2,4
20190426230,2305,2,3,1
20190426231,2315,7,2,5
20190426232,2325,3,0,3
20190426233,2335,8,9,1
20190426234,2345,4,3,1
20190426235,2355,8,0,8
20190426236,2365,6,9,3
20190426237,2375,6,2,4
20190426238,2385,3,6,3
20190426239,2395,3,3,0
20190426240,2405,5,5,0
20190426241,2415,8,4,4
20190426242,2425,5,1,4
20190426243,2435,0,9,9
20190426244,2445,9,1,8
20190426245,2455,3,1,2
20190426246,2465,0,5,5
20190426247,2475,3,5,2
20190426248,2485,4,4,0
20190426249,2495,2,2,0
20190426250,2505,4,2,2
20190426251,2515,0,1,1
20190426252,2525,5,1,4
20190426253,2535,7,6,1
20190426254,2545,0,4,4
20190426255,2555,8,6,2
20190426256,2565,0,7,7
20190426257,2575,6,5,1
20190426258,2585,7,9,2
20190426259,2595,3,4,1
20190426260,2605,0,4,4
20190426261,2615,4,6,2
20190426262,2625,5,3,2
20190426263,2635,9,4,5
20190426264,2645,6,7,1
20190426265,2655,9,5,4
20190426266,2665,8,4,4
20190426267,2675,9,9,0
20190426268,2685,4,7,3
20190426269,2695,5,2,3
20190426270,2705,6,1,5
20190426271,2715,8,9,1
20190426272,2725,0,4,4
20190426273,2735,5,0,5
20190426274,2745,9,9,0
20190426275,2755,5,6,1
20190426276,2765,6,0,6
20190426277,2775,2,4,2
20190426278,2785,9,9,0
20190426279,2795,3,0,3
20190426280,2805,7,2,5
20190426281,2815,5,1,4
20190426282,2825,6,6,0
20190426283,2835,5,2,3
20190426284,2845,7,4,3
20190426285,2855,9,2,7
20190426286,2865,8,2,6
20190426287,2875,3,8,5
20190426288,2885,4,4,0
20190427001,16,3,0,3
20190427002,26,0,8,8
20190427003,36,3,4,1
20190427004,46,1,2,1
20190427005,56,0,9,9
20190427006,66,6,0,6
20190427007,76,0,6,6
20190427008,86,1,3,2
20190427009,96,1,1,0
20190427010,106,5,0,5
20190427011,116,6,3,3
20190427012,126,2,4,2
20190427013,136,4,8,4
20190427014,146,5,7,2
20190427015,156,7,6,1
20190427016,166,5,4,1
20190427017,176,3,9,6
20190427018,186,9,7,2
20190427019,196,6,0,6
20190427020,206,7,9,2
20190427021,216,1,9,8
20190427022,226,5,0,5
20190427023,236,9,5,4
20190427024,246,4,0,4
20190427025,256,1,7,6
20190427026,266,8,0,8
20190427027,276,5,0,5
20190427028,286,1,7,6
20190427029,296,7,7,0
20190427030,306,6,8,2
20190427031,316,0,3,3
20190427032,326,4,2,2
20190427033,336,1,7,6
20190427034,346,1,6,5
20190427035,356,8,7,1
20190427036,366,8,6,2
20190427037,376,0,8,8
20190427038,386,9,7,2
20190427039,396,3,1,2
20190427040,406,7,9,2
20190427041,416,4,3,1
20190427042,426,3,2,1
20190427043,436,5,4,1
20190427044,446,0,1,1
20190427045,456,2,0,2
20190427046,466,1,6,5
20190427047,476,9,5,4
20190427048,486,2,1,1
20190427049,496,3,3,0
20190427050,506,9,9,0
20190427051,516,2,0,2
20190427052,526,4,7,3
20190427053,536,5,7,2
20190427054,546,5,5,0
20190427055,556,0,6,6
20190427056,566,6,9,3
20190427057,576,1,3,2
20190427058,586,8,4,4
20190427059,596,7,1,6
20190427060,606,7,8,1
20190427061,616,9,5,4
20190427062,626,8,4,4
20190427063,636,6,7,1
20190427064,646,0,0,0
20190427065,656,0,3,3
20190427066,666,5,8,3
20190427067,676,8,1,7
20190427068,686,2,0,2
20190427069,696,8,6,2
20190427070,706,7,3,4
20190427071,716,7,0,7
20190427072,726,5,4,1
20190427073,736,8,6,2
20190427074,746,1,6,5
20190427075,756,3,1,2
20190427076,766,9,8,1
20190427077,776,8,8,0
20190427078,786,7,9,2
20190427079,796,6,4,2
20190427080,806,8,8,0
20190427081,816,3,1,2
20190427082,826,4,2,2
20190427083,836,6,6,0
20190427084,846,0,4,4
20190427085,856,2,9,7
20190427086,866,4,6,2
20190427087,876,9,3,6
20190427088,886,4,2,2
20190427089,896,2,7,5
20190427090,906,4,7,3
20190427091,916,5,5,0
20190427092,926,7,1,6
20190427093,936,3,5,2
20190427094,946,7,7,0
20190427095,956,7,6,1
20190427096,966,6,0,6
20190427097,976,5,5,0
20190427098,986,3,6,3
20190427099,996,7,8,1
20190427100,1006,7,1,6
20190427101,1016,9,4,5
20190427102,1026,1,8,7
20190427103,1036,5,5,0
20190427104,1046,3,1,2
20190427105,1056,2,8,6
20190427106,1066,1,5,4
20190427107,1076,7,8,1
20190427108,1086,3,7,4
20190427109,1096,5,8,3
20190427110,1106,0,7,7
20190427111,1116,5,6,1
20190427112,1126,1,6,5
20190427113,1136,8,4,4
20190427114,1146,8,3,5
20190427115,1156,5,5,0
20190427116,1166,3,7,4
20190427117,1176,6,6,0
20190427118,1186,4,3,1
20190427119,1196,7,8,1
20190427120,1206,7,3,4
20190427121,1216,7,0,7
20190427122,1226,5,2,3
20190427123,1236,2,9,7
20190427124,1246,7,7,0
20190427125,1256,5,9,4
20190427126,1266,5,1,4
20190427127,1276,9,5,4
20190427128,1286,1,3,2
20190427129,1296,0,2,2
20190427130,1306,0,9,9
20190427131,1316,7,5,2
20190427132,1326,7,0,7
20190427133,1336,8,0,8
20190427134,1346,8,8,0
20190427135,1356,4,0,4
20190427136,1366,2,7,5
20190427137,1376,1,0,1
20190427138,1386,5,0,5
20190427139,1396,7,2,5
20190427140,1406,0,7,7
20190427141,1416,7,5,2
20190427142,1426,5,0,5
20190427143,1436,2,9,7
20190427144,1446,6,0,6
20190427145,1456,4,4,0
20190427146,1466,4,5,1
20190427147,1476,1,4,3
20190427148,1486,9,1,8
20190427149,1496,3,1,2
20190427150,1506,8,4,4
20190427151,1516,5,0,5
20190427152,1526,6,0,6
20190427153,1536,5,5,0
20190427154,1546,2,4,2
20190427155,1556,4,5,1
20190427156,1566,8,8,0
20190427157,1576,9,0,9
20190427158,1586,6,7,1
20190427159,1596,6,7,1
20190427160,1606,9,6,3
20190427161,1616,3,2,1
20190427162,1626,5,8,3
20190427163,1636,7,9,2
20190427164,1646,5,5,0
20190427165,1656,3,9,6
20190427166,1666,0,9,9
20190427167,1676,2,6,4
20190427168,1686,2,2,0
20190427169,1696,5,8,3
20190427170,1706,3,2,1
20190427171,1716,0,1,1
20190427172,1726,3,7,4
20190427173,1736,2,5,3
20190427174,1746,2,6,4
20190427175,1756,9,8,1
20190427176,1766,6,1,5
20190427177,1776,8,4,4
20190427178,1786,7,0,7
20190427179,1796,6,7,1
20190427180,1806,2,8,6
20190427181,1816,5,8,3
20190427182,1826,0,8,8
20190427183,1836,1,3,2
20190427184,1846,2,3,1
20190427185,1856,1,7,6
20190427186,1866,7,7,0
20190427187,1876,1,5,4
20190427188,1886,9,7,2
20190427189,1896,9,1,8
20190427190,1906,3,9,6
20190427191,1916,1,3,2
20190427192,1926,3,9,6
20190427193,1936,6,2,4
20190427194,1946,5,1,4
20190427195,1956,8,2,6
20190427196,1966,5,0,5
20190427197,1976,9,2,7
20190427198,1986,2,5,3
20190427199,1996,7,4,3
20190427200,2006,5,1,4
20190427201,2016,3,9,6
20190427202,2026,9,1,8
20190427203,2036,6,4,2
20190427204,2046,0,4,4
20190427205,2056,9,4,5
20190427206,2066,6,4,2
20190427207,2076,0,0,0
20190427208,2086,6,3,3
20190427209,2096,3,3,0
20190427210,2106,1,0,1
20190427211,2116,3,4,1
20190427212,2126,9,1,8
20190427213,2136,9,1,8
20190427214,2146,9,5,4
20190427215,2156,4,5,1
20190427216,2166,7,1,6
20190427217,2176,8,0,8
20190427218,2186,6,2,4
20190427219,2196,0,7,7
20190427220,2206,5,5,0
20190427221,2216,6,7,1
20190427222,2226,9,1,8
20190427223,2236,2,9,7
20190427224,2246,9,6,3
20190427225,2256,5,9,4
20190427226,2266,8,7,1
20190427227,2276,2,1,1
20190427228,2286,5,1,4
20190427229,2296,9,1,8
20190427230,2306,7,1,6
20190427231,2316,3,7,4
20190427232,2326,6,3,3
20190427233,2336,6,3,3
20190427234,2346,6,9,3
20190427235,2356,1,7,6
20190427236,2366,3,1,2
20190427237,2376,1,1,0
20190427238,2386,7,9,2
20190427239,2396,1,0,1
20190427240,2406,1,2,1
20190427241,2416,5,2,3
20190427242,2426,1,0,1
20190427243,2436,9,9,0
20190427244,2446,7,7,0
20190427245,2456,3,5,2
20190427246,2466,1,2,1
20190427247,2476,5,1,4
20190427248,2486,6,7,1
20190427249,2496,6,5,1
20190427250,2506,2,5,3
20190427251,2516,8,4,4
20190427252,2526,0,7,7
20190427253,2536,0,6,6
20190427254,2546,3,5,2
20190427255,2556,1,8,7
20190427256,2566,4,4,0
20190427257,2576,0,5,5
20190427258,2586,0,3,3
20190427259,2596,3,1,2
20190427260,2606,4,3,1
20190427261,2616,8,9,1
20190427262,2626,5,8,3
20190427263,2636,8,5,3
20190427264,2646,4,4,0
20190427265,2656,2,9,7
20190427266,2666,5,6,1
20190427267,2676,2,5,3
20190427268,2686,4,5,1
20190427269,2696,9,4,5
20190427270,2706,7,4,3
20190427271,2716,2,2,0
20190427272,2726,2,9,7
20190427273,2736,5,0,5
20190427274,2746,7,5,2
20190427275,2756,5,0,5
20190427276,2766,8,0,8
20190427277,2776,8,1,7
20190427278,2786,4,3,1
20190427279,2796,2,8,6
20190427280,2806,9,5,4
20190427281,2816,8,8,0
20190427282,2826,0,5,5
20190427283,2836,4,3,1
20190427284,2846,3,0,3
20190427285,2856,5,0,5
20190427286,2866,8,4,4
20190427287,2876,7,6,1
20190427288,2886,9,6,3
20190428001,17,6,4,2
20190428002,27,4,0,4
20190428003,37,8,6,2
20190428004,47,4,0,4
20190428005,57,7,2,5
20190428006,67,7,5,2
20190428007,77,8,0,8
20190428008,87,4,0,4
20190428009,97,4,5,1
20190428010,107,9,7,2
20190428011,117,0,4,4
20190428012,127,6,6,0
20190428013,137,7,2,5
20190428014,147,1,6,5
20190428015,157,4,8,4
20190428016,167,2,2,0
20190428017,177,4,5,1
20190428018,187,2,6,4
20190428019,197,2,2,0
20190428020,207,5,4,1
20190428021,217,5,6,1
20190428022,227,6,9,3
20190428023,237,9,9,0
20190428024,247,2,1,1
20190428025,257,1,4,3
20190428026,267,5,4,1
20190428027,277,3,2,1
20190428028,287,1,4,3
20190428029,297,3,7,4
20190428030,307,8,6,2
20190428031,317,4,1,3
20190428032,327,9,1,8
20190428033,337,1,7,6
20190428034,347,3,8,5
20190428035,357,2,5,3
20190428036,367,5,2,3
20190428037,377,8,3,5
20190428038,387,6,3,3
20190428039,397,1,8,7
20190428040,407,7,6,1
20190428041,417,6,8,2
20190428042,427,1,5,4
20190428043,437,0,6,6
20190428044,447,2,5,3
20190428045,457,2,9,7
20190428046,467,9,9,0
20190428047,477,2,8,6
20190428048,487,1,1,0
20190428049,497,8,4,4
20190428050,507,8,1,7
20190428051,517,9,0,9
20190428052,527,1,1,0
20190428053,537,0,4,4
20190428054,547,7,9,2
20190428055,557,2,2,0
20190428056,567,1,2,1
20190428057,577,9,5,4
20190428058,587,6,4,2
20190428059,597,1,8,7
20190428060,607,9,1,8
20190428061,617,4,4,0
20190428062,627,7,6,1
20190428063,637,7,0,7
20190428064,647,0,7,7
20190428065,657,4,4,0
20190428066,667,1,7,6
20190428067,677,7,5,2
20190428068,687,2,3,1
20190428069,697,2,2,0
20190428070,707,4,9,5
20190428071,717,6,5,1
20190428072,727,6,3,3
20190428073,737,3,8,5
20190428074,747,5,7,2
20190428075,757,1,7,6
20190428076,767,8,5,3
20190428077,777,6,4,2
20190428078,787,3,5,2
20190428079,797,1,6,5
20190428080,807,2,3,1
20190428081,817,3,6,3
20190428082,827,1,4,3
20190428083,837,9,8,1
20190428084,847,4,1,3
20190428085,857,4,4,0
20190428086,867,0,8,8
20190428087,877,1,9,8
20190428088,887,0,5,5
20190428089,897,2,6,4
20190428090,907,4,0,4
20190428091,917,3,5,2
20190428092,927,4,1,3
20190428093,937,2,5,3
20190428094,947,8,0,8
20190428095,957,4,1,3
20190428096,967,1,4,3
20190428097,977,9,1,8
20190428098,987,9,9,0
20190428099,997,6,5,1
20190428100,1007,0,9,9
20190428101,1017,7,7,0
20190428102,1027,2,4,2
20190428103,1037,6,4,2
20190428104,1047,6,0,6
20190428105,1057,1,5,4
20190428106,1067,7,5,2
20190428107,1077,3,3,0
20190428108,1087,8,9,1
20190428109,1097,2,3,1
20190428110,1107,6,1,5
20190428111,1117,7,7,0
20190428112,1127,1,4,3
20190428113,1137,9,7,2
20190428114,1147,1,2,1
20190428115,1157,6,9,3
20190428116,1167,9,3,6
20190428117,1177,4,2,2
20190428118,1187,4,8,4
20190428119,1197,6,0,6
20190428120,1207,4,4,0
20190428121,1217,0,4,4
20190428122,1227,4,4,0
20190428123,1237,4,0,4
20190428124,1247,2,0,2
20190428125,1257,3,8,5
20190428126,1267,6,5,1
20190428127,1277,8,0,8
20190428128,1287,7,6,1
20190428129,1297,7,6,1
20190428130,1307,3,1,2
20190428131,1317,4,1,3
20190428132,1327,2,4,2
20190428133,1337,7,8,1
20190428134,1347,9,6,3
20190428135,1357,7,5,2
20190428136,1367,4,7,3
20190428137,1377,7,6,1
20190428138,1387,9,4,5
20190428139,1397,3,6,3
20190428140,1407,1,4,3
20190428141,1417,5,2,3
20190428142,1427,1,8,7
20190428143,1437,9,5,4
20190428144,1447,7,6,1
20190428145,1457,3,0,3
20190428146,1467,6,3,3
20190428147,1477,3,5,2
20190428148,1487,4,9,5
20190428149,1497,1,3,2
20190428150,1507,5,6,1
20190428151,1517,5,4,1
20190428152,1527,6,3,3
20190428153,1537,8,0,8
20190428154,1547,1,7,6
20190428155,1557,9,7,2
20190428156,1567,2,3,1
20190428157,1577,1,8,7
20190428158,1587,8,1,7
20190428159,1597,7,5,2
20190428160,1607,6,5,1
20190428161,1617,1,9,8
20190428162,1627,4,1,3
20190428163,1637,0,7,7
20190428164,1647,9,3,6
20190428165,1657,8,3,5
20190428166,1667,3,2,1
20190428167,1677,8,8,0
20190428168,1687,4,2,2
20190428169,1697,2,6,4
20190428170,1707,1,1,0
20190428171,1717,9,8,1
20190428172,1727,7,5,2
20190428173,1737,6,8,2
20190428174,1747,1,7,6
20190428175,1757,4,5,1
20190428176,1767,1,9,8
20190428177,1777,6,9,3
20190428178,1787,6,2,4
20190428179,1797,2,3,1
20190428180,1807,6,2,4
20190428181,1817,3,7,4
20190428182,1827,1,3,2
20190428183,1837,9,3,6
20190428184,1847,5,4,1
20190428185,1857,9,4,5
20190428186,1867,6,0,6
20190428187,1877,5,3,2
20190428188,1887,5,3,2
20190428189,1897,5,8,3
20190428190,1907,7,4,3
20190428191,1917,4,4,0
20190428192,1927,4,7,3
20190428193,1937,2,6,4
20190428194,1947,6,0,6
20190428195,1957,4,3,1
20190428196,1967,8,5,3
20190428197,1977,9,5,4
20190428198,1987,5,7,2
20190428199,1997,5,9,4
20190428200,2007,9,2,7
20190428201,2017,7,3,4
20190428202,2027,6,2,4
20190428203,2037,8,0,8
20190428204,2047,5,5,0
20190428205,2057,1,7,6
20190428206,2067,3,9,6
20190428207,2077,0,8,8
20190428208,2087,3,7,4
20190428209,2097,7,3,4
20190428210,2107,7,7,0
20190428211,2117,7,5,2
20190428212,2127,0,3,3
20190428213,2137,7,6,1
20190428214,2147,2,9,7
20190428215,2157,7,1,6
20190428216,2167,0,6,6
20190428217,2177,0,9,9
20190428218,2187,3,4,1
20190428219,2197,5,0,5
20190428220,2207,9,5,4
20190428221,2217,2,2,0
20190428222,2227,2,0,2
20190428223,2237,1,5,4
20190428224,2247,1,8,7
20190428225,2257,5,5,0
20190428226,2267,6,8,2
20190428227,2277,6,9,3
20190428228,2287,7,9,2
20190428229,2297,7,2,5
20190428230,2307,6,2,4
20190428231,2317,9,2,7
20190428232,2327,1,9,8
20190428233,2337,3,6,3
20190428234,2347,8,3,5
20190428235,2357,9,6,3
20190428236,2367,2,8,6
20190428237,2377,4,9,5
20190428238,2387,3,4,1
20190428239,2397,1,7,6
20190428240,2407,5,6,1
20190428241,2417,0,5,5
20190428242,2427,9,7,2
20190428243,2437,7,2,5
20190428244,2447,8,7,1
20190428245,2457,1,1,0
20190428246,2467,7,0,7
20190428247,2477,9,2,7
20190428248,2487,3,6,3
20190428249,2497,1,8,7
20190428250,2507,6,7,1
20190428251,2517,1,9,8
20190428252,2527,4,4,0
20190428253,2537,0,1,1
20190428254,2547,8,7,1
20190428255,2557,5,2,3
20190428256,2567,4,9,5
20190428257,2577,0,0,0
20190428258,2587,8,0,8
20190428259,2597,0,0,0
20190428260,2607,6,4,2
20190428261,2617,8,2,6
20190428262,2627,8,3,5
20190428263,2637,0,3,3
20190428264,2647,6,9,3
20190428265,2657,8,5,3
20190428266,2667,5,8,3
20190428267,2677,4,4,0
20190428268,2687,0,1,1
20190428269,2697,3,7,4
20190428270,2707,7,2,5
20190428271,2717,1,3,2
20190428272,2727,1,0,1
20190428273,2737,9,1,8
20190428274,2747,7,4,3
20190428275,2757,0,6,6
20190428276,2767,3,8,5
20190428277,2777,0,0,0
20190428278,2787,1,3,2
20190428279,2797,9,7,2
20190428280,2807,3,8,5
20190428281,2817,9,0,9
20190428282,2827,1,2,1
20190428283,2837,5,7,2
20190428284,2847,0,2,2
20190428285,2857,7,9,2
20190428286,2867,8,5,3
20190428287,2877,5,3,2
20190428288,2887,6,5,1
20190429001,11,2,8,6
20190429002,21,3,4,1
20190429003,31,8,4,4
20190429004,41,7,6,1
20190429005,51,5,7,2
20190429006,61,4,3,1
20190429007,71,3,1,2
20190429008,81,7,2,5
20190429009,91,7,8,1
20190429010,101,3,9,6
20190429011,111,7,0,7
20190429012,121,4,9,5
20190429013,131,3,4,1
20190429014,141,7,5,2
20190429015,151,1,0,1
20190429016,161,3,9,6
20190429017,171,3,5,2
20190429018,181,7,0,7
20190429019,191,0,5,5
20190429020,201,2,7,5
20190429021,211,5,6,1
20190429022,221,5,5,0
20190429023,231,8,2,6
20190429024,241,2,3,1
20190429025,251,2,5,3
20190429026,261,3,7,4
20190429027,271,3,6,3
20190429028,281,1,8,7
20190429029,291,6,7,1
20190429030,301,1,9,8
20190429031,311,2,1,1
20190429032,321,8,9,1
20190429033,331,0,4,4
20190429034,341,6,1,5
20190429035,351,9,5,4
20190429036,361,6,6,0
20190429037,371,4,5,1
20190429038,381,2,0,2
20190429039,391,7,1,6
20190429040,401,6,2,4
20190429041,411,7,8,1
20190429042,421,9,5,4
20190429043,431,5,4,1
20190429044,441,7,7,0
20190429045,451,7,2,5
20190429046,461,4,9,5
20190429047,471,0,1,1
20190429048,481,2,6,4
20190429049,491,4,1,3
20190429050,501,4,5,1
20190429051,511,5,6,1
20190429052,521,7,1,6
20190429053,531,5,1,4
20190429054,541,3,8,5
20190429055,551,5,5,0
20190429056,561,1,9,8
20190429057,571,6,0,6
20190429058,581,1,0,1
20190429059,591,9,9,0
20190429060,601,1,4,3
20190429061,611,0,3,3
20190429062,621,1,3,2
20190429063,631,6,5,1
20190429064,641,9,2,7
20190429065,651,5,5,0
20190429066,661,9,4,5
20190429067,671,6,4,2
20190429068,681,0,6,6
20190429069,691,6,4,2
20190429070,701,3,8,5
20190429071,711,7,1,6
20190429072,721,3,4,1
20190429073,731,7,2,5
20190429074,741,6,7,1
20190429075,751,1,0,1
20190429076,761,0,5,5
20190429077,771,6,2,4
20190429078,781,8,1,7
20190429079,791,6,9,3
20190429080,801,4,7,3
20190429081,811,3,1,2
20190429082,821,5,1,4
20190429083,831,8,4,4
20190429084,841,2,4,2
20190429085,851,2,4,2
20190429086,861,4,0,4
20190429087,871,3,4,1
20190429088,881,0,7,7
20190429089,891,1,5,4
20190429090,901,2,7,5
20190429091,911,4,3,1
20190429092,921,3,3,0
20190429093,931,3,6,3
20190429094,941,2,6,4
20190429095,951,5,6,1
20190429096,961,7,2,5
20190429097,971,9,2,7
20190429098,981,9,3,6
20190429099,991,2,6,4
20190429100,1001,8,0,8
20190429101,1011,4,6,2
20190429102,1021,9,9,0
20190429103,1031,4,5,1
20190429104,1041,6,8,2
20190429105,1051,8,4,4
20190429106,1061,1,4,3
20190429107,1071,7,3,4
20190429108,1081,6,1,5
20190429109,1091,0,5,5
20190429110,1101,1,0,1
20190429111,1111,3,6,3
20190429112,1121,9,3,6
20190429113,1131,4,4,0
20190429114,1141,6,1,5
20190429115,1151,5,8,3
20190429116,1161,8,2,6
20190429117,1171,0,8,8
20190429118,1181,8,0,8
20190429119,1191,6,1,5
20190429120,1201,2,2,0
20190429121,1211,2,3,1
20190429122,1221,9,4,5
20190429123,1231,0,7,7
20190429124,1241,6,2,4
20190429125,1251,7,7,0
20190429126,1261,3,3,0
20190429127,1271,4,9,5
20190429128,1281,3,8,5
20190429129,1291,5,0,5
20190429130,1301,2,6,4
20190429131,1311,2,1,1
20190429132,1321,1,0,1
20190429133,1331,1,0,1
20190429134,1341,7,5,2
20190429135,1351,2,6,4
20190429136,1361,2,5,3
20190429137,1371,8,5,3
20190429138,1381,2,0,2
20190429139,1391,7,9,2
20190429140,1401,8,5,3
20190429141,1411,5,1,4
20190429142,1421,2,5,3
20190429143,1431,5,0,5
20190429144,1441,6,7,1
20190429145,1451,1,8,7
20190429146,1461,5,7,2
20190429147,1471,3,9,6
20190429148,1481,7,7,0
20190429149,1491,3,5,2
20190429150,1501,6,8,2
20190429151,1511,0,8,8
20190429152,1521,5,2,3
20190429153,1531,6,6,0
20190429154,1541,0,2,2
20190429155,1551,8,2,6
20190429156,1561,1,8,7
20190429157,1571,5,3,2
20190429158,1581,8,8,0
20190429159,1591,6,2,4
20190429160,1601,8,9,1
20190429161,1611,8,4,4
20190429162,1621,3,1,2
20190429163,1631,4,7,3
20190429164,1641,7,5,2
20190429165,1651,0,6,6
20190429166,1661,3,0,3
20190429167,1671,1,6,5
20190429168,1681,0,1,1
20190429169,1691,3,9,6
20190429170,1701,2,8,6
20190429171,1711,6,1,5
20190429172,1721,9,4,5
20190429173,1731,6,8,2
20190429174,1741,2,1,1
20190429175,1751,4,4,0
20190429176,1761,0,5,5
20190429177,1771,8,9,1
20190429178,1781,2,1,1
20190429179,1791,5,7,2
20190429180,1801,5,8,3
20190429181,1811,5,0,5
20190429182,1821,5,9,4
20190429183,1831,8,2,6
20190429184,1841,4,0,4
20190429185,1851,8,1,7
20190429186,1861,2,4,2
20190429187,1871,9,2,7
20190429188,1881,7,1,6
20190429189,1891,7,4,3
20190429190,1901,8,8,0
20190429191,1911,4,9,5
20190429192,1921,9,4,5
20190429193,1931,5,3,2
20190429194,1941,9,4,5
20190429195,1951,7,4,3
20190429196,1961,1,1,0
20190429197,1971,3,7,4
20190429198,1981,0,4,4
20190429199,1991,5,5,0
20190429200,2001,6,3,3
20190429201,2011,7,0,7
20190429202,2021,3,9,6
20190429203,2031,9,9,0
20190429204,2041,3,6,3
20190429205,2051,1,4,3
20190429206,2061,9,5,4
20190429207,2071,1,1,0
20190429208,2081,7,8,1
20190429209,2091,8,4,4
20190429210,2101,6,1,5
20190429211,2111,8,7,1
20190429212,2121,3,0,3
20190429213,2131,3,2,1
20190429214,2141,6,3,3
20190429215,2151,4,2,2
20190429216,2161,0,6,6
20190429217,2171,6,6,0
20190429218,2181,3,9,6
20190429219,2191,6,9,3
20190429220,2201,0,3,3
20190429221,2211,6,4,2
20190429222,2221,3,8,5
20190429223,2231,9,4,5
20190429224,2241,8,5,3
20190429225,2251,6,1,5
20190429226,2261,0,8,8
20190429227,2271,7,2,5
20190429228,2281,9,1,8
20190429229,2291,0,5,5
20190429230,2301,1,7,6
20190429231,2311,3,8,5
20190429232,2321,6,9,3
20190429233,2331,1,3,2
20190429234,2341,0,0,0
20190429235,2351,4,8,4
20190429236,2361,1,5,4
20190429237,2371,2,5,3
20190429238,2381,1,7,6
20190429239,2391,9,6,3
20190429240,2401,0,7,7
20190429241,2411,5,1,4
20190429242,2421,9,3,6
20190429243,2431,7,8,1
20190429244,2441,1,4,3
20190429245,2451,4,5,1
20190429246,2461,9,3,6
20190429247,2471,4,0,4
20190429248,2481,8,9,1
20190429249,2491,6,6,0
20190429250,2501,5,6,1
20190429251,2511,2,3,1
20190429252,2521,0,5,5
20190429253,2531,9,0,9
20190429254,2541,6,8,2
20190429255,2551,1,2,1
20190429256,2561,7,3,4
20190429257,2571,2,6,4
20190429258,2581,4,2,2
20190429259,2591,5,0,5
20190429260,2601,8,4,4
20190429261,2611,0,8,8
20190429262,2621,1,3,2
20190429263,2631,4,1,3
20190429264,2641,4,2,2
20190429265,2651,4,9,5
20190429266,2661,8,2,6
20190429267,2671,8,0,8
20190429268,2681,4,5,1
20190429269,2691,9,9,0
20190429270,2701,6,0,6
20190429271,2711,2,9,7
20190429272,2721,5,2,3
20190429273,2731,6,9,3
20190429274,2741,2,8,6
20190429275,2751,1,9,8
20190429276,2761,8,5,3
20190429277,2771,0,0,0
20190429278,2781,8,9,1
20190429279,2791,0,5,5
20190429280,2801,4,7,3
20190429281,2811,9,9,0
20190429282,2821,0,4,4
20190429283,2831,2,7,5
20190429284,2841,1,5,4
20190429285,2851,5,6,1
20190429286,2861,8,8,0
20190429287,2871,3,0,3
20190429288,2881,4,4,0
20190430001,12,6,0,6
20190430002,22,7,8,1
20190430003,32,3,1,2
20190430004,42,8,5,3
20190430005,52,8,5,3
20190430006,62,3,9,6
20190430007,72,0,3,3
20190430008,82,5,4,1
20190430009,92,4,8,4
20190430010,102,9,0,9
20190430011,112,9,5,4
20190430012,122,9,9,0
20190430013,132,0,6,6
20190430014,142,5,7,2
20190430015,152,8,0,8
20190430016,162,8,5,3
20190430017,172,1,6,5
20190430018,182,5,1,4
20190430019,192,2,5,3
20190430020,202,7,6,1
20190430021,212,0,4,4
20190430022,222,4,6,2
20190430023,232,9,0,9
20190430024,242,5,1,4
20190430025,252,9,7,2
20190430026,262,8,9,1
20190430027,272,2,7,5
20190430028,282,0,2,2
20190430029,292,1,7,6
20190430030,302,6,3,3
20190430031,312,3,3,0
20190430032,322,6,9,3
20190430033,332,9,6,3
20190430034,342,4,2,2
20190430035,352,7,8,1
20190430036,362,2,5,3
20190430037,372,0,7,7
20190430038,382,0,8,8
20190430039,392,7,0,7
20190430040,402,4,5,1
20190430041,412,1,1,0
20190430042,422,2,4,2
20190430043,432,2,8,6
20190430044,442,2,2,0
20190430045,452,9,6,3
20190430046,462,0,2,2
20190430047,472,9,7,2
20190430048,482,7,4,3
20190430049,492,2,2,0
20190430050,502,5,3,2
20190430051,512,8,3,5
20190430052,522,4,4,0
20190430053,532,3,6,3
20190430054,542,6,1,5
20190430055,552,2,5,3
20190430056,562,0,0,0
20190430057,572,4,9,5
20190430058,582,0,5,5
20190430059,592,9,5,4
20190430060,602,3,7,4
20190430061,612,8,3,5
20190430062,622,8,4,4
20190430063,632,4,4,0
20190430064,642,2,0,2
20190430065,652,6,4,2
20190430066,662,0,8,8
20190430067,672,8,5,3
20190430068,682,2,8,6
20190430069,692,1,0,1
20190430070,702,2,8,6
20190430071,712,3,2,1
20190430072,722,9,7,2
20190430073,732,3,4,1
20190430074,742,4,1,3
20190430075,752,2,6,4
20190430076,762,5,7,2
20190430077,772,8,9,1
20190430078,782,6,8,2
20190430079,792,1,0,1
20190430080,802,4,9,5
20190430081,812,6,4,2
20190430082,822,0,3,3
20190430083,832,1,2,1
20190430084,842,1,5,4
20190430085,852,2,3,1
20190430086,862,4,0,4
20190430087,872,4,8,4
20190430088,882,8,6,2
20190430089,892,7,5,2
20190430090,902,1,2,1
20190430091,912,6,9,3
20190430092,922,7,7,0
20190430093,932,1,0,1
20190430094,942,8,3,5
20190430095,952,2,2,0
20190430096,962,8,8,0
20190430097,972,9,4,5
20190430098,982,6,7,1
20190430099,992,4,6,2
20190430100,1002,8,5,3
20190430101,1012,9,0,9
20190430102,1022,4,4,0
20190430103,1032,2,9,7
20190430104,1042,8,9,1
20190430105,1052,0,1,1
20190430106,1062,9,2,7
20190430107,1072,4,5,1
20190430108,1082,3,4,1
20190430109,1092,1,8,7
20190430110,1102,6,9,3
20190430111,1112,8,0,8
20190430112,1122,8,7,1
20190430113,1132,6,6,0
20190430114,1142,0,5,5
20190430115,1152,5,3,2
20190430116,1162,5,7,2
20190430117,1172,4,1,3
20190430118,1182,5,3,2
20190430119,1192,5,2,3
20190430120,1202,2,3,1
20190430121,1212,0,7,7
20190430122,1222,1,4,3
20190430123,1232,3,1,2
20190430124,1242,4,1,3
20190430125,1252,3,7,4
20190430126,1262,5,2,3
20190430127,1272,0,4,4
20190430128,1282,3,1,2
20190430129,1292,7,2,5
20190430130,1302,2,4,2
20190430131,1312,0,0,0
20190430132,1322,7,0,7
20190430133,1332,8,9,1
20190430134,1342,9,1,8
20190430135,1352,3,0,3
20190430136,1362,5,5,0
20190430137,1372,6,1,5
20190430138,1382,5,3,2
20190430139,1392,4,5,1
20190430140,1402,2,3,1
20190430141,1412,9,1,8
20190430142,1422,0,4,4
20190430143,1432,8,2,6
20190430144,1442,9,1,8
20190430145,1452,7,9,2
20190430146,1462,7,8,1
20190430147,1472,8,5,3
20190430148,1482,2,5,3
20190430149,1492,4,0,4
20190430150,1502,0,5,5
20190430151,1512,7,1,6
20190430152,1522,2,6,4
20190430153,1532,2,5,3
20190430154,1542,7,8,1
20190430155,1552,7,9,2
20190430156,1562,5,2,3
20190430157,1572,1,5,4
20190430158,1582,4,5,1
20190430159,1592,3,5,2
20190430160,1602,6,8,2
20190430161,1612,1,4,3
20190430162,1622,0,3,3
20190430163,1632,1,9,8
20190430164,1642,0,4,4
20190430165,1652,7,3,4
20190430166,1662,9,7,2
20190430167,1672,7,2,5
20190430168,1682,2,4,2
20190430169,1692,1,2,1
20190430170,1702,6,3,3
20190430171,1712,2,7,5
20190430172,1722,7,5,2
20190430173,1732,5,2,3
20190430174,1742,3,4,1
20190430175,1752,8,6,2
20190430176,1762,9,0,9
20190430177,1772,3,1,2
20190430178,1782,3,7,4
20190430179,1792,8,2,6
20190430180,1802,7,2,5
20190430181,1812,3,5,2
20190430182,1822,6,9,3
20190430183,1832,3,6,3
20190430184,1842,2,8,6
20190430185,1852,7,7,0
20190430186,1862,4,8,4
20190430187,1872,8,7,1
20190430188,1882,2,9,7
20190430189,1892,1,6,5
20190430190,1902,1,4,3
20190430191,1912,7,4,3
20190430192,1922,5,3,2
20190430193,1932,5,9,4
20190430194,1942,2,4,2
20190430195,1952,0,1,1
20190430196,1962,8,3,5
20190430197,1972,7,6,1
20190430198,1982,6,5,1
20190430199,1992,2,6,4
20190430200,2002,5,2,3
20190430201,2012,6,4,2
20190430202,2022,5,6,1
20190430203,2032,6,3,3
20190430204,2042,6,7,1
20190430205,2052,6,7,1
20190430206,2062,7,9,2
20190430207,2072,6,8,2
20190430208,2082,7,9,2
20190430209,2092,6,6,0
20190430210,2102,3,1,2
20190430211,2112,0,4,4
20190430212,2122,8,4,4
20190430213,2132,4,4,0
20190430214,2142,7,9,2
20190430215,2152,2,2,0
20190430216,2162,7,6,1
20190430217,2172,4,9,5
20190430218,2182,1,5,4
20190430219,2192,2,6,4
20190430220,2202,4,8,4
20190430221,2212,1,2,1
20190430222,2222,5,3,2
20190430223,2232,4,0,4
20190430224,2242,3,8,5
20190430225,2252,4,2,2
20190430226,2262,5,0,5
20190430227,2272,5,8,3
20190430228,2282,7,4,3
20190430229,2292,4,5,1
20190430230,2302,1,2,1
20190430231,2312,7,0,7
20190430232,2322,0,3,3
20190430233,2332,8,9,1
20190430234,2342,2,4,2
20190430235,2352,0,5,5
20190430236,2362,5,1,4
20190430237,2372,2,7,5
20190430238,2382,0,2,2
20190430239,2392,2,5,3
20190430240,2402,0,9,9
20190430241,2412,4,5,1
20190430242,2422,1,1,0
20190430243,2432,3,8,5
20190430244,2442,6,4,2
20190430245,2452,0,4,4
20190430246,2462,4,1,3
20190430247,2472,2,3,1
20190430248,2482,0,7,7
20190430249,2492,7,9,2
20190430250,2502,0,0,0
20190430251,2512,7,1,6
20190430252,2522,6,7,1
20190430253,2532,6,1,5
20190430254,2542,6,8,2
20190430255,2552,0,2,2
20190430256,2562,4,3,1
20190430257,2572,0,3,3
20190430258,2582,3,7,4
20190430259,2592,4,2,2
20190430260,2602,4,9,5
20190430261,2612,1,9,8
20190430262,2622,9,7,2
20190430263,2632,0,6,6
20190430264,2642,5,2,3
20190430265,2652,3,6,3
20190430266,2662,4,6,2
20190430267,2672,4,3,1
20190430268,2682,1,3,2
20190430269,2692,8,8,0
20190430270,2702,8,2,6
20190430271,2712,6,6,0
20190430272,2722,7,6,1
20190430273,2732,4,1,3
20190430274,2742,6,8,2
20190430275,2752,9,3,6
20190430276,2762,3,9,6
20190430277,2772,8,6,2
20190430278,2782,7,3,4
20190430279,2792,2,5,3
20190430280,2802,9,1,8
20190430281,2812,1,8,7
20190430282,2822,4,9,5
20190430283,2832,1,7,6
20190430284,2842,1,5,4
20190430285,2852,8,7,1
20190430286,2862,7,9,2
20190430287,2872,6,7,1
20190430288,2882,0,2,2
20190501001,13,1,1,0
20190501002,23,3,5,2
20190501003,33,3,4,1
20190501004,43,8,2,6
20190501005,53,3,9,6
20190501006,63,3,5,2
20190501007,73,0,1,1
20190501008,83,2,8,6
20190501009,93,6,7,1
20190501010,103,3,3,0
20190501011,113,9,8,1
20190501012,123,0,7,7
20190501013,133,4,3,1
20190501014,143,8,8,0
20190501015,153,7,3,4
20190501016,163,3,9,6
20190501017,173,1,0,1
20190501018,183,3,9,6
20190501019,193,0,7,7
20190501020,203,4,9,5
20190501021,213,6,5,1
20190501022,223,1,9,8
20190501023,233,0,7,7
20190501024,243,8,2,6
20190501025,253,1,3,2
20190501026,263,1,0,1
20190501027,273,7,8,1
20190501028,283,3,3,0
20190501029,293,6,7,1
20190501030,303,5,7,2
20190501031,313,5,4,1
20190501032,323,0,0,0
20190501033,333,9,2,7
20190501034,343,8,5,3
20190501035,353,2,2,0
20190501036,363,0,3,3
20190501037,373,8,2,6
20190501038,383,1,4,3
20190501039,393,9,0,9
20190501040,403,3,7,4
20190501041,413,5,1,4
20190501042,423,2,5,3
20190501043,433,6,4,2
20190501044,443,1,2,1
20190501045,453,4,6,2
20190501046,463,9,9,0
20190501047,473,5,9,4
20190501048,483,6,0,6
20190501049,493,6,1,5
20190501050,503,0,9,9
20190501051,513,7,9,2
20190501052,523,8,2,6
20190501053,533,0,4,4
20190501054,543,2,5,3
20190501055,553,9,2,7
20190501056,563,5,6,1
20190501057,573,6,2,4
20190501058,583,2,5,3
20190501059,593,8,6,2
20190501060,603,8,3,5
20190501061,613,8,0,8
20190501062,623,7,4,3
20190501063,633,9,2,7
20190501064,643,0,4,4
20190501065,653,3,8,5
20190501066,663,9,1,8
20190501067,673,3,0,3
20190501068,683,4,9,5
20190501069,693,1,1,0
20190501070,703,1,8,7
20190501071,713,0,7,7
20190501072,723,7,6,1
20190501073,733,6,3,3
20190501074,743,2,3,1
20190501075,753,0,0,0
20190501076,763,9,4,5
20190501077,773,5,7,2
20190501078,783,0,0,0
20190501079,793,2,0,2
20190501080,803,4,0,4
20190501081,813,7,7,0
20190501082,823,8,0,8
20190501083,833,5,7,2
20190501084,843,9,8,1
20190501085,853,3,4,1
20190501086,863,9,5,4
20190501087,873,2,0,2
20190501088,883,5,2,3
20190501089,893,7,5,2
20190501090,903,3,2,1
20190501091,913,9,9,0
20190501092,923,2,8,6
20190501093,933,8,7,1
20190501094,943,2,9,7
20190501095,953,6,8,2
20190501096,963,7,4,3
20190501097,973,1,0,1
20190501098,983,5,2,3
20190501099,993,8,1,7
20190501100,1003,4,2,2
20190501101,1013,4,4,0
20190501102,1023,7,2,5
20190501103,1033,0,0,0
20190501104,1043,8,9,1
20190501105,1053,3,4,1
20190501106,1063,6,2,4
20190501107,1073,2,3,1
20190501108,1083,7,7,0
20190501109,1093,2,1,1
20190501110,1103,2,2,0
20190501111,1113,5,9,4
20190501112,1123,1,5,4
20190501113,1133,0,3,3
20190501114,1143,8,3,5
20190501115,1153,2,7,5
20190501116,1163,8,4,4
20190501117,1173,8,5,3
20190501118,1183,1,3,2
20190501119,1193,9,8,1
20190501120,1203,1,4,3
20190501121,1213,8,7,1
20190501122,1223,0,6,6
20190501123,1233,4,6,2
20190501124,1243,5,5,0
20190501125,1253,1,7,6
20190501126,1263,1,0,1
20190501127,1273,9,3,6
20190501128,1283,8,4,4
20190501129,1293,7,6,1
20190501130,1303,8,6,2
20190501131,1313,4,0,4
20190501132,1323,5,2,3
20190501133,1333,9,2,7
20190501134,1343,0,5,5
20190501135,1353,0,7,7
20190501136,1363,0,4,4
20190501137,1373,2,9,7
20190501138,1383,4,0,4
20190501139,1393,6,6,0
20190501140,1403,3,2,1
20190501141,1413,7,0,7
20190501142,1423,9,9,0
20190501143,1433,7,9,2
20190501144,1443,1,2,1
20190501145,1453,6,8,2
20190501146,1463,2,0,2
20190501147,1473,4,7,3
20190501148,1483,9,3,6
20190501149,1493,5,4,1
20190501150,1503,0,1,1
20190501151,1513,8,6,2
20190501152,1523,5,9,4
20190501153,1533,7,4,3
20190501154,1543,3,1,2
20190501155,1553,6,9,3
20190501156,1563,1,6,5
20190501157,1573,4,5,1
20190501158,1583,0,7,7
20190501159,1593,9,9,0
20190501160,1603,7,4,3
20190501161,1613,0,2,2
20190501162,1623,0,5,5
20190501163,1633,3,7,4
20190501164,1643,3,1,2
20190501165,1653,9,6,3
20190501166,1663,9,7,2
20190501167,1673,0,5,5
20190501168,1683,5,3,2
20190501169,1693,7,6,1
20190501170,1703,1,7,6
20190501171,1713,8,9,1
20190501172,1723,0,7,7
20190501173,1733,9,7,2
20190501174,1743,8,8,0
20190501175,1753,4,4,0
20190501176,1763,9,5,4
20190501177,1773,0,9,9
20190501178,1783,6,3,3
20190501179,1793,9,8,1
20190501180,1803,2,9,7
20190501181,1813,7,4,3
20190501182,1823,6,8,2
20190501183,1833,1,4,3
20190501184,1843,5,7,2
20190501185,1853,2,1,1
20190501186,1863,8,4,4
20190501187,1873,3,7,4
20190501188,1883,5,9,4
20190501189,1893,2,4,2
20190501190,1903,6,1,5
20190501191,1913,0,8,8
20190501192,1923,9,7,2
20190501193,1933,2,2,0
20190501194,1943,5,7,2
20190501195,1953,5,5,0
20190501196,1963,4,5,1
20190501197,1973,8,2,6
20190501198,1983,9,4,5
20190501199,1993,9,2,7
20190501200,2003,7,6,1
20190501201,2013,4,3,1
20190501202,2023,9,2,7
20190501203,2033,9,8,1
20190501204,2043,7,2,5
20190501205,2053,7,3,4
20190501206,2063,0,7,7
20190501207,2073,2,5,3
20190501208,2083,5,3,2
20190501209,2093,9,3,6
20190501210,2103,2,3,1
20190501211,2113,5,3,2
20190501212,2123,4,3,1
20190501213,2133,0,0,0
20190501214,2143,0,3,3
20190501215,2153,6,2,4
20190501216,2163,1,7,6
20190501217,2173,2,3,1
20190501218,2183,4,0,4
20190501219,2193,2,2,0
20190501220,2203,1,0,1
20190501221,2213,5,7,2
20190501222,2223,6,5,1
20190501223,2233,8,0,8
20190501224,2243,4,2,2
20190501225,2253,4,1,3
20190501226,2263,3,4,1
20190501227,2273,8,4,4
20190501228,2283,0,3,3
20190501229,2293,1,7,6
20190501230,2303,7,4,3
20190501231,2313,0,6,6
20190501232,2323,1,0,1
20190501233,2333,8,3,5
20190501234,2343,5,2,3
20190501235,2353,5,7,2
20190501236,2363,7,1,6
20190501237,2373,2,7,5
20190501238,2383,8,2,6
20190501239,2393,8,0,8
20190501240,2403,4,8,4
20190501241,2413,2,8,6
20190501242,2423,7,7,0
20190501243,2433,7,8,1
20190501244,2443,1,6,5
20190501245,2453,9,2,7
20190501246,2463,7,1,6
20190501247,2473,4,6,2
20190501248,2483,7,2,5
20190501249,2493,7,0,7
20190501250,2503,0,5,5
20190501251,2513,2,4,2
20190501252,2523,8,0,8
20190501253,2533,7,1,6
20190501254,2543,6,4,2
20190501255,2553,4,1,3
20190501256,2563,2,3,1
20190501257,2573,0,3,3
20190501258,2583,6,7,1
20190501259,2593,8,4,4
20190501260,2603,7,8,1
20190501261,2613,1,6,5
20190501262,2623,6,2,4
20190501263,2633,1,5,4
20190501264,2643,0,9,9
20190501265,2653,4,2,2
20190501266,2663,4,1,3
20190501267,2673,5,1,4
20190501268,2683,5,6,1
20190501269,2693,7,1,6
20190501270,2703,9,2,7
20190501271,2713,7,5,2
20190501272,2723,2,5,3
20190501273,2733,3,0,3
20190501274,2743,1,4,3
20190501275,2753,1,7,6
20190501276,2763,2,0,2
20190501277,2773,0,5,5
20190501278,2783,3,9,6
20190501279,2793,6,2,4
20190501280,2803,1,6,5
20190501281,2813,3,5,2
20190501282,2823,3,6,3
20190501283,2833,6,4,2
20190501284,2843,8,3,5
20190501285,2853,5,6,1
20190501286,2863,1,6,5
20190501287,2873,0,7,7
20190501288,2883,1,7,6
20190502001,14,2,2,0
20190502002,24,7,4,3
20190502003,34,2,6,4
20190502004,44,7,2,5
20190502005,54,5,9,4
20190502006,64,6,5,1
20190502007,74,0,9,9
20190502008,84,6,5,1
20190502009,94,3,8,5
20190502010,104,7,4,3
20190502011,114,8,4,4
20190502012,124,1,6,5
20190502013,134,5,9,4
20190502014,144,1,9,8
20190502015,154,7,0,7
20190502016,164,6,3,3
20190502017,174,2,9,7
20190502018,184,4,6,2
20190502019,194,1,8,7
20190502020,204,8,2,6
20190502021,214,4,6,2
20190502022,224,1,6,5
20190502023,234,1,0,1
20190502024,244,2,9,7
20190502025,254,7,7,0
20190502026,264,9,0,9
20190502027,274,1,6,5
20190502028,284,7,5,2
20190502029,294,2,9,7
20190502030,304,3,5,2
20190502031,314,7,0,7
20190502032,324,4,8,4
20190502033,334,5,6,1
20190502034,344,6,1,5
20190502035,354,6,0,6
20190502036,364,7,4,3
20190502037,374,4,4,0
20190502038,384,3,9,6
20190502039,394,2,4,2
20190502040,404,2,1,1
20190502041,414,4,9,5
20190502042,424,1,1,0
20190502043,434,1,8,7
20190502044,444,7,1,6
20190502045,454,8,2,6
20190502046,464,0,1,1
20190502047,474,2,9,7
20190502048,484,7,5,2
20190502049,494,2,0,2
20190502050,504,9,0,9
20190502051,514,7,1,6
20190502052,524,4,4,0
20190502053,534,8,0,8
20190502054,544,7,5,2
20190502055,554,3,1,2
20190502056,564,2,1,1
20190502057,574,1,7,6
20190502058,584,4,5,1
20190502059,594,6,5,1
20190502060,604,2,3,1
20190502061,614,9,1,8
20190502062,624,6,0,6
20190502063,634,4,3,1
20190502064,644,0,1,1
20190502065,654,9,1,8
20190502066,664,0,4,4
20190502067,674,4,8,4
20190502068,684,1,2,1
20190502069,694,7,0,7
20190502070,704,1,9,8
20190502071,714,0,1,1
20190502072,724,3,5,2
20190502073,734,5,0,5
20190502074,744,5,7,2
20190502075,754,7,7,0
20190502076,764,0,9,9
20190502077,774,4,2,2
20190502078,784,0,7,7
20190502079,794,1,3,2
20190502080,804,7,6,1
20190502081,814,2,2,0
20190502082,824,7,6,1
20190502083,834,6,8,2
20190502084,844,9,0,9
20190502085,854,0,0,0
20190502086,864,2,5,3
20190502087,874,0,0,0
20190502088,884,4,9,5
20190502089,894,9,6,3
20190502090,904,4,1,3
20190502091,914,2,8,6
20190502092,924,2,8,6
20190502093,934,5,2,3
20190502094,944,3,7,4
20190502095,954,3,7,4
20190502096,964,8,5,3
20190502097,974,0,2,2
20190502098,984,8,6,2
20190502099,994,8,3,5
20190502100,1004,7,9,2
20190502101,1014,2,1,1
20190502102,1024,8,4,4
20190502103,1034,1,3,2
20190502104,1044,4,0,4
20190502105,1054,4,1,3
20190502106,1064,6,4,2
20190502107,1074,5,7,2
20190502108,1084,8,7,1
20190502109,1094,6,8,2
20190502110,1104,6,4,2
20190502111,1114,8,6,2
20190502112,1124,1,9,8
20190502113,1134,6,5,1
20190502114,1144,3,0,3
20190502115,1154,4,4,0
20190502116,1164,5,4,1
20190502117,1174,1,3,2
20190502118,1184,7,0,7
20190502119,1194,7,4,3
20190502120,1204,9,6,3
20190502121,1214,6,2,4
20190502122,1224,1,1,0
20190502123,1234,7,9,2
20190502124,1244,9,6,3
20190502125,1254,2,4,2
20190502126,1264,5,4,1
20190502127,1274,9,3,6
20190502128,1284,5,7,2
20190502129,1294,5,8,3
20190502130,1304,1,2,1
20190502131,1314,7,6,1
20190502132,1324,5,9,4
20190502133,1334,9,4,5
20190502134,1344,5,4,1
20190502135,1354,3,5,2
20190502136,1364,2,5,3
20190502137,1374,2,2,0
20190502138,1384,1,2,1
20190502139,1394,2,9,7
20190502140,1404,2,8,6
20190502141,1414,2,2,0
20190502142,1424,3,7,4
20190502143,1434,9,7,2
20190502144,1444,3,0,3
20190502145,1454,3,8,5
20190502146,1464,5,3,2
20190502147,1474,9,6,3
20190502148,1484,3,0,3
20190502149,1494,7,4,3
20190502150,1504,3,1,2
20190502151,1514,2,2,0
20190502152,1524,8,7,1
20190502153,1534,3,1,2
20190502154,1544,5,5,0
20190502155,1554,4,0,4
20190502156,1564,5,8,3
20190502157,1574,7,9,2
20190502158,1584,4,3,1
20190502159,1594,8,2,6
20190502160,1604,1,4,3
20190502161,1614,0,6,6
20190502162,1624,4,6,2
20190502163,1634,7,6,1
20190502164,1644,8,7,1
20190502165,1654,8,7,1
20190502166,1664,8,2,6
20190502167,1674,8,1,7
20190502168,1684,5,5,0
20190502169,1694,0,4,4
20190502170,1704,5,0,5
20190502171,1714,9,4,5
20190502172,1724,7,0,7
20190502173,1734,7,8,1
20190502174,1744,8,7,1
20190502175,1754,0,3,3
20190502176,1764,7,3,4
20190502177,1774,0,3,3
20190502178,1784,8,0,8
20190502179,1794,2,2,0
20190502180,1804,5,0,5
20190502181,1814,8,9,1
20190502182,1824,4,9,5
20190502183,1834,8,8,0
20190502184,1844,9,8,1
20190502185,1854,4,9,5
20190502186,1864,3,1,2
20190502187,1874,0,5,5
20190502188,1884,2,4,2
20190502189,1894,0,8,8
20190502190,1904,1,3,2
20190502191,1914,9,3,6
20190502192,1924,7,2,5
20190502193,1934,9,5,4
20190502194,1944,3,4,1
20190502195,1954,2,7,5
20190502196,1964,5,4,1
20190502197,1974,6,9,3
20190502198,1984,3,6,3
20190502199,1994,3,1,2
20190502200,2004,3,6,3
20190502201,2014,6,6,0
20190502202,2024,3,1,2
20190502203,2034,9,8,1
20190502204,2044,1,8,7
20190502205,2054,0,3,3
20190502206,2064,1,9,8
20190502207,2074,1,3,2
20190502208,2084,4,5,1
20190502209,2094,4,4,0
20190502210,2104,4,2,2
20190502211,2114,3,0,3
20190502212,2124,3,1,2
20190502213,2134,5,7,2
20190502214,2144,1,3,2
20190502215,2154,6,1,5
20190502216,2164,7,9,2
20190502217,2174,5,3,2
20190502218,2184,6,7,1
20190502219,2194,2,9,7
20190502220,2204,0,1,1
20190502221,2214,2,3,1
20190502222,2224,9,5,4
20190502223,2234,8,7,1
20190502224,2244,2,5,3
20190502225,2254,2,8,6
20190502226,2264,0,1,1
20190502227,2274,9,8,1
20190502228,2284,8,5,3
20190502229,2294,5,7,2
20190502230,2304,9,5,4
20190502231,2314,0,0,0
20190502232,2324,9,4,5
20190502233,2334,8,5,3
20190502234,2344,3,7,4
20190502235,2354,4,8,4
20190502236,2364,6,7,1
20190502237,2374,6,3,3
20190502238,2384,5,6,1
20190502239,2394,6,4,2
20190502240,2404,6,5,1
20190502241,2414,0,1,1
20190502242,2424,3,7,4
20190502243,2434,9,5,4
20190502244,2444,8,1,7
20190502245,2454,4,0,4
20190502246,2464,0,9,9
20190502247,2474,7,1,6
20190502248,2484,8,2,6
20190502249,2494,3,9,6
20190502250,2504,9,1,8
20190502251,2514,0,4,4
20190502252,2524,6,1,5
20190502253,2534,5,8,3
20190502254,2544,2,5,3
20190502255,2554,6,6,0
20190502256,2564,8,0,8
20190502257,2574,5,2,3
20190502258,2584,3,0,3
20190502259,2594,3,5,2
20190502260,2604,8,4,4
20190502261,2614,0,7,7
20190502262,2624,4,7,3
20190502263,2634,4,5,1
20190502264,2644,4,0,4
20190502265,2654,4,4,0
20190502266,2664,0,1,1
20190502267,2674,8,3,5
20190502268,2684,1,9,8
20190502269,2694,2,1,1
20190502270,2704,7,2,5
20190502271,2714,7,2,5
20190502272,2724,1,0,1
20190502273,2734,1,6,5
20190502274,2744,2,3,1
20190502275,2754,6,8,2
20190502276,2764,9,4,5
20190502277,2774,8,0,8
20190502278,2784,9,0,9
20190502279,2794,4,2,2
20190502280,2804,7,0,7
20190502281,2814,6,6,0
20190502282,2824,9,5,4
20190502283,2834,7,0,7
20190502284,2844,3,3,0
20190502285,2854,6,3,3
20190502286,2864,6,2,4
20190502287,2874,6,6,0
20190502288,2884,1,2,1
20190503001,15,5,1,4
20190503002,25,0,1,1
20190503003,35,8,6,2
20190503004,45,6,2,4
20190503005,55,3,2,1
20190503006,65,8,1,7
20190503007,75,5,9,4
20190503008,85,5,5,0
20190503009,95,9,3,6
20190503010,105,5,1,4
20190503011,115,7,6,1
20190503012,125,1,3,2
20190503013,135,0,7,7
20190503014,145,0,1,1
20190503015,155,9,1,8
20190503016,165,8,2,6
20190503017,175,8,7,1
20190503018,185,0,3,3
20190503019,195,0,2,2
20190503020,205,9,7,2
20190503021,215,0,8,8
20190503022,225,3,3,0
20190503023,235,4,5,1
20190503024,245,4,8,4
20190503025,255,3,9,6
20190503026,265,0,3,3
20190503027,275,1,2,1
20190503028,285,1,1,0
20190503029,295,0,1,1
20190503030,305,6,9,3
20190503031,315,2,3,1
20190503032,325,8,2,6
20190503033,335,1,0,1
20190503034,345,8,4,4
20190503035,355,3,3,0
20190503036,365,7,0,7
20190503037,375,4,5,1
20190503038,385,7,3,4
20190503039,395,9,3,6
20190503040,405,0,8,8
20190503041,415,0,5,5
20190503042,425,5,6,1
20190503043,435,6,1,5
20190503044,445,6,2,4
20190503045,455,0,7,7
20190503046,465,8,5,3
20190503047,475,0,9,9
20190503048,485,5,2,3
20190503049,495,0,2,2
20190503050,505,7,7,0
20190503051,515,3,5,2
20190503052,525,7,9,2
20190503053,535,8,5,3
20190503054,545,4,8,4
20190503055,555,6,3,3
20190503056,565,0,6,6
20190503057,575,7,6,1
20190503058,585,9,5,4
20190503059,595,0,9,9
20190503060,605,7,0,7
20190503061,615,0,5,5
20190503062,625,3,6,3
20190503063,635,5,5,0
20190503064,645,5,5,0
20190503065,655,7,8,1
20190503066,665,6,1,5
20190503067,675,9,8,1
20190503068,685,6,0,6
20190503069,695,3,8,5
20190503070,705,9,9,0
20190503071,715,1,5,4
20190503072,725,1,6,5
20190503073,735,0,7,7
20190503074,745,9,9,0
20190503075,755,8,9,1
20190503076,765,5,4,1
20190503077,775,1,4,3
20190503078,785,2,5,3
20190503079,795,1,3,2
20190503080,805,9,5,4
20190503081,815,9,8,1
20190503082,825,5,5,0
20190503083,835,4,3,1
20190503084,845,3,6,3
20190503085,855,2,8,6
20190503086,865,8,2,6
20190503087,875,9,5,4
20190503088,885,3,2,1
20190503089,895,5,2,3
20190503090,905,0,8,8
20190503091,915,2,6,4
20190503092,925,9,3,6
20190503093,935,0,3,3
20190503094,945,5,4,1
20190503095,955,9,3,6
20190503096,965,9,5,4
20190503097,975,7,0,7
20190503098,985,2,8,6
20190503099,995,6,0,6
20190503100,1005,6,2,4
20190503101,1015,1,1,0
20190503102,1025,1,7,6
20190503103,1035,5,8,3
20190503104,1045,1,7,6
20190503105,1055,3,5,2
20190503106,1065,5,0,5
20190503107,1075,7,3,4
20190503108,1085,0,8,8
20190503109,1095,1,7,6
20190503110,1105,1,5,4
20190503111,1115,5,9,4
20190503112,1125,1,2,1
20190503113,1135,8,7,1
20190503114,1145,3,0,3
20190503115,1155,5,3,2
20190503116,1165,9,1,8
20190503117,1175,9,4,5
20190503118,1185,6,1,5
20190503119,1195,8,9,1
20190503120,1205,9,2,7
20190503121,1215,8,6,2
20190503122,1225,9,3,6
20190503123,1235,6,2,4
20190503124,1245,2,3,1
20190503125,1255,7,6,1
20190503126,1265,2,5,3
20190503127,1275,0,2,2
20190503128,1285,4,2,2
20190503129,1295,3,9,6
20190503130,1305,0,5,5
20190503131,1315,0,6,6
20190503132,1325,1,3,2
20190503133,1335,3,4,1
20190503134,1345,5,0,5
20190503135,1355,8,0,8
20190503136,1365,1,3,2
20190503137,1375,3,8,5
20190503138,1385,1,6,5
20190503139,1395,6,9,3
20190503140,1405,4,7,3
20190503141,1415,4,8,4
20190503142,1425,4,1,3
20190503143,1435,3,0,3
20190503144,1445,3,6,3
20190503145,1455,1,4,3
20190503146,1465,2,5,3
20190503147,1475,9,3,6
20190503148,1485,6,2,4
20190503149,1495,7,9,2
20190503150,1505,0,8,8
20190503151,1515,0,7,7
20190503152,1525,2,0,2
20190503153,1535,2,2,0
20190503154,1545,7,7,0
20190503155,1555,5,4,1
20190503156,1565,8,8,0
20190503157,1575,2,8,6
20190503158,1585,6,8,2
20190503159,1595,9,5,4
20190503160,1605,6,4,2
20190503161,1615,8,9,1
20190503162,1625,7,3,4
20190503163,1635,7,8,1
20190503164,1645,6,9,3
20190503165,1655,0,4,4
20190503166,1665,6,4,2
20190503167,1675,3,5,2
20190503168,1685,0,9,9
20190503169,1695,9,1,8
20190503170,1705,4,3,1
20190503171,1715,2,4,2
20190503172,1725,3,6,3
20190503173,1735,9,4,5
20190503174,1745,1,0,1
20190503175,1755,3,8,5
20190503176,1765,1,5,4
20190503177,1775,4,5,1
20190503178,1785,3,1,2
20190503179,1795,2,2,0
20190503180,1805,6,3,3
20190503181,1815,7,6,1
20190503182,1825,3,3,0
20190503183,1835,2,9,7
20190503184,1845,3,7,4
20190503185,1855,3,0,3
20190503186,1865,9,5,4
20190503187,1875,6,2,4
20190503188,1885,9,4,5
20190503189,1895,8,1,7
20190503190,1905,1,5,4
20190503191,1915,1,9,8
20190503192,1925,7,0,7
20190503193,1935,0,1,1
20190503194,1945,0,0,0
20190503195,1955,9,9,0
20190503196,1965,3,5,2
20190503197,1975,8,9,1
20190503198,1985,4,5,1
20190503199,1995,0,8,8
20190503200,2005,1,1,0
20190503201,2015,8,1,7
20190503202,2025,4,2,2
20190503203,2035,0,0,0
20190503204,2045,6,3,3
20190503205,2055,8,2,6
20190503206,2065,2,5,3
20190503207,2075,5,9,4
20190503208,2085,2,2,0
20190503209,2095,5,7,2
20190503210,2105,2,0,2
20190503211,2115,1,9,8
20190503212,2125,4,0,4
20190503213,2135,5,2,3
20190503214,2145,4,4,0
20190503215,2155,8,6,2
20190503216,2165,1,9,8
20190503217,2175,8,9,1
20190503218,2185,5,1,4
20190503219,2195,9,1,8
20190503220,2205,7,0,7
20190503221,2215,5,0,5
20190503222,2225,5,6,1
20190503223,2235,0,4,4
20190503224,2245,9,2,7
20190503225,2255,6,8,2
20190503226,2265,0,3,3
20190503227,2275,0,1,1
20190503228,2285,8,1,7
20190503229,2295,8,6,2
20190503230,2305,1,5,4
20190503231,2315,7,5,2
20190503232,2325,6,1,5
20190503233,2335,5,3,2
20190503234,2345,9,9,0
20190503235,2355,8,5,3
20190503236,2365,4,4,0
20190503237,2375,6,2,4
20190503238,2385,2,4,2
20190503239,2395,6,1,5
20190503240,2405,6,7,1
20190503241,2415,2,3,1
20190503242,2425,3,6,3
20190503243,2435,6,5,1
20190503244,2445,9,8,1
20190503245,2455,6,2,4
20190503246,2465,4,7,3
20190503247,2475,3,6,3
20190503248,2485,5,2,3
20190503249,2495,6,8,2
20190503250,2505,9,7,2
20190503251,2515,2,8,6
20190503252,2525,2,6,4
20190503253,2535,3,0,3
20190503254,2545,4,4,0
20190503255,2555,5,1,4
20190503256,2565,7,0,7
20190503257,2575,7,7,0
20190503258,2585,9,6,3
20190503259,2595,2,5,3
20190503260,2605,2,0,2
20190503261,2615,6,3,3
20190503262,2625,2,6,4
20190503263,2635,2,2,0
20190503264,2645,4,7,3
20190503265,2655,1,2,1
20190503266,2665,1,2,1
20190503267,2675,9,7,2
20190503268,2685,1,7,6
20190503269,2695,7,3,4
20190503270,2705,5,9,4
20190503271,2715,7,3,4
20190503272,2725,7,5,2
20190503273,2735,9,0,9
20190503274,2745,1,0,1
20190503275,2755,5,6,1
20190503276,2765,6,1,5
20190503277,2775,6,8,2
20190503278,2785,9,2,7
20190503279,2795,1,8,7
20190503280,2805,7,8,1
20190503281,2815,9,0,9
20190503282,2825,0,6,6
20190503283,2835,8,3,5
20190503284,2845,6,6,0
20190503285,2855,0,0,0
20190503286,2865,4,5,1
20190503287,2875,0,3,3
20190503288,2885,2,7,5
20190504001,16,6,9,3
20190504002,26,4,6,2
20190504003,36,6,1,5
20190504004,46,6,0,6
20190504005,56,9,9,0
20190504006,66,6,3,3
20190504007,76,6,3,3
20190504008,86,2,6,4
20190504009,96,7,1,6
20190504010,106,9,8,1
20190504011,116,7,2,5
20190504012,126,6,0,6
20190504013,136,4,4,0
20190504014,146,3,8,5
20190504015,156,7,1,6
20190504016,166,1,8,7
20190504017,176,0,9,9
20190504018,186,9,4,5
20190504019,196,3,5,2
20190504020,206,8,9,1
20190504021,216,1,7,6
20190504022,226,6,2,4
20190504023,236,2,9,7
20190504024,246,4,7,3
20190504025,256,3,0,3
20190504026,266,3,0,3
20190504027,276,8,0,8
20190504028,286,0,8,8
20190504029,296,6,7,1
20190504030,306,9,2,7
20190504031,316,2,8,6
20190504032,326,7,4,3
20190504033,336,5,5,0
20190504034,346,6,8,2
20190504035,356,8,8,0
20190504036,366,3,8,5
20190504037,376,2,8,6
20190504038,386,5,0,5
20190504039,396,9,2,7
20190504040,406,1,4,3
20190504041,416,3,2,1
20190504042,426,4,3,1
20190504043,436,4,7,3
20190504044,446,4,8,4
20190504045,456,6,3,3
20190504046,466,3,7,4
20190504047,476,2,2,0
20190504048,486,1,9,8
20190504049,496,7,1,6
20190504050,506,5,3,2
20190504051,516,9,3,6
20190504052,526,3,4,1
20190504053,536,6,2,4
20190504054,546,6,4,2
20190504055,556,0,7,7
20190504056,566,2,2,0
20190504057,576,6,9,3
20190504058,586,4,9,5
20190504059,596,2,8,6
20190504060,606,8,1,7
20190504061,616,8,1,7
20190504062,626,2,6,4
20190504063,636,2,5,3
20190504064,646,1,6,5
20190504065,656,6,7,1
20190504066,666,7,2,5
20190504067,676,5,1,4
20190504068,686,4,3,1
20190504069,696,7,9,2
20190504070,706,9,5,4
20190504071,716,9,1,8
20190504072,726,7,8,1
20190504073,736,4,1,3
20190504074,746,2,5,3
20190504075,756,1,7,6
20190504076,766,6,9,3
20190504077,776,9,1,8
20190504078,786,8,5,3
20190504079,796,0,1,1
20190504080,806,3,8,5
20190504081,816,8,8,0
20190504082,826,4,2,2
20190504083,836,5,9,4
20190504084,846,5,3,2
20190504085,856,6,6,0
20190504086,866,9,5,4
20190504087,876,7,6,1
20190504088,886,8,1,7
20190504089,896,9,5,4
20190504090,906,8,1,7
20190504091,916,7,9,2
20190504092,926,6,0,6
20190504093,936,7,9,2
20190504094,946,2,9,7
20190504095,956,9,8,1
20190504096,966,8,6,2
20190504097,976,5,9,4
20190504098,986,7,5,2
20190504099,996,5,0,5
20190504100,1006,8,7,1
20190504101,1016,2,4,2
20190504102,1026,3,0,3
20190504103,1036,4,4,0
20190504104,1046,2,7,5
20190504105,1056,6,5,1
20190504106,1066,2,1,1
20190504107,1076,3,2,1
20190504108,1086,8,7,1
20190504109,1096,8,4,4
20190504110,1106,2,8,6
20190504111,1116,7,3,4
20190504112,1126,7,5,2
20190504113,1136,6,0,6
20190504114,1146,7,6,1
20190504115,1156,9,8,1
20190504116,1166,1,5,4
20190504117,1176,2,0,2
20190504118,1186,5,6,1
20190504119,1196,9,9,0
20190504120,1206,0,4,4
20190504121,1216,2,9,7
20190504122,1226,4,4,0
20190504123,1236,8,1,7
20190504124,1246,7,8,1
20190504125,1256,4,9,5
20190504126,1266,9,5,4
20190504127,1276,6,9,3
20190504128,1286,6,8,2
20190504129,1296,2,1,1
20190504130,1306,4,9,5
20190504131,1316,7,1,6
20190504132,1326,2,5,3
20190504133,1336,9,1,8
20190504134,1346,8,2,6
20190504135,1356,5,0,5
20190504136,1366,5,5,0
20190504137,1376,2,4,2
20190504138,1386,5,9,4
20190504139,1396,4,0,4
20190504140,1406,2,6,4
20190504141,1416,6,5,1
20190504142,1426,3,3,0
20190504143,1436,7,3,4
20190504144,1446,4,2,2
20190504145,1456,3,1,2
20190504146,1466,5,4,1
20190504147,1476,9,3,6
20190504148,1486,6,8,2
20190504149,1496,7,5,2
20190504150,1506,9,6,3
20190504151,1516,1,0,1
20190504152,1526,6,2,4
20190504153,1536,1,6,5
20190504154,1546,1,7,6
20190504155,1556,6,1,5
20190504156,1566,6,4,2
20190504157,1576,7,2,5
20190504158,1586,2,1,1
20190504159,1596,6,2,4
20190504160,1606,1,5,4
20190504161,1616,3,9,6
20190504162,1626,7,1,6
20190504163,1636,0,7,7
20190504164,1646,0,1,1
20190504165,1656,6,2,4
20190504166,1666,4,4,0
20190504167,1676,3,3,0
20190504168,1686,0,7,7
20190504169,1696,2,9,7
20190504170,1706,2,9,7
20190504171,1716,3,2,1
20190504172,1726,9,5,4
20190504173,1736,1,7,6
20190504174,1746,3,0,3
20190504175,1756,6,8,2
20190504176,1766,8,2,6
20190504177,1776,6,2,4
20190504178,1786,3,7,4
20190504179,1796,8,3,5
20190504180,1806,4,4,0
20190504181,1816,1,1,0
20190504182,1826,7,0,7
20190504183,1836,0,1,1
20190504184,1846,9,4,5
20190504185,1856,1,0,1
20190504186,1866,7,0,7
20190504187,1876,2,6,4
20190504188,1886,5,6,1
20190504189,1896,1,0,1
20190504190,1906,9,0,9
20190504191,1916,8,5,3
20190504192,1926,5,4,1
20190504193,1936,6,0,6
20190504194,1946,8,4,4
20190504195,1956,2,7,5
20190504196,1966,7,6,1
20190504197,1976,5,2,3
20190504198,1986,6,9,3
20190504199,1996,2,5,3
20190504200,2006,5,9,4
20190504201,2016,4,8,4
20190504202,2026,4,8,4
20190504203,2036,7,4,3
20190504204,2046,9,7,2
20190504205,2056,0,4,4
20190504206,2066,1,0,1
20190504207,2076,5,9,4
20190504208,2086,6,3,3
20190504209,2096,0,3,3
20190504210,2106,8,7,1
20190504211,2116,7,6,1
20190504212,2126,5,7,2
20190504213,2136,1,7,6
20190504214,2146,2,3,1
20190504215,2156,8,4,4
20190504216,2166,1,0,1
20190504217,2176,8,3,5
20190504218,2186,0,4,4
20190504219,2196,0,1,1
20190504220,2206,4,5,1
20190504221,2216,5,6,1
20190504222,2226,3,5,2
20190504223,2236,6,5,1
20190504224,2246,5,9,4
20190504225,2256,7,2,5
20190504226,2266,0,7,7
20190504227,2276,2,3,1
20190504228,2286,9,3,6
20190504229,2296,8,1,7
20190504230,2306,4,8,4
20190504231,2316,0,8,8
20190504232,2326,9,5,4
20190504233,2336,7,2,5
20190504234,2346,6,4,2
20190504235,2356,1,4,3
20190504236,2366,1,4,3
20190504237,2376,2,0,2
20190504238,2386,9,4,5
20190504239,2396,9,2,7
20190504240,2406,4,3,1
20190504241,2416,4,9,5
20190504242,2426,6,3,3
20190504243,2436,0,7,7
20190504244,2446,5,4,1
20190504245,2456,5,4,1
20190504246,2466,8,8,0
20190504247,2476,6,9,3
20190504248,2486,3,6,3
20190504249,2496,9,7,2
20190504250,2506,3,1,2
20190504251,2516,6,3,3
20190504252,2526,4,8,4
20190504253,2536,6,7,1
20190504254,2546,4,9,5
20190504255,2556,4,6,2
20190504256,2566,9,7,2
20190504257,2576,4,1,3
20190504258,2586,3,0,3
20190504259,2596,3,5,2
20190504260,2606,2,4,2
20190504261,2616,4,7,3
20190504262,2626,0,5,5
20190504263,2636,7,8,1
20190504264,2646,7,0,7
20190504265,2656,8,1,7
20190504266,2666,5,0,5
20190504267,2676,5,3,2
20190504268,2686,6,5,1
20190504269,2696,7,2,5
20190504270,2706,5,4,1
20190504271,2716,4,7,3
20190504272,2726,7,5,2
20190504273,2736,3,2,1
20190504274,2746,4,6,2
20190504275,2756,0,9,9
20190504276,2766,0,2,2
20190504277,2776,8,2,6
20190504278,2786,4,4,0
20190504279,2796,8,7,1
20190504280,2806,3,8,5
20190504281,2816,6,2,4
20190504282,2826,6,2,4
20190504283,2836,5,7,2
20190504284,2846,2,4,2
20190504285,2856,8,3,5
20190504286,2866,0,2,2
20190504287,2876,8,9,1
20190504288,2886,8,9,1
20190505001,17,1,3,2
20190505002,27,3,8,5
20190505003,37,4,5,1
20190505004,47,3,2,1
20190505005,57,8,0,8
20190505006,67,2,1,1
20190505007,77,9,1,8
20190505008,87,0,6,6
20190505009,97,4,4,0
20190505010,107,2,5,3
20190505011,117,9,4,5
20190505012,127,4,0,4
20190505013,137,5,1,4
20190505014,147,5,3,2
20190505015,157,5,2,3
20190505016,167,3,3,0
20190505017,177,2,3,1
20190505018,187,4,7,3
20190505019,197,8,6,2
20190505020,207,1,1,0
20190505021,217,5,6,1
20190505022,227,8,6,2
20190505023,237,4,3,1
20190505024,247,4,6,2
20190505025,257,2,1,1
20190505026,267,0,0,0
20190505027,277,3,7,4
20190505028,287,5,3,2
20190505029,297,7,3,4
20190505030,307,4,2,2
20190505031,317,3,0,3
20190505032,327,8,9,1
20190505033,337,0,1,1
20190505034,347,9,8,1
20190505035,357,0,9,9
20190505036,367,9,8,1
20190505037,377,6,5,1
20190505038,387,5,4,1
20190505039,397,6,7,1
20190505040,407,4,1,3
20190505041,417,1,8,7
20190505042,427,8,1,7
20190505043,437,8,1,7
20190505044,447,3,4,1
20190505045,457,9,4,5
20190505046,467,7,4,3
20190505047,477,1,1,0
20190505048,487,0,2,2
20190505049,497,3,0,3
20190505050,507,2,6,4
20190505051,517,4,1,3
20190505052,527,9,2,7
20190505053,537,8,0,8
20190505054,547,1,3,2
20190505055,557,7,2,5
20190505056,567,8,7,1
20190505057,577,2,6,4
20190505058,587,1,8,7
20190505059,597,5,4,1
20190505060,607,6,9,3
20190505061,617,5,3,2
20190505062,627,0,5,5
20190505063,637,5,0,5
20190505064,647,1,0,1
20190505065,657,8,2,6
20190505066,667,6,2,4
20190505067,677,2,9,7
20190505068,687,0,7,7
20190505069,697,2,4,2
20190505070,707,6,0,6
20190505071,717,5,7,2
20190505072,727,5,6,1
20190505073,737,5,6,1
20190505074,747,9,0,9
20190505075,757,0,5,5
20190505076,767,7,2,5
20190505077,777,8,1,7
20190505078,787,7,9,2
20190505079,797,7,8,1
20190505080,807,6,0,6
20190505081,817,1,8,7
20190505082,827,7,3,4
20190505083,837,5,7,2
20190505084,847,0,1,1
20190505085,857,9,8,1
20190505086,867,2,9,7
20190505087,877,5,2,3
20190505088,887,5,5,0
20190505089,897,0,4,4
20190505090,907,8,0,8
20190505091,917,6,3,3
20190505092,927,1,5,4
20190505093,937,1,8,7
20190505094,947,0,9,9
20190505095,957,6,8,2
20190505096,967,4,4,0
20190505097,977,8,4,4
20190505098,987,5,4,1
20190505099,997,3,0,3
20190505100,1007,1,0,1
20190505101,1017,9,0,9
20190505102,1027,1,0,1
20190505103,1037,1,7,6
20190505104,1047,8,8,0
20190505105,1057,2,3,1
20190505106,1067,2,8,6
20190505107,1077,1,6,5
20190505108,1087,9,1,8
20190505109,1097,6,6,0
20190505110,1107,6,2,4
20190505111,1117,9,7,2
20190505112,1127,2,6,4
20190505113,1137,0,6,6
20190505114,1147,9,5,4
20190505115,1157,4,7,3
20190505116,1167,8,4,4
20190505117,1177,5,1,4
20190505118,1187,0,1,1
20190505119,1197,3,5,2
20190505120,1207,0,6,6
20190505121,1217,1,2,1
20190505122,1227,0,4,4
20190505123,1237,9,8,1
20190505124,1247,5,1,4
20190505125,1257,4,9,5
20190505126,1267,9,1,8
20190505127,1277,9,9,0
20190505128,1287,0,1,1
20190505129,1297,2,3,1
20190505130,1307,4,5,1
20190505131,1317,1,1,0
20190505132,1327,1,6,5
20190505133,1337,3,1,2
20190505134,1347,7,6,1
20190505135,1357,1,4,3
20190505136,1367,0,3,3
20190505137,1377,7,1,6
20190505138,1387,8,8,0
20190505139,1397,6,1,5
20190505140,1407,7,4,3
20190505141,1417,2,2,0
20190505142,1427,2,9,7
20190505143,1437,6,0,6
20190505144,1447,3,4,1
20190505145,1457,7,1,6
20190505146,1467,2,3,1
20190505147,1477,3,2,1
20190505148,1487,4,6,2
20190505149,1497,3,3,0
20190505150,1507,8,6,2
20190505151,1517,8,3,5
20190505152,1527,2,1,1
20190505153,1537,7,5,2
20190505154,1547,5,6,1
20190505155,1557,8,2,6
20190505156,1567,7,1,6
20190505157,1577,4,8,4
20190505158,1587,3,0,3
20190505159,1597,9,4,5
20190505160,1607,5,9,4
20190505161,1617,1,0,1
20190505162,1627,6,0,6
20190505163,1637,9,3,6
20190505164,1647,2,3,1
20190505165,1657,0,9,9
20190505166,1667,6,0,6
20190505167,1677,2,0,2
20190505168,1687,7,0,7
20190505169,1697,6,3,3
20190505170,1707,7,1,6
20190505171,1717,1,5,4
20190505172,1727,9,2,7
20190505173,1737,4,1,3
20190505174,1747,2,7,5
20190505175,1757,1,6,5
20190505176,1767,3,1,2
20190505177,1777,5,9,4
20190505178,1787,1,2,1
20190505179,1797,4,3,1
20190505180,1807,8,2,6
20190505181,1817,2,7,5
20190505182,1827,8,3,5
20190505183,1837,9,5,4
20190505184,1847,6,0,6
20190505185,1857,4,6,2
20190505186,1867,1,0,1
20190505187,1877,8,6,2
20190505188,1887,0,7,7
20190505189,1897,8,6,2
20190505190,1907,1,9,8
20190505191,1917,1,6,5
20190505192,1927,3,9,6
20190505193,1937,9,8,1
20190505194,1947,6,5,1
20190505195,1957,8,0,8
20190505196,1967,6,4,2
20190505197,1977,9,2,7
20190505198,1987,2,7,5
20190505199,1997,7,4,3
20190505200,2007,3,0,3
20190505201,2017,6,3,3
20190505202,2027,4,6,2
20190505203,2037,0,6,6
20190505204,2047,3,6,3
20190505205,2057,2,9,7
20190505206,2067,0,4,4
20190505207,2077,7,1,6
20190505208,2087,1,9,8
20190505209,2097,3,7,4
20190505210,2107,0,6,6
20190505211,2117,8,4,4
20190505212,2127,2,1,1
20190505213,2137,7,6,1
20190505214,2147,4,6,2
20190505215,2157,8,4,4
20190505216,2167,8,6,2
20190505217,2177,3,4,1
20190505218,2187,6,9,3
20190505219,2197,5,3,2
20190505220,2207,8,8,0
20190505221,2217,1,8,7
20190505222,2227,8,6,2
20190505223,2237,0,5,5
20190505224,2247,2,1,1
20190505225,2257,0,1,1
20190505226,2267,0,0,0
20190505227,2277,1,3,2
20190505228,2287,9,5,4
20190505229,2297,4,5,1
20190505230,2307,3,3,0
20190505231,2317,3,5,2
20190505232,2327,6,0,6
20190505233,2337,1,1,0
20190505234,2347,1,6,5
20190505235,2357,4,5,1
20190505236,2367,4,8,4
20190505237,2377,3,5,2
20190505238,2387,2,0,2
20190505239,2397,3,4,1
20190505240,2407,6,9,3
20190505241,2417,9,4,5
20190505242,2427,0,8,8
20190505243,2437,4,1,3
20190505244,2447,8,9,1
20190505245,2457,3,8,5
20190505246,2467,7,3,4
20190505247,2477,2,7,5
20190505248,2487,2,1,1
20190505249,2497,8,5,3
20190505250,2507,0,7,7
20190505251,2517,9,3,6
20190505252,2527,7,2,5
20190505253,2537,8,7,1
20190505254,2547,0,4,4
20190505255,2557,8,3,5
20190505256,2567,2,2,0
20190505257,2577,8,3,5
20190505258,2587,0,4,4
20190505259,2597,6,5,1
20190505260,2607,8,6,2
20190505261,2617,0,1,1
20190505262,2627,0,5,5
20190505263,2637,1,0,1
20190505264,2647,3,2,1
20190505265,2657,6,1,5
20190505266,2667,8,6,2
20190505267,2677,8,3,5
20190505268,2687,8,4,4
20190505269,2697,8,1,7
20190505270,2707,7,8,1
20190505271,2717,7,7,0
20190505272,2727,9,6,3
20190505273,2737,3,8,5
20190505274,2747,8,0,8
20190505275,2757,1,6,5
20190505276,2767,3,0,3
20190505277,2777,4,1,3
20190505278,2787,3,1,2
20190505279,2797,5,2,3
20190505280,2807,7,4,3
20190505281,2817,4,2,2
20190505282,2827,4,9,5
20190505283,2837,7,9,2
20190505284,2847,1,3,2
20190505285,2857,9,5,4
20190505286,2867,1,9,8
20190505287,2877,7,7,0
20190505288,2887,0,3,3
20190506001,11,4,9,5
20190506002,21,3,8,5
20190506003,31,6,2,4
20190506004,41,1,3,2
20190506005,51,6,6,0
20190506006,61,7,8,1
20190506007,71,7,9,2
20190506008,81,6,6,0
20190506009,91,6,6,0
20190506010,101,7,8,1
20190506011,111,4,5,1
20190506012,121,3,4,1
20190506013,131,7,6,1
20190506014,141,5,8,3
20190506015,151,8,4,4
20190506016,161,2,4,2
20190506017,171,1,8,7
20190506018,181,7,5,2
20190506019,191,6,5,1
20190506020,201,2,9,7
20190506021,211,2,2,0
20190506022,221,2,2,0
20190506023,231,3,3,0
20190506024,241,1,1,0
20190506025,251,0,2,2
20190506026,261,4,8,4
20190506027,271,2,3,1
20190506028,281,3,1,2
20190506029,291,9,1,8
20190506030,301,7,1,6
20190506031,311,9,7,2
20190506032,321,5,3,2
20190506033,331,2,8,6
20190506034,341,1,8,7
20190506035,351,3,7,4
20190506036,361,3,9,6
20190506037,371,0,7,7
20190506038,381,7,6,1
20190506039,391,4,2,2
20190506040,401,8,2,6
20190506041,411,4,4,0
20190506042,421,1,5,4
20190506043,431,2,0,2
20190506044,441,0,5,5
20190506045,451,4,9,5
20190506046,461,7,3,4
20190506047,471,4,8,4
20190506048,481,1,1,0
20190506049,491,7,7,0
20190506050,501,2,8,6
20190506051,511,3,9,6
20190506052,521,8,5,3
20190506053,531,3,4,1
20190506054,541,5,4,1
20190506055,551,1,0,1
20190506056,561,2,2,0
20190506057,571,8,5,3
20190506058,581,8,3,5
20190506059,591,8,8,0
20190506060,601,1,4,3
20190506061,611,8,0,8
20190506062,621,2,5,3
20190506063,631,3,7,4
20190506064,641,3,2,1
20190506065,651,1,1,0
20190506066,661,0,8,8
20190506067,671,6,3,3
20190506068,681,1,1,0
20190506069,691,6,3,3
20190506070,701,8,6,2
20190506071,711,1,9,8
20190506072,721,1,9,8
20190506073,731,0,0,0
20190506074,741,5,5,0
20190506075,751,1,3,2
20190506076,761,6,2,4
20190506077,771,9,4,5
20190506078,781,0,8,8
20190506079,791,4,8,4
20190506080,801,1,2,1
20190506081,811,0,0,0
20190506082,821,6,6,0
20190506083,831,6,5,1
20190506084,841,5,5,0
20190506085,851,1,9,8
20190506086,861,8,3,5
20190506087,871,4,8,4
20190506088,881,3,7,4
20190506089,891,6,3,3
20190506090,901,3,1,2
20190506091,911,6,3,3
20190506092,921,2,0,2
20190506093,931,2,5,3
20190506094,941,4,9,5
20190506095,951,0,5,5
20190506096,961,9,7,2
20190506097,971,0,7,7
20190506098,981,4,6,2
20190506099,991,0,6,6
20190506100,1001,4,1,3
20190506101,1011,5,9,4
20190506102,1021,8,3,5
20190506103,1031,9,8,1
20190506104,1041,3,3,0
20190506105,1051,6,5,1
20190506106,1061,0,3,3
20190506107,1071,7,1,6
20190506108,1081,7,0,7
20190506109,1091,6,3,3
20190506110,1101,1,6,5
20190506111,1111,7,1,6
20190506112,1121,2,0,2
20190506113,1131,9,3,6
20190506114,1141,7,9,2
20190506115,1151,5,9,4
20190506116,1161,2,8,6
20190506117,1171,0,1,1
20190506118,1181,8,4,4
20190506119,1191,7,7,0
20190506120,1201,6,6,0
20190506121,1211,4,4,0
20190506122,1221,9,7,2
20190506123,1231,9,0,9
20190506124,1241,9,9,0
20190506125,1251,8,5,3
20190506126,1261,1,9,8
20190506127,1271,6,9,3
20190506128,1281,0,7,7
20190506129,1291,3,2,1
20190506130,1301,1,5,4
20190506131,1311,9,8,1
20190506132,1321,4,0,4
20190506133,1331,0,5,5
20190506134,1341,2,6,4
20190506135,1351,0,3,3
20190506136,1361,3,9,6
20190506137,1371,0,3,3
20190506138,1381,0,0,0
20190506139,1391,9,8,1
20190506140,1401,6,3,3
20190506141,1411,7,1,6
20190506142,1421,7,7,0
20190506143,1431,9,0,9
20190506144,1441,8,7,1
20190506145,1451,2,5,3
20190506146,1461,2,5,3
20190506147,1471,2,7,5
20190506148,1481,9,0,9
20190506149,1491,4,4,0
20190506150,1501,8,7,1
20190506151,1511,2,5,3
20190506152,1521,8,4,4
20190506153,1531,4,4,0
20190506154,1541,2,3,1
20190506155,1551,0,9,9
20190506156,1561,2,4,2
20190506157,1571,3,8,5
20190506158,1581,6,5,1
20190506159,1591,7,5,2
20190506160,1601,8,1,7
20190506161,1611,7,4,3
20190506162,1621,0,7,7
20190506163,1631,3,0,3
20190506164,1641,2,5,3
20190506165,1651,1,0,1
20190506166,1661,3,8,5
20190506167,1671,4,4,0
20190506168,1681,3,7,4
20190506169,1691,7,3,4
20190506170,1701,3,3,0
20190506171,1711,3,1,2
20190506172,1721,9,2,7
20190506173,1731,5,6,1
20190506174,1741,9,7,2
20190506175,1751,1,2,1
20190506176,1761,1,7,6
20190506177,1771,2,9,7
20190506178,1781,9,2,7
20190506179,1791,9,2,7
20190506180,1801,7,2,5
20190506181,1811,1,6,5
20190506182,1821,6,6,0
20190506183,1831,7,7,0
20190506184,1841,7,6,1
20190506185,1851,5,2,3
20190506186,1861,3,2,1
20190506187,1871,8,5,3
20190506188,1881,4,3,1
20190506189,1891,1,7,6
20190506190,1901,3,8,5
20190506191,1911,3,4,1
20190506192,1921,7,2,5
20190506193,1931,3,0,3
20190506194,1941,6,2,4
20190506195,1951,6,8,2
20190506196,1961,7,0,7
20190506197,1971,0,4,4
20190506198,1981,5,4,1
20190506199,1991,1,7,6
20190506200,2001,4,5,1
20190506201,2011,9,6,3
20190506202,2021,5,7,2
20190506203,2031,8,7,1
20190506204,2041,0,3,3
20190506205,2051,9,7,2
20190506206,2061,4,4,0
20190506207,2071,6,3,3
20190506208,2081,3,1,2
20190506209,2091,2,2,0
20190506210,2101,2,2,0
20190506211,2111,9,9,0
20190506212,2121,3,9,6
20190506213,2131,0,0,0
20190506214,2141,0,8,8
20190506215,2151,0,7,7
20190506216,2161,1,4,3
20190506217,2171,7,0,7
20190506218,2181,7,7,0
20190506219,2191,5,4,1
20190506220,2201,2,3,1
20190506221,2211,6,4,2
20190506222,2221,7,6,1
20190506223,2231,0,7,7
20190506224,2241,9,6,3
20190506225,2251,3,5,2
20190506226,2261,9,9,0
20190506227,2271,9,2,7
20190506228,2281,4,3,1
20190506229,2291,0,7,7
20190506230,2301,1,5,4
20190506231,2311,2,5,3
20190506232,2321,7,8,1
20190506233,2331,9,2,7
20190506234,2341,2,5,3
20190506235,2351,4,1,3
20190506236,2361,4,3,1
20190506237,2371,4,1,3
20190506238,2381,0,1,1
20190506239,2391,4,8,4
20190506240,2401,6,7,1
20190506241,2411,8,6,2
20190506242,2421,1,9,8
20190506243,2431,8,3,5
20190506244,2441,3,3,0
20190506245,2451,3,0,3
20190506246,2461,9,6,3
20190506247,2471,8,0,8
20190506248,2481,7,8,1
20190506249,2491,8,9,1
20190506250,2501,0,7,7
20190506251,2511,5,7,2
20190506252,2521,8,3,5
20190506253,2531,3,9,6
20190506254,2541,4,5,1
20190506255,2551,7,0,7
20190506256,2561,6,9,3
20190506257,2571,3,1,2
20190506258,2581,6,6,0
20190506259,2591,1,5,4
20190506260,2601,2,3,1
20190506261,2611,0,5,5
20190506262,2621,1,9,8
20190506263,2631,6,7,1
20190506264,2641,1,5,4
20190506265,2651,6,3,3
20190506266,2661,7,3,4
20190506267,2671,8,1,7
20190506268,2681,2,6,4
20190506269,2691,3,7,4
20190506270,2701,7,4,3
20190506271,2711,4,1,3
20190506272,2721,4,0,4
20190506273,2731,2,9,7
20190506274,2741,3,4,1
20190506275,2751,0,3,3
20190506276,2761,9,0,9
20190506277,2771,1,6,5
20190506278,2781,3,4,1
20190506279,2791,8,3,5
20190506280,2801,0,1,1
20190506281,2811,6,4,2
20190506282,2821,0,8,8
20190506283,2831,6,8,2
20190506284,2841,7,1,6
20190506285,2851,1,8,7
20190506286,2861,4,4,0
20190506287,2871,1,8,7
20190506288,2881,1,0,1
20190507001,12,8,3,5
20190507002,22,7,8,1
20190507003,32,5,6,1
20190507004,42,8,0,8
20190507005,52,9,4,5
20190507006,62,3,8,5
20190507007,72,8,7,1
20190507008,82,8,1,7
20190507009,92,7,1,6
20190507010,102,3,1,2
20190507011,112,1,8,7
20190507012,122,5,6,1
20190507013,132,1,2,1
20190507014,142,4,5,1
20190507015,152,0,4,4
20190507016,162,2,3,1
20190507017,172,9,8,1
20190507018,182,8,1,7
20190507019,192,6,3,3
20190507020,202,8,6,2
20190507021,212,7,0,7
20190507022,222,1,2,1
20190507023,232,7,1,6
20190507024,242,0,3,3
20190507025,252,7,5,2
20190507026,262,1,0,1
20190507027,272,7,0,7
20190507028,282,3,0,3
20190507029,292,1,7,6
20190507030,302,0,6,6
20190507031,312,8,3,5
20190507032,322,7,1,6
20190507033,332,4,4,0
20190507034,342,4,3,1
20190507035,352,4,3,1
20190507036,362,2,6,4
20190507037,372,2,8,6
20190507038,382,7,8,1
20190507039,392,3,0,3
20190507040,402,3,5,2
20190507041,412,8,0,8
20190507042,422,7,3,4
20190507043,432,5,9,4
20190507044,442,8,4,4
20190507045,452,3,4,1
20190507046,462,2,9,7
20190507047,472,8,8,0
20190507048,482,4,6,2
20190507049,492,2,8,6
20190507050,502,1,4,3
20190507051,512,0,2,2
20190507052,522,0,8,8
20190507053,532,5,1,4
20190507054,542,7,4,3
20190507055,552,3,3,0
20190507056,562,3,9,6
20190507057,572,6,6,0
20190507058,582,0,4,4
20190507059,592,5,0,5
20190507060,602,0,8,8
20190507061,612,8,2,6
20190507062,622,4,3,1
20190507063,632,3,8,5
20190507064,642,8,8,0
20190507065,652,9,4,5
20190507066,662,6,8,2
20190507067,672,3,4,1
20190507068,682,8,5,3
20190507069,692,6,1,5
20190507070,702,6,1,5
20190507071,712,4,4,0
20190507072,722,7,7,0
20190507073,732,5,9,4
20190507074,742,1,4,3
20190507075,752,8,2,6
20190507076,762,1,1,0
20190507077,772,3,9,6
20190507078,782,3,2,1
20190507079,792,2,1,1
20190507080,802,2,0,2
20190507081,812,9,4,5
20190507082,822,8,2,6
20190507083,832,8,7,1
20190507084,842,5,9,4
20190507085,852,7,9,2
20190507086,862,5,8,3
20190507087,872,7,2,5
20190507088,882,6,1,5
20190507089,892,3,5,2
20190507090,902,9,8,1
20190507091,912,9,5,4
20190507092,922,8,6,2
20190507093,932,1,9,8
20190507094,942,7,6,1
20190507095,952,9,1,8
20190507096,962,4,5,1
20190507097,972,6,6,0
20190507098,982,4,0,4
20190507099,992,5,4,1
20190507100,1002,1,3,2
20190507101,1012,3,7,4
20190507102,1022,3,4,1
20190507103,1032,6,7,1
20190507104,1042,8,1,7
20190507105,1052,6,5,1
20190507106,1062,3,9,6
20190507107,1072,4,5,1
20190507108,1082,8,0,8
20190507109,1092,3,3,0
20190507110,1102,0,3,3
20190507111,1112,3,0,3
20190507112,1122,6,6,0
20190507113,1132,0,6,6
20190507114,1142,1,5,4
20190507115,1152,1,3,2
20190507116,1162,9,5,4
20190507117,1172,4,5,1
20190507118,1182,6,4,2
20190507119,1192,1,1,0
20190507120,1202,4,4,0
20190507121,1212,0,7,7
20190507122,1222,4,8,4
20190507123,1232,3,7,4
20190507124,1242,7,2,5
20190507125,1252,0,6,6
20190507126,1262,7,6,1
20190507127,1272,3,9,6
20190507128,1282,6,5,1
20190507129,1292,8,9,1
20190507130,1302,0,5,5
20190507131,1312,4,7,3
20190507132,1322,7,2,5
20190507133,1332,7,8,1
20190507134,1342,5,8,3
20190507135,1352,5,3,2
20190507136,1362,6,5,1
20190507137,1372,0,7,7
20190507138,1382,0,3,3
20190507139,1392,0,9,9
20190507140,1402,6,9,3
20190507141,1412,5,1,4
20190507142,1422,8,0,8
20190507143,1432,5,3,2
20190507144,1442,5,6,1
20190507145,1452,4,9,5
20190507146,1462,3,4,1
20190507147,1472,9,4,5
20190507148,1482,3,0,3
20190507149,1492,5,5,0
20190507150,1502,9,0,9
20190507151,1512,8,3,5
20190507152,1522,8,6,2
20190507153,1532,8,8,0
20190507154,1542,0,1,1
20190507155,1552,3,0,3
20190507156,1562,0,7,7
20190507157,1572,0,3,3
20190507158,1582,6,5,1
20190507159,1592,6,3,3
20190507160,1602,8,5,3
20190507161,1612,5,7,2
20190507162,1622,6,7,1
20190507163,1632,3,6,3
20190507164,1642,7,8,1
20190507165,1652,3,6,3
20190507166,1662,6,4,2
20190507167,1672,1,6,5
20190507168,1682,3,5,2
20190507169,1692,7,5,2
20190507170,1702,4,5,1
20190507171,1712,6,6,0
20190507172,1722,0,3,3
20190507173,1732,2,9,7
20190507174,1742,1,3,2
20190507175,1752,3,2,1
20190507176,1762,2,2,0
20190507177,1772,4,3,1
20190507178,1782,7,4,3
20190507179,1792,9,5,4
20190507180,1802,0,4,4
20190507181,1812,1,1,0
20190507182,1822,0,1,1
20190507183,1832,2,7,5
20190507184,1842,5,8,3
20190507185,1852,8,5,3
20190507186,1862,1,3,2
20190507187,1872,9,2,7
20190507188,1882,2,4,2
20190507189,1892,9,4,5
20190507190,1902,8,0,8
20190507191,1912,8,2,6
20190507192,1922,6,7,1
20190507193,1932,7,2,5
20190507194,1942,3,8,5
20190507195,1952,3,4,1
20190507196,1962,7,7,0
20190507197,1972,4,4,0
20190507198,1982,7,1,6
20190507199,1992,1,4,3
20190507200,2002,6,2,4
20190507201,2012,3,2,1
20190507202,2022,6,8,2
20190507203,2032,0,1,1
20190507204,2042,0,3,3
20190507205,2052,9,9,0
20190507206,2062,1,2,1
20190507207,2072,5,9,4
20190507208,2082,5,6,1
20190507209,2092,2,2,0
20190507210,2102,5,3,2
20190507211,2112,4,9,5
20190507212,2122,7,6,1
20190507213,2132,9,1,8
20190507214,2142,3,7,4
20190507215,2152,3,2,1
20190507216,2162,6,2,4
20190507217,2172,6,8,2
20190507218,2182,0,1,1
20190507219,2192,6,4,2
20190507220,2202,6,6,0
20190507221,2212,6,8,2
20190507222,2222,5,4,1
20190507223,2232,1,0,1
20190507224,2242,7,6,1
20190507225,2252,8,6,2
20190507226,2262,8,9,1
20190507227,2272,9,8,1
20190507228,2282,5,0,5
20190507229,2292,9,8,1
20190507230,2302,8,9,1
20190507231,2312,2,5,3
20190507232,2322,7,7,0
20190507233,2332,1,0,1
20190507234,2342,5,4,1
20190507235,2352,6,2,4
20190507236,2362,6,3,3
20190507237,2372,3,2,1
20190507238,2382,5,2,3
20190507239,2392,3,4,1
20190507240,2402,3,5,2
20190507241,2412,0,2,2
20190507242,2422,5,5,0
20190507243,2432,7,8,1
20190507244,2442,6,8,2
20190507245,2452,2,6,4
20190507246,2462,6,0,6
20190507247,2472,7,1,6
20190507248,2482,4,4,0
20190507249,2492,6,4,2
20190507250,2502,1,4,3
20190507251,2512,6,2,4
20190507252,2522,1,9,8
20190507253,2532,1,6,5
20190507254,2542,8,3,5
20190507255,2552,0,1,1
20190507256,2562,8,8,0
20190507257,2572,2,0,2
20190507258,2582,0,1,1
20190507259,2592,1,7,6
20190507260,2602,5,5,0
20190507261,2612,7,8,1
20190507262,2622,6,0,6
20190507263,2632,9,6,3
20190507264,2642,2,8,6
20190507265,2652,4,0,4
20190507266,2662,6,9,3
20190507267,2672,6,0,6
20190507268,2682,5,2,3
20190507269,2692,5,6,1
20190507270,2702,9,1,8
20190507271,2712,8,0,8
20190507272,2722,5,8,3
20190507273,2732,1,0,1
20190507274,2742,7,6,1
20190507275,2752,6,5,1
20190507276,2762,2,8,6
20190507277,2772,9,9,0
20190507278,2782,9,1,8
20190507279,2792,2,6,4
20190507280,2802,1,0,1
20190507281,2812,2,5,3
20190507282,2822,9,2,7
20190507283,2832,0,5,5
20190507284,2842,2,3,1
20190507285,2852,4,8,4
20190507286,2862,4,7,3
20190507287,2872,0,0,0
20190507288,2882,8,3,5
20190508001,13,9,9,0
20190508002,23,7,7,0
20190508003,33,4,1,3
20190508004,43,9,1,8
20190508005,53,7,0,7
20190508006,63,1,5,4
20190508007,73,0,8,8
20190508008,83,5,9,4
20190508009,93,1,4,3
20190508010,103,8,7,1
20190508011,113,9,1,8
20190508012,123,0,0,0
20190508013,133,8,1,7
20190508014,143,1,7,6
20190508015,153,6,2,4
20190508016,163,5,1,4
20190508017,173,1,2,1
20190508018,183,6,2,4
20190508019,193,2,0,2
20190508020,203,1,0,1
20190508021,213,3,2,1
20190508022,223,0,7,7
20190508023,233,5,8,3
20190508024,243,6,2,4
20190508025,253,0,5,5
20190508026,263,7,4,3
20190508027,273,7,5,2
20190508028,283,9,7,2
20190508029,293,3,4,1
20190508030,303,2,4,2
20190508031,313,0,2,2
20190508032,323,1,3,2
20190508033,333,8,4,4
20190508034,343,5,5,0
20190508035,353,4,5,1
20190508036,363,7,6,1
20190508037,373,6,5,1
20190508038,383,9,5,4
20190508039,393,8,5,3
20190508040,403,6,5,1
20190508041,413,7,5,2
20190508042,423,6,3,3
20190508043,433,1,4,3
20190508044,443,9,8,1
20190508045,453,4,2,2
20190508046,463,4,7,3
20190508047,473,1,6,5
20190508048,483,6,5,1
20190508049,493,2,0,2
20190508050,503,0,4,4
20190508051,513,1,5,4
20190508052,523,8,8,0
20190508053,533,5,1,4
20190508054,543,7,0,7
20190508055,553,4,5,1
20190508056,563,9,3,6
20190508057,573,6,1,5
20190508058,583,5,2,3
20190508059,593,6,4,2
20190508060,603,0,1,1
20190508061,613,8,4,4
20190508062,623,8,4,4
20190508063,633,9,3,6
20190508064,643,4,2,2
20190508065,653,9,8,1
20190508066,663,0,3,3
20190508067,673,4,7,3
20190508068,683,0,5,5
20190508069,693,2,5,3
20190508070,703,4,4,0
20190508071,713,1,1,0
20190508072,723,9,3,6
20190508073,733,9,9,0
20190508074,743,2,6,4
20190508075,753,4,5,1
20190508076,763,3,0,3
20190508077,773,7,2,5
20190508078,783,5,1,4
20190508079,793,8,9,1
20190508080,803,0,7,7
20190508081,813,6,3,3
20190508082,823,0,7,7
20190508083,833,5,5,0
20190508084,843,1,3,2
20190508085,853,2,6,4
20190508086,863,8,5,3
20190508087,873,5,6,1
20190508088,883,0,9,9
20190508089,893,0,1,1
20190508090,903,8,0,8
20190508091,913,0,6,6
20190508092,923,2,0,2
20190508093,933,4,4,0
20190508094,943,2,7,5
20190508095,953,8,7,1
20190508096,963,0,3,3
20190508097,973,2,6,4
20190508098,983,2,6,4
20190508099,993,3,9,6
20190508100,1003,2,2,0
20190508101,1013,0,2,2
20190508102,1023,8,7,1
20190508103,1033,5,4,1
20190508104,1043,9,7,2
20190508105,1053,4,7,3
20190508106,1063,5,0,5
20190508107,1073,9,7,2
20190508108,1083,5,6,1
20190508109,1093,6,6,0
20190508110,1103,2,9,7
20190508111,1113,2,8,6
20190508112,1123,9,2,7
20190508113,1133,8,9,1
20190508114,1143,9,0,9
20190508115,1153,1,7,6
20190508116,1163,3,2,1
20190508117,1173,3,4,1
20190508118,1183,4,3,1
20190508119,1193,1,3,2
20190508120,1203,5,7,2
20190508121,1213,6,0,6
20190508122,1223,2,7,5
20190508123,1233,7,3,4
20190508124,1243,7,1,6
20190508125,1253,6,5,1
20190508126,1263,2,6,4
20190508127,1273,2,4,2
20190508128,1283,6,5,1
20190508129,1293,5,6,1
20190508130,1303,8,2,6
20190508131,1313,0,4,4
20190508132,1323,7,2,5
20190508133,1333,9,6,3
20190508134,1343,8,0,8
20190508135,1353,0,9,9
20190508136,1363,0,3,3
20190508137,1373,5,2,3
20190508138,1383,3,4,1
20190508139,1393,0,6,6
20190508140,1403,8,0,8
20190508141,1413,0,7,7
20190508142,1423,4,1,3
20190508143,1433,1,3,2
20190508144,1443,4,3,1
20190508145,1453,7,0,7
20190508146,1463,0,0,0
20190508147,1473,5,0,5
20190508148,1483,2,0,2
20190508149,1493,1,5,4
20190508150,1503,3,4,1
20190508151,1513,9,7,2
20190508152,1523,0,1,1
20190508153,1533,8,4,4
20190508154,1543,3,1,2
20190508155,1553,4,5,1
20190508156,1563,0,0,0
20190508157,1573,3,7,4
20190508158,1583,8,5,3
20190508159,1593,0,7,7
20190508160,1603,5,9,4
20190508161,1613,0,4,4
20190508162,1623,9,4,5
20190508163,1633,9,2,7
20190508164,1643,1,0,1
20190508165,1653,9,4,5
20190508166,1663,7,8,1
20190508167,1673,8,7,1
20190508168,1683,3,5,2
20190508169,1693,6,5,1
20190508170,1703,4,6,2
20190508171,1713,5,6,1
20190508172,1723,9,6,3
20190508173,1733,4,4,0
20190508174,1743,8,9,1
20190508175,1753,7,9,2
20190508176,1763,5,2,3
20190508177,1773,3,9,6
20190508178,1783,8,4,4
20190508179,1793,8,6,2
20190508180,1803,1,4,3
20190508181,1813,5,7,2
20190508182,1823,1,5,4
20190508183,1833,2,6,4
20190508184,1843,5,3,2
20190508185,1853,9,1,8
20190508186,1863,1,3,2
20190508187,1873,8,0,8
20190508188,1883,5,4,1
20190508189,1893,3,5,2
20190508190,1903,3,0,3
20190508191,1913,4,7,3
20190508192,1923,7,5,2
20190508193,1933,0,5,5
20190508194,1943,3,1,2
20190508195,1953,3,8,5
20190508196,1963,1,7,6
20190508197,1973,3,1,2
20190508198,1983,8,2,6
20190508199,1993,5,0,5
20190508200,2003,9,9,0
20190508201,2013,7,1,6
20190508202,2023,0,7,7
20190508203,2033,7,5,2
20190508204,2043,4,3,1
20190508205,2053,6,1,5
20190508206,2063,8,5,3
20190508207,2073,0,0,0
20190508208,2083,0,0,0
20190508209,2093,1,2,1
20190508210,2103,9,2,7
20190508211,2113,6,8,2
20190508212,2123,7,6,1
20190508213,2133,3,9,6
20190508214,2143,9,5,4
20190508215,2153,8,9,1
20190508216,2163,6,0,6
20190508217,2173,0,8,8
20190508218,2183,3,5,2
20190508219,2193,2,7,5
20190508220,2203,6,4,2
20190508221,2213,1,6,5
20190508222,2223,7,4,3
20190508223,2233,6,3,3
20190508224,2243,1,3,2
20190508225,2253,7,2,5
20190508226,2263,7,7,0
20190508227,2273,5,3,2
20190508228,2283,2,3,1
20190508229,2293,6,5,1
20190508230,2303,8,4,4
20190508231,2313,0,4,4
20190508232,2323,6,9,3
20190508233,2333,0,5,5
20190508234,2343,9,5,4
20190508235,2353,9,9,0
20190508236,2363,7,4,3
20190508237,2373,7,8,1
20190508238,2383,5,9,4
20190508239,2393,9,9,0
20190508240,2403,4,2,2
20190508241,2413,1,5,4
20190508242,2423,2,2,0
20190508243,2433,5,4,1
20190508244,2443,6,2,4
20190508245,2453,0,7,7
20190508246,2463,1,8,7
20190508247,2473,8,3,5
20190508248,2483,6,6,0
20190508249,2493,2,2,0
20190508250,2503,4,8,4
20190508251,2513,6,0,6
20190508252,2523,2,3,1
20190508253,2533,1,1,0
20190508254,2543,2,8,6
20190508255,2553,3,5,2
20190508256,2563,6,8,2
20190508257,2573,7,2,5
20190508258,2583,4,9,5
20190508259,2593,5,4,1
20190508260,2603,4,6,2
20190508261,2613,2,4,2
20190508262,2623,3,9,6
20190508263,2633,4,8,4
20190508264,2643,9,8,1
20190508265,2653,0,5,5
20190508266,2663,7,6,1
20190508267,2673,5,2,3
20190508268,2683,5,6,1
20190508269,2693,2,0,2
20190508270,2703,1,3,2
20190508271,2713,9,4,5
20190508272,2723,4,9,5
20190508273,2733,8,5,3
20190508274,2743,2,6,4
20190508275,2753,1,2,1
20190508276,2763,8,3,5
20190508277,2773,7,1,6
20190508278,2783,7,0,7
20190508279,2793,9,6,3
20190508280,2803,2,1,1
20190508281,2813,5,7,2
20190508282,2823,7,7,0
20190508283,2833,8,5,3
20190508284,2843,3,6,3
20190508285,2853,9,6,3
20190508286,2863,7,1,6
20190508287,2873,9,9,0
20190508288,2883,3,8,5
20190509001,14,9,1,8
20190509002,24,8,6,2
20190509003,34,2,5,3
20190509004,44,0,2,2
20190509005,54,1,0,1
20190509006,64,4,7,3
20190509007,74,0,6,6
20190509008,84,0,5,5
20190509009,94,2,7,5
20190509010,104,3,5,2
20190509011,114,4,8,4
20190509012,124,0,4,4
20190509013,134,6,2,4
20190509014,144,4,3,1
20190509015,154,0,3,3
20190509016,164,5,8,3
20190509017,174,6,9,3
20190509018,184,2,4,2
20190509019,194,8,3,5
20190509020,204,1,8,7
20190509021,214,1,0,1
20190509022,224,3,6,3
20190509023,234,9,8,1
20190509024,244,4,5,1
20190509025,254,4,0,4
20190509026,264,7,3,4
20190509027,274,4,8,4
20190509028,284,5,5,0
20190509029,294,0,9,9
20190509030,304,7,2,5
20190509031,314,0,7,7
20190509032,324,4,0,4
20190509033,334,4,3,1
20190509034,344,1,2,1
20190509035,354,1,6,5
20190509036,364,3,6,3
20190509037,374,7,5,2
20190509038,384,8,0,8
20190509039,394,3,6,3
20190509040,404,0,5,5
20190509041,414,9,0,9
20190509042,424,3,9,6
20190509043,434,7,6,1
20190509044,444,8,4,4
20190509045,454,7,5,2
20190509046,464,8,2,6
20190509047,474,9,2,7
20190509048,484,0,2,2
20190509049,494,0,9,9
20190509050,504,6,5,1
20190509051,514,0,1,1
20190509052,524,5,6,1
20190509053,534,2,6,4
20190509054,544,8,3,5
20190509055,554,0,1,1
20190509056,564,4,8,4
20190509057,574,9,3,6
20190509058,584,0,3,3
20190509059,594,3,1,2
20190509060,604,5,8,3
20190509061,614,1,6,5
20190509062,624,9,0,9
20190509063,634,7,0,7
20190509064,644,7,3,4
20190509065,654,4,1,3
20190509066,664,9,8,1
20190509067,674,6,0,6
20190509068,684,4,5,1
20190509069,694,0,4,4
20190509070,704,7,8,1
20190509071,714,1,5,4
20190509072,724,3,3,0
20190509073,734,5,3,2
20190509074,744,0,1,1
20190509075,754,2,4,2
20190509076,764,0,8,8
20190509077,774,2,0,2
20190509078,784,6,0,6
20190509079,794,2,9,7
20190509080,804,8,3,5
20190509081,814,4,0,4
20190509082,824,2,9,7
20190509083,834,6,9,3
20190509084,844,3,0,3
20190509085,854,7,4,3
20190509086,864,2,7,5
20190509087,874,5,0,5
20190509088,884,9,0,9
20190509089,894,4,7,3
20190509090,904,7,7,0
20190509091,914,1,2,1
20190509092,924,8,5,3
20190509093,934,2,0,2
20190509094,944,1,5,4
20190509095,954,2,0,2
20190509096,964,2,2,0
20190509097,974,9,4,5
20190509098,984,5,7,2
20190509099,994,7,9,2
20190509100,1004,8,5,3
20190509101,1014,5,5,0
20190509102,1024,5,2,3
20190509103,1034,6,1,5
20190509104,1044,4,9,5
20190509105,1054,1,1,0
20190509106,1064,4,7,3
20190509107,1074,6,7,1
20190509108,1084,0,2,2
20190509109,1094,8,3,5
20190509110,1104,5,7,2
20190509111,1114,6,3,3
20190509112,1124,1,6,5
20190509113,1134,1,8,7
20190509114,1144,3,0,3
20190509115,1154,2,2,0
20190509116,1164,7,5,2
20190509117,1174,6,9,3
20190509118,1184,3,2,1
20190509119,1194,5,0,5
20190509120,1204,4,4,0
20190509121,1214,3,8,5
20190509122,1224,8,4,4
20190509123,1234,8,5,3
20190509124,1244,8,2,6
20190509125,1254,5,9,4
20190509126,1264,7,3,4
20190509127,1274,4,6,2
20190509128,1284,5,0,5
20190509129,1294,8,1,7
20190509130,1304,1,9,8
20190509131,1314,7,0,7
20190509132,1324,4,9,5
20190509133,1334,3,1,2
20190509134,1344,1,5,4
20190509135,1354,9,1,8
20190509136,1364,6,1,5
20190509137,1374,5,6,1
20190509138,1384,6,8,2
20190509139,1394,3,5,2
20190509140,1404,2,5,3
20190509141,1414,3,9,6
20190509142,1424,3,7,4
20190509143,1434,4,1,3
20190509144,1444,6,0,6
20190509145,1454,5,3,2
20190509146,1464,2,5,3
20190509147,1474,0,8,8
20190509148,1484,5,2,3
20190509149,1494,0,6,6
20190509150,1504,8,5,3
20190509151,1514,6,6,0
20190509152,1524,7,6,1
20190509153,1534,2,7,5
20190509154,1544,7,7,0
20190509155,1554,7,4,3
20190509156,1564,9,9,0
20190509157,1574,4,9,5
20190509158,1584,5,1,4
20190509159,1594,5,8,3
20190509160,1604,5,6,1
20190509161,1614,0,8,8
20190509162,1624,9,4,5
20190509163,1634,2,6,4
20190509164,1644,6,7,1
20190509165,1654,7,8,1
20190509166,1664,1,0,1
20190509167,1674,2,6,4
20190509168,1684,1,5,4
20190509169,1694,6,7,1
20190509170,1704,1,4,3
20190509171,1714,0,4,4
20190509172,1724,4,8,4
20190509173,1734,1,2,1
20190509174,1744,5,2,3
20190509175,1754,0,0,0
20190509176,1764,7,1,6
20190509177,1774,1,7,6
20190509178,1784,5,9,4
20190509179,1794,2,4,2
20190509180,1804,5,4,1
20190509181,1814,0,4,4
20190509182,1824,4,0,4
20190509183,1834,2,1,1
20190509184,1844,6,1,5
20190509185,1854,5,6,1
20190509186,1864,0,8,8
20190509187,1874,5,3,2
20190509188,1884,5,7,2
20190509189,1894,1,1,0
20190509190,1904,8,2,6
20190509191,1914,3,2,1
20190509192,1924,9,9,0
20190509193,1934,0,2,2
20190509194,1944,1,3,2
20190509195,1954,0,9,9
20190509196,1964,7,5,2
20190509197,1974,7,8,1
20190509198,1984,7,1,6
20190509199,1994,2,2,0
20190509200,2004,4,7,3
20190509201,2014,6,1,5
20190509202,2024,6,3,3
20190509203,2034,2,0,2
20190509204,2044,9,7,2
20190509205,2054,7,0,7
20190509206,2064,8,1,7
20190509207,2074,3,8,5
20190509208,2084,6,8,2
20190509209,2094,8,7,1
20190509210,2104,7,0,7
20190509211,2114,0,6,6
20190509212,2124,8,2,6
20190509213,2134,8,2,6
20190509214,2144,9,8,1
20190509215,2154,6,5,1
20190509216,2164,0,1,1
20190509217,2174,7,3,4
20190509218,2184,5,4,1
20190509219,2194,4,5,1
20190509220,2204,5,1,4
20190509221,2214,2,0,2
20190509222,2224,3,8,5
20190509223,2234,9,1,8
20190509224,2244,8,2,6
20190509225,2254,2,3,1
20190509226,2264,6,0,6
20190509227,2274,3,2,1
20190509228,2284,7,3,4
20190509229,2294,6,4,2
20190509230,2304,7,3,4
20190509231,2314,2,6,4
20190509232,2324,2,8,6
20190509233,2334,0,6,6
20190509234,2344,6,3,3
20190509235,2354,5,6,1
20190509236,2364,8,7,1
20190509237,2374,6,3,3
20190509238,2384,8,8,0
20190509239,2394,0,2,2
20190509240,2404,9,4,5
20190509241,2414,5,1,4
20190509242,2424,0,8,8
20190509243,2434,4,3,1
20190509244,2444,0,9,9
20190509245,2454,2,3,1
20190509246,2464,5,3,2
20190509247,2474,5,0,5
20190509248,2484,4,7,3
20190509249,2494,2,7,5
20190509250,2504,6,4,2
20190509251,2514,8,6,2
20190509252,2524,3,4,1
20190509253,2534,2,2,0
20190509254,2544,1,0,1
20190509255,2554,8,6,2
20190509256,2564,8,1,7
20190509257,2574,7,6,1
20190509258,2584,3,0,3
20190509259,2594,8,0,8
20190509260,2604,6,4,2
20190509261,2614,0,0,0
20190509262,2624,3,7,4
20190509263,2634,3,7,4
20190509264,2644,7,7,0
20190509265,2654,0,1,1
20190509266,2664,8,9,1
20190509267,2674,6,9,3
20190509268,2684,2,4,2
20190509269,2694,8,8,0
20190509270,2704,8,9,1
20190509271,2714,0,7,7
20190509272,2724,8,7,1
20190509273,2734,5,0,5
20190509274,2744,7,9,2
20190509275,2754,9,9,0
20190509276,2764,0,7,7
20190509277,2774,0,2,2
20190509278,2784,5,2,3
20190509279,2794,6,1,5
20190509280,2804,8,5,3
20190509281,2814,5,0,5
20190509282,2824,5,4,1
20190509283,2834,8,5,3
20190509284,2844,7,9,2
20190509285,2854,2,4,2
20190509286,2864,4,7,3
20190509287,2874,5,1,4
20190509288,2884,1,7,6
20190510001,15,6,8,2
20190510002,25,6,6,0
20190510003,35,0,5,5
20190510004,45,4,4,0
20190510005,55,4,8,4
20190510006,65,9,6,3
20190510007,75,7,6,1
20190510008,85,6,4,2
20190510009,95,7,9,2
20190510010,105,0,2,2
20190510011,115,7,1,6
20190510012,125,3,0,3
20190510013,135,1,1,0
20190510014,145,8,9,1
20190510015,155,6,3,3
20190510016,165,7,5,2
20190510017,175,6,1,5
20190510018,185,4,0,4
20190510019,195,5,8,3
20190510020,205,0,1,1
20190510021,215,0,9,9
20190510022,225,3,1,2
20190510023,235,6,6,0
20190510024,245,2,6,4
20190510025,255,8,2,6
20190510026,265,5,4,1
20190510027,275,6,3,3
20190510028,285,5,1,4
20190510029,295,0,8,8
20190510030,305,1,0,1
20190510031,315,4,1,3
20190510032,325,0,6,6
20190510033,335,1,4,3
20190510034,345,1,8,7
20190510035,355,3,9,6
20190510036,365,2,3,1
20190510037,375,6,0,6
20190510038,385,0,4,4
20190510039,395,2,9,7
20190510040,405,7,3,4
20190510041,415,9,7,2
20190510042,425,8,8,0
20190510043,435,1,4,3
20190510044,445,2,8,6
20190510045,455,9,1,8
20190510046,465,9,4,5
20190510047,475,0,5,5
20190510048,485,4,5,1
20190510049,495,4,2,2
20190510050,505,3,3,0
20190510051,515,7,0,7
20190510052,525,6,7,1
20190510053,535,3,3,0
20190510054,545,3,5,2
20190510055,555,4,2,2
20190510056,565,7,8,1
20190510057,575,6,3,3
20190510058,585,0,7,7
20190510059,595,6,5,1
20190510060,605,7,7,0
20190510061,615,9,9,0
20190510062,625,0,1,1
20190510063,635,1,0,1
20190510064,645,0,7,7
20190510065,655,4,0,4
20190510066,665,1,3,2
20190510067,675,7,8,1
20190510068,685,1,9,8
20190510069,695,4,6,2
20190510070,705,5,4,1
20190510071,715,8,4,4
20190510072,725,4,4,0
20190510073,735,5,7,2
20190510074,745,9,1,8
20190510075,755,3,5,2
20190510076,765,2,2,0
20190510077,775,1,3,2
20190510078,785,8,8,0
20190510079,795,0,9,9
20190510080,805,3,8,5
20190510081,815,1,3,2
20190510082,825,6,7,1
20190510083,835,2,6,4
20190510084,845,3,4,1
20190510085,855,1,2,1
20190510086,865,8,4,4
20190510087,875,2,7,5
20190510088,885,0,9,9
20190510089,895,9,3,6
20190510090,905,2,8,6
20190510091,915,0,5,5
20190510092,925,4,5,1
20190510093,935,4,4,0
20190510094,945,8,6,2
20190510095,955,2,0,2
20190510096,965,7,6,1
20190510097,975,9,2,7
20190510098,985,6,4,2
20190510099,995,2,7,5
20190510100,1005,7,5,2
20190510101,1015,2,5,3
20190510102,1025,3,6,3
20190510103,1035,3,1,2
20190510104,1045,1,6,5
20190510105,1055,6,8,2
20190510106,1065,3,6,3
20190510107,1075,7,4,3
20190510108,1085,7,0,7
20190510109,1095,1,9,8
20190510110,1105,5,0,5
20190510111,1115,7,1,6
20190510112,1125,0,0,0
20190510113,1135,4,8,4
20190510114,1145,5,2,3
20190510115,1155,4,5,1
20190510116,1165,8,5,3
20190510117,1175,8,4,4
20190510118,1185,3,3,0
20190510119,1195,3,9,6
20190510120,1205,4,1,3
20190510121,1215,5,9,4
20190510122,1225,3,4,1
20190510123,1235,3,3,0
20190510124,1245,7,4,3
20190510125,1255,1,4,3
20190510126,1265,4,4,0
20190510127,1275,4,0,4
20190510128,1285,1,0,1
20190510129,1295,6,7,1
20190510130,1305,9,6,3
20190510131,1315,7,1,6
20190510132,1325,2,2,0
20190510133,1335,2,0,2
20190510134,1345,9,3,6
20190510135,1355,8,7,1
20190510136,1365,7,0,7
20190510137,1375,1,9,8
20190510138,1385,6,8,2
20190510139,1395,7,4,3
20190510140,1405,8,6,2
20190510141,1415,8,3,5
20190510142,1425,2,3,1
20190510143,1435,0,1,1
20190510144,1445,9,6,3
20190510145,1455,7,2,5
20190510146,1465,4,9,5
20190510147,1475,9,1,8
20190510148,1485,0,4,4
20190510149,1495,9,4,5
20190510150,1505,9,9,0
20190510151,1515,5,1,4
20190510152,1525,7,6,1
20190510153,1535,3,9,6
20190510154,1545,6,4,2
20190510155,1555,4,0,4
20190510156,1565,4,2,2
20190510157,1575,7,3,4
20190510158,1585,8,9,1
20190510159,1595,6,8,2
20190510160,1605,2,3,1
20190510161,1615,7,8,1
20190510162,1625,5,5,0
20190510163,1635,8,7,1
20190510164,1645,0,8,8
20190510165,1655,7,1,6
20190510166,1665,6,4,2
20190510167,1675,5,7,2
20190510168,1685,2,1,1
20190510169,1695,8,2,6
20190510170,1705,7,4,3
20190510171,1715,6,9,3
20190510172,1725,0,1,1
20190510173,1735,8,0,8
20190510174,1745,2,8,6
20190510175,1755,3,5,2
20190510176,1765,2,9,7
20190510177,1775,1,8,7
20190510178,1785,3,8,5
20190510179,1795,9,7,2
20190510180,1805,8,2,6
20190510181,1815,3,3,0
20190510182,1825,0,2,2
20190510183,1835,4,2,2
20190510184,1845,8,6,2
20190510185,1855,5,9,4
20190510186,1865,4,7,3
20190510187,1875,3,0,3
20190510188,1885,0,6,6
20190510189,1895,7,6,1
20190510190,1905,1,6,5
20190510191,1915,8,6,2
20190510192,1925,7,7,0
20190510193,1935,5,7,2
20190510194,1945,9,1,8
20190510195,1955,5,5,0
20190510196,1965,7,0,7
20190510197,1975,2,0,2
20190510198,1985,9,8,1
20190510199,1995,9,0,9
20190510200,2005,7,9,2
20190510201,2015,0,4,4
20190510202,2025,2,5,3
20190510203,2035,4,9,5
20190510204,2045,2,5,3
20190510205,2055,5,9,4
20190510206,2065,8,8,0
20190510207,2075,0,5,5
20190510208,2085,4,5,1
20190510209,2095,3,1,2
20190510210,2105,6,7,1
20190510211,2115,0,9,9
20190510212,2125,5,0,5
20190510213,2135,5,3,2
20190510214,2145,9,6,3
20190510215,2155,6,5,1
20190510216,2165,3,0,3
20190510217,2175,9,2,7
20190510218,2185,0,5,5
20190510219,2195,9,0,9
20190510220,2205,9,4,5
20190510221,2215,8,4,4
20190510222,2225,5,1,4
20190510223,2235,9,7,2
20190510224,2245,6,9,3
20190510225,2255,6,1,5
20190510226,2265,6,1,5
20190510227,2275,9,6,3
20190510228,2285,8,6,2
20190510229,2295,3,9,6
20190510230,2305,6,9,3
20190510231,2315,8,4,4
20190510232,2325,7,0,7
20190510233,2335,1,0,1
20190510234,2345,9,8,1
20190510235,2355,5,5,0
20190510236,2365,9,8,1
20190510237,2375,4,3,1
20190510238,2385,8,6,2
20190510239,2395,6,4,2
20190510240,2405,5,2,3
20190510241,2415,7,5,2
20190510242,2425,9,1,8
20190510243,2435,5,2,3
20190510244,2445,1,0,1
20190510245,2455,1,2,1
20190510246,2465,3,8,5
20190510247,2475,1,7,6
20190510248,2485,6,6,0
20190510249,2495,3,2,1
20190510250,2505,8,7,1
20190510251,2515,5,9,4
20190510252,2525,6,1,5
20190510253,2535,2,0,2
20190510254,2545,9,8,1
20190510255,2555,0,2,2
20190510256,2565,2,8,6
20190510257,2575,0,2,2
20190510258,2585,2,9,7
20190510259,2595,9,8,1
20190510260,2605,1,8,7
20190510261,2615,8,6,2
20190510262,2625,2,8,6
20190510263,2635,3,4,1
20190510264,2645,0,7,7
20190510265,2655,0,4,4
20190510266,2665,6,9,3
20190510267,2675,2,7,5
20190510268,2685,8,9,1
20190510269,2695,4,5,1
20190510270,2705,0,5,5
20190510271,2715,9,1,8
20190510272,2725,7,3,4
20190510273,2735,1,5,4
20190510274,2745,3,0,3
20190510275,2755,0,7,7
20190510276,2765,4,7,3
20190510277,2775,5,4,1
20190510278,2785,9,7,2
20190510279,2795,3,6,3
20190510280,2805,8,3,5
20190510281,2815,1,4,3
20190510282,2825,7,5,2
20190510283,2835,8,2,6
20190510284,2845,5,3,2
20190510285,2855,9,7,2
20190510286,2865,4,8,4
20190510287,2875,0,6,6
20190510288,2885,9,0,9
20190511001,16,9,2,7
20190511002,26,7,6,1
20190511003,36,2,5,3
20190511004,46,7,5,2
20190511005,56,7,2,5
20190511006,66,9,9,0
20190511007,76,6,6,0
20190511008,86,2,5,3
20190511009,96,0,9,9
20190511010,106,1,5,4
20190511011,116,5,0,5
20190511012,126,8,3,5
20190511013,136,8,2,6
20190511014,146,9,3,6
20190511015,156,6,9,3
20190511016,166,8,2,6
20190511017,176,6,6,0
20190511018,186,0,2,2
20190511019,196,2,6,4
20190511020,206,0,7,7
20190511021,216,6,2,4
20190511022,226,0,6,6
20190511023,236,1,5,4
20190511024,246,9,3,6
20190511025,256,6,7,1
20190511026,266,6,9,3
20190511027,276,0,2,2
20190511028,286,2,9,7
20190511029,296,9,1,8
20190511030,306,7,2,5
20190511031,316,8,7,1
20190511032,326,3,3,0
20190511033,336,1,9,8
20190511034,346,0,9,9
20190511035,356,9,0,9
20190511036,366,7,4,3
20190511037,376,0,7,7
20190511038,386,7,9,2
20190511039,396,2,2,0
20190511040,406,9,3,6
20190511041,416,0,7,7
20190511042,426,8,0,8
20190511043,436,4,2,2
20190511044,446,9,0,9
20190511045,456,5,8,3
20190511046,466,4,2,2
20190511047,476,4,9,5
20190511048,486,3,5,2
20190511049,496,8,8,0
20190511050,506,4,0,4
20190511051,516,4,7,3
20190511052,526,2,0,2
20190511053,536,8,2,6
20190511054,546,8,4,4
20190511055,556,7,7,0
20190511056,566,6,7,1
20190511057,576,3,7,4
20190511058,586,4,2,2
20190511059,596,1,3,2
20190511060,606,9,1,8
20190511061,616,6,7,1
20190511062,626,5,5,0
20190511063,636,8,3,5
20190511064,646,7,4,3
20190511065,656,5,7,2
20190511066,666,3,2,1
20190511067,676,3,7,4
20190511068,686,5,1,4
20190511069,696,5,2,3
20190511070,706,3,5,2
20190511071,716,8,6,2
20190511072,726,0,9,9
20190511073,736,0,9,9
20190511074,746,4,6,2
20190511075,756,1,7,6
20190511076,766,9,8,1
20190511077,776,2,3,1
20190511078,786,9,2,7
20190511079,796,3,9,6
20190511080,806,9,3,6
20190511081,816,9,9,0
20190511082,826,3,4,1
20190511083,836,9,5,4
20190511084,846,8,4,4
20190511085,856,4,3,1
20190511086,866,6,7,1
20190511087,876,4,1,3
20190511088,886,6,8,2
20190511089,896,0,2,2
20190511090,906,9,4,5
20190511091,916,8,1,7
20190511092,926,8,9,1
20190511093,936,3,1,2
20190511094,946,9,9,0
20190511095,956,4,0,4
20190511096,966,2,2,0
20190511097,976,8,2,6
20190511098,986,7,7,0
20190511099,996,9,4,5
20190511100,1006,1,5,4
20190511101,1016,6,2,4
20190511102,1026,6,7,1
20190511103,1036,4,3,1
20190511104,1046,3,9,6
20190511105,1056,3,9,6
20190511106,1066,3,8,5
20190511107,1076,4,3,1
20190511108,1086,7,3,4
20190511109,1096,1,3,2
20190511110,1106,0,8,8
20190511111,1116,1,9,8
20190511112,1126,7,1,6
20190511113,1136,6,4,2
20190511114,1146,2,0,2
20190511115,1156,0,8,8
20190511116,1166,0,1,1
20190511117,1176,0,7,7
20190511118,1186,9,6,3
20190511119,1196,8,2,6
20190511120,1206,3,4,1
20190511121,1216,3,2,1
20190511122,1226,1,2,1
20190511123,1236,1,5,4
20190511124,1246,4,4,0
20190511125,1256,1,5,4
20190511126,1266,7,5,2
20190511127,1276,6,5,1
20190511128,1286,7,6,1
20190511129,1296,5,7,2
20190511130,1306,3,6,3
20190511131,1316,9,9,0
20190511132,1326,2,2,0
20190511133,1336,3,1,2
20190511134,1346,6,2,4
20190511135,1356,0,8,8
20190511136,1366,0,5,5
20190511137,1376,5,5,0
20190511138,1386,4,7,3
20190511139,1396,3,3,0
20190511140,1406,0,4,4
20190511141,1416,5,4,1
20190511142,1426,4,2,2
20190511143,1436,8,2,6
20190511144,1446,6,0,6
20190511145,1456,0,9,9
20190511146,1466,9,1,8
20190511147,1476,5,9,4
20190511148,1486,4,0,4
20190511149,1496,2,1,1
20190511150,1506,4,3,1
20190511151,1516,0,1,1
20190511152,1526,2,4,2
20190511153,1536,0,2,2
20190511154,1546,6,6,0
20190511155,1556,1,0,1
20190511156,1566,3,7,4
20190511157,1576,0,3,3
20190511158,1586,7,2,5
20190511159,1596,2,4,2
20190511160,1606,4,3,1
20190511161,1616,5,3,2
20190511162,1626,7,7,0
20190511163,1636,1,5,4
20190511164,1646,2,1,1
20190511165,1656,5,6,1
20190511166,1666,6,6,0
20190511167,1676,3,3,0
20190511168,1686,8,4,4
20190511169,1696,2,4,2
20190511170,1706,9,2,7
20190511171,1716,1,9,8
20190511172,1726,4,2,2
20190511173,1736,1,8,7
20190511174,1746,0,9,9
20190511175,1756,5,3,2
20190511176,1766,3,7,4
20190511177,1776,3,6,3
20190511178,1786,0,8,8
20190511179,1796,5,0,5
20190511180,1806,0,0,0
20190511181,1816,0,1,1
20190511182,1826,1,4,3
20190511183,1836,9,8,1
20190511184,1846,9,7,2
20190511185,1856,2,5,3
20190511186,1866,4,9,5
20190511187,1876,4,9,5
20190511188,1886,2,0,2
20190511189,1896,7,7,0
20190511190,1906,7,1,6
20190511191,1916,2,2,0
20190511192,1926,5,6,1
20190511193,1936,5,8,3
20190511194,1946,6,7,1
20190511195,1956,9,1,8
20190511196,1966,2,2,0
20190511197,1976,9,5,4
20190511198,1986,5,5,0
20190511199,1996,2,1,1
20190511200,2006,6,3,3
20190511201,2016,3,0,3
20190511202,2026,8,2,6
20190511203,2036,8,3,5
20190511204,2046,6,1,5
20190511205,2056,3,5,2
20190511206,2066,4,2,2
20190511207,2076,3,2,1
20190511208,2086,1,2,1
20190511209,2096,7,3,4
20190511210,2106,9,7,2
20190511211,2116,7,8,1
20190511212,2126,7,5,2
20190511213,2136,4,1,3
20190511214,2146,7,1,6
20190511215,2156,6,6,0
20190511216,2166,5,7,2
20190511217,2176,9,8,1
20190511218,2186,6,6,0
20190511219,2196,9,8,1
20190511220,2206,6,5,1
20190511221,2216,2,0,2
20190511222,2226,6,8,2
20190511223,2236,8,7,1
20190511224,2246,1,7,6
20190511225,2256,4,2,2
20190511226,2266,9,4,5
20190511227,2276,4,2,2
20190511228,2286,3,3,0
20190511229,2296,6,1,5
20190511230,2306,7,7,0
20190511231,2316,0,3,3
20190511232,2326,4,7,3
20190511233,2336,0,2,2
20190511234,2346,7,0,7
20190511235,2356,3,4,1
20190511236,2366,9,3,6
20190511237,2376,0,1,1
20190511238,2386,8,2,6
20190511239,2396,9,2,7
20190511240,2406,1,7,6
20190511241,2416,6,1,5
20190511242,2426,5,3,2
20190511243,2436,5,6,1
20190511244,2446,6,1,5
20190511245,2456,3,0,3
20190511246,2466,1,8,7
20190511247,2476,0,3,3
20190511248,2486,1,2,1
20190511249,2496,3,4,1
20190511250,2506,1,5,4
20190511251,2516,1,6,5
20190511252,2526,4,7,3
20190511253,2536,7,6,1
20190511254,2546,6,9,3
20190511255,2556,5,3,2
20190511256,2566,5,8,3
20190511257,2576,5,3,2
20190511258,2586,5,1,4
20190511259,2596,1,3,2
20190511260,2606,9,7,2
20190511261,2616,6,4,2
20190511262,2626,2,6,4
20190511263,2636,6,9,3
20190511264,2646,6,4,2
20190511265,2656,6,5,1
20190511266,2666,9,5,4
20190511267,2676,6,1,5
20190511268,2686,6,9,3
20190511269,2696,2,1,1
20190511270,2706,7,1,6
20190511271,2716,0,7,7
20190511272,2726,3,2,1
20190511273,2736,7,3,4
20190511274,2746,2,0,2
20190511275,2756,1,2,1
20190511276,2766,6,3,3
20190511277,2776,1,4,3
20190511278,2786,5,0,5
20190511279,2796,2,6,4
20190511280,2806,5,3,2
20190511281,2816,7,3,4
20190511282,2826,1,3,2
20190511283,2836,8,0,8
20190511284,2846,2,1,1
20190511285,2856,4,1,3
20190511286,2866,8,4,4
20190511287,2876,1,9,8
20190511288,2886,8,9,1
20190512001,17,1,4,3
20190512002,27,3,7,4
20190512003,37,6,9,3
20190512004,47,3,1,2
20190512005,57,3,5,2
20190512006,67,6,8,2
20190512007,77,5,2,3
20190512008,87,5,4,1
20190512009,97,5,7,2
20190512010,107,8,3,5
20190512011,117,2,0,2
20190512012,127,2,1,1
20190512013,137,1,1,0
20190512014,147,6,5,1
20190512015,157,8,5,3
20190512016,167,0,1,1
20190512017,177,1,5,4
20190512018,187,2,5,3
20190512019,197,1,4,3
20190512020,207,0,6,6
20190512021,217,6,9,3
20190512022,227,8,2,6
20190512023,237,1,5,4
20190512024,247,5,8,3
20190512025,257,2,9,7
20190512026,267,4,7,3
20190512027,277,6,9,3
20190512028,287,9,4,5
20190512029,297,9,3,6
20190512030,307,0,2,2
20190512031,317,8,8,0
20190512032,327,5,7,2
20190512033,337,1,2,1
20190512034,347,4,4,0
20190512035,357,9,4,5
20190512036,367,6,2,4
20190512037,377,1,0,1
20190512038,387,8,7,1
20190512039,397,6,1,5
20190512040,407,1,6,5
20190512041,417,7,5,2
20190512042,427,9,2,7
20190512043,437,6,8,2
20190512044,447,1,5,4
20190512045,457,8,4,4
20190512046,467,9,8,1
20190512047,477,7,1,6
20190512048,487,9,9,0
20190512049,497,5,5,0
20190512050,507,8,0,8
20190512051,517,4,9,5
20190512052,527,2,5,3
20190512053,537,6,8,2
20190512054,547,1,9,8
20190512055,557,9,8,1
20190512056,567,2,8,6
20190512057,577,8,7,1
20190512058,587,4,4,0
20190512059,597,8,6,2
20190512060,607,7,9,2
20190512061,617,2,9,7
20190512062,627,7,5,2
20190512063,637,1,7,6
20190512064,647,6,3,3
20190512065,657,1,3,2
20190512066,667,6,4,2
20190512067,677,8,0,8
20190512068,687,1,3,2
20190512069,697,0,6,6
20190512070,707,4,1,3
20190512071,717,8,3,5
20190512072,727,5,9,4
20190512073,737,2,0,2
20190512074,747,7,4,3
20190512075,757,4,9,5
20190512076,767,7,3,4
20190512077,777,0,3,3
20190512078,787,9,9,0
20190512079,797,2,1,1
20190512080,807,5,7,2
20190512081,817,7,4,3
20190512082,827,7,5,2
20190512083,837,7,7,0
20190512084,847,3,6,3
20190512085,857,5,8,3
20190512086,867,4,4,0
20190512087,877,5,6,1
20190512088,887,0,4,4
20190512089,897,3,3,0
20190512090,907,4,0,4
20190512091,917,9,6,3
20190512092,927,7,3,4
20190512093,937,7,8,1
20190512094,947,3,0,3
20190512095,957,2,8,6
20190512096,967,8,4,4
20190512097,977,9,8,1
20190512098,987,1,2,1
20190512099,997,7,4,3
20190512100,1007,5,2,3
20190512101,1017,9,9,0
20190512102,1027,8,5,3
20190512103,1037,0,4,4
20190512104,1047,5,2,3
20190512105,1057,7,6,1
20190512106,1067,3,4,1
20190512107,1077,8,5,3
20190512108,1087,8,2,6
20190512109,1097,2,7,5
20190512110,1107,9,0,9
20190512111,1117,9,0,9
20190512112,1127,2,9,7
20190512113,1137,0,1,1
20190512114,1147,0,6,6
20190512115,1157,8,2,6
20190512116,1167,1,3,2
20190512117,1177,8,6,2
20190512118,1187,8,2,6
20190512119,1197,6,1,5
20190512120,1207,0,4,4
20190512121,1217,8,7,1
20190512122,1227,6,9,3
20190512123,1237,2,4,2
20190512124,1247,3,9,6
20190512125,1257,3,6,3
20190512126,1267,9,1,8
20190512127,1277,0,8,8
20190512128,1287,8,4,4
20190512129,1297,2,5,3
20190512130,1307,3,5,2
20190512131,1317,7,5,2
20190512132,1327,1,4,3
20190512133,1337,0,4,4
20190512134,1347,4,5,1
20190512135,1357,7,4,3
20190512136,1367,1,8,7
20190512137,1377,2,5,3
20190512138,1387,6,6,0
20190512139,1397,8,9,1
20190512140,1407,5,8,3
20190512141,1417,8,7,1
20190512142,1427,0,4,4
20190512143,1437,0,2,2
20190512144,1447,8,1,7
20190512145,1457,2,9,7
20190512146,1467,6,8,2
20190512147,1477,3,3,0
20190512148,1487,1,4,3
20190512149,1497,1,2,1
20190512150,1507,8,3,5
20190512151,1517,6,3,3
20190512152,1527,4,1,3
20190512153,1537,7,9,2
20190512154,1547,7,6,1
20190512155,1557,2,0,2
20190512156,1567,5,2,3
20190512157,1577,4,8,4
20190512158,1587,4,3,1
20190512159,1597,8,7,1
20190512160,1607,3,6,3
20190512161,1617,6,2,4
20190512162,1627,1,1,0
20190512163,1637,0,1,1
20190512164,1647,8,9,1
20190512165,1657,0,7,7
20190512166,1667,5,0,5
20190512167,1677,6,4,2
20190512168,1687,5,1,4
20190512169,1697,5,0,5
20190512170,1707,9,5,4
20190512171,1717,0,5,5
20190512172,1727,7,4,3
20190512173,1737,1,0,1
20190512174,1747,1,2,1
20190512175,1757,5,1,4
20190512176,1767,7,5,2
20190512177,1777,8,2,6
20190512178,1787,1,1,0
20190512179,1797,3,9,6
20190512180,1807,2,2,0
20190512181,1817,6,2,4
20190512182,1827,9,0,9
20190512183,1837,4,3,1
20190512184,1847,3,0,3
20190512185,1857,4,6,2
20190512186,1867,9,0,9
20190512187,1877,6,8,2
20190512188,1887,3,3,0
20190512189,1897,5,5,0
20190512190,1907,0,5,5
20190512191,1917,5,4,1
20190512192,1927,2,9,7
20190512193,1937,3,7,4
20190512194,1947,3,8,5
20190512195,1957,7,4,3
20190512196,1967,0,2,2
20190512197,1977,0,9,9
20190512198,1987,4,3,1
20190512199,1997,9,8,1
20190512200,2007,1,7,6
20190512201,2017,5,1,4
20190512202,2027,9,5,4
20190512203,2037,1,0,1
20190512204,2047,2,7,5
20190512205,2057,8,6,2
20190512206,2067,0,0,0
20190512207,2077,3,8,5
20190512208,2087,5,4,1
20190512209,2097,1,6,5
20190512210,2107,6,9,3
20190512211,2117,0,0,0
20190512212,2127,1,1,0
20190512213,2137,0,5,5
20190512214,2147,8,3,5
20190512215,2157,1,9,8
20190512216,2167,3,8,5
20190512217,2177,5,4,1
20190512218,2187,5,5,0
20190512219,2197,2,7,5
20190512220,2207,7,7,0
20190512221,2217,4,9,5
20190512222,2227,0,2,2
20190512223,2237,2,8,6
20190512224,2247,9,3,6
20190512225,2257,3,6,3
20190512226,2267,4,1,3
20190512227,2277,1,7,6
20190512228,2287,0,7,7
20190512229,2297,5,9,4
20190512230,2307,6,1,5
20190512231,2317,3,4,1
20190512232,2327,9,7,2
20190512233,2337,7,5,2
20190512234,2347,5,2,3
20190512235,2357,3,0,3
20190512236,2367,9,3,6
20190512237,2377,4,0,4
20190512238,2387,8,4,4
20190512239,2397,2,6,4
20190512240,2407,9,8,1
20190512241,2417,0,7,7
20190512242,2427,6,5,1
20190512243,2437,7,1,6
20190512244,2447,0,9,9
20190512245,2457,6,6,0
20190512246,2467,0,8,8
20190512247,2477,9,6,3
20190512248,2487,2,2,0
20190512249,2497,8,1,7
20190512250,2507,0,0,0
20190512251,2517,0,8,8
20190512252,2527,3,5,2
20190512253,2537,2,5,3
20190512254,2547,4,9,5
20190512255,2557,2,4,2
20190512256,2567,4,5,1
20190512257,2577,1,4,3
20190512258,2587,1,9,8
20190512259,2597,1,6,5
20190512260,2607,2,3,1
20190512261,2617,7,0,7
20190512262,2627,1,2,1
20190512263,2637,3,6,3
20190512264,2647,2,6,4
20190512265,2657,9,2,7
20190512266,2667,4,8,4
20190512267,2677,3,8,5
20190512268,2687,5,6,1
20190512269,2697,9,1,8
20190512270,2707,0,9,9
20190512271,2717,6,2,4
20190512272,2727,4,0,4
20190512273,2737,7,5,2
20190512274,2747,6,7,1
20190512275,2757,2,4,2
20190512276,2767,4,5,1
20190512277,2777,8,7,1
20190512278,2787,6,8,2
20190512279,2797,0,4,4
20190512280,2807,2,1,1
20190512281,2817,4,1,3
20190512282,2827,4,2,2
20190512283,2837,0,9,9
20190512284,2847,3,5,2
20190512285,2857,6,1,5
20190512286,2867,5,8,3
20190512287,2877,6,9,3
20190512288,2887,7,3,4
20190513001,11,5,0,5
20190513002,21,7,7,0
20190513003,31,6,3,3
20190513004,41,8,3,5
20190513005,51,2,9,7
20190513006,61,7,0,7
20190513007,71,1,6,5
20190513008,81,1,1,0
20190513009,91,1,7,6
20190513010,101,5,2,3
20190513011,111,6,2,4
20190513012,121,0,9,9
20190513013,131,0,3,3
20190513014,141,0,2,2
20190513015,151,9,9,0
20190513016,161,0,5,5
20190513017,171,6,4,2
20190513018,181,7,1,6
20190513019,191,2,8,6
20190513020,201,3,7,4
20190513021,211,8,7,1
20190513022,221,7,9,2
20190513023,231,6,1,5
20190513024,241,3,0,3
20190513025,251,3,0,3
20190513026,261,8,0,8
20190513027,271,2,3,1
20190513028,281,4,3,1
20190513029,291,8,1,7
20190513030,301,2,0,2
20190513031,311,9,2,7
20190513032,321,1,5,4
20190513033,331,1,8,7
20190513034,341,6,1,5
20190513035,351,1,3,2
20190513036,361,7,2,5
20190513037,371,6,7,1
20190513038,381,8,4,4
20190513039,391,1,5,4
20190513040,401,2,7,5
20190513041,411,0,5,5
20190513042,421,1,8,7
20190513043,431,2,0,2
20190513044,441,5,2,3
20190513045,451,3,9,6
20190513046,461,0,0,0
20190513047,471,2,2,0
20190513048,481,5,9,4
20190513049,491,7,4,3
20190513050,501,8,4,4
20190513051,511,2,4,2
20190513052,521,8,4,4
20190513053,531,1,4,3
20190513054,541,7,2,5
20190513055,551,3,0,3
20190513056,561,0,2,2
20190513057,571,6,7,1
20190513058,581,2,4,2
20190513059,591,8,3,5
20190513060,601,6,9,3
20190513061,611,0,5,5
20190513062,621,4,9,5
20190513063,631,0,5,5
20190513064,641,6,9,3
20190513065,651,6,5,1
20190513066,661,5,1,4
20190513067,671,6,4,2
20190513068,681,4,6,2
20190513069,691,9,4,5
20190513070,701,7,4,3
20190513071,711,7,4,3
20190513072,721,8,9,1
20190513073,731,6,2,4
20190513074,741,7,1,6
20190513075,751,2,3,1
20190513076,761,9,5,4
20190513077,771,3,2,1
20190513078,781,1,0,1
20190513079,791,1,5,4
20190513080,801,3,9,6
20190513081,811,0,2,2
20190513082,821,4,3,1
20190513083,831,4,8,4
20190513084,841,8,7,1
20190513085,851,3,1,2
20190513086,861,0,6,6
20190513087,871,0,6,6
20190513088,881,8,5,3
20190513089,891,8,6,2
20190513090,901,7,4,3
20190513091,911,3,5,2
20190513092,921,0,1,1
20190513093,931,0,8,8
20190513094,941,9,1,8
20190513095,951,4,6,2
20190513096,961,5,5,0
20190513097,971,3,9,6
20190513098,981,0,3,3
20190513099,991,2,4,2
20190513100,1001,5,0,5
20190513101,1011,7,8,1
20190513102,1021,4,1,3
20190513103,1031,7,8,1
20190513104,1041,7,2,5
20190513105,1051,3,6,3
20190513106,1061,7,3,4
20190513107,1071,9,4,5
20190513108,1081,4,6,2
20190513109,1091,7,4,3
20190513110,1101,1,9,8
20190513111,1111,6,0,6
20190513112,1121,9,5,4
20190513113,1131,7,8,1
20190513114,1141,9,7,2
20190513115,1151,0,9,9
20190513116,1161,7,8,1
20190513117,1171,1,7,6
20190513118,1181,2,7,5
20190513119,1191,3,9,6
20190513120,1201,5,2,3
20190513121,1211,9,2,7
20190513122,1221,4,3,1
20190513123,1231,4,6,2
20190513124,1241,6,3,3
20190513125,1251,1,1,0
20190513126,1261,2,8,6
20190513127,1271,5,6,1
20190513128,1281,2,8,6
20190513129,1291,0,4,4
20190513130,1301,1,5,4
20190513131,1311,1,5,4
20190513132,1321,6,7,1
20190513133,1331,2,8,6
20190513134,1341,6,1,5
20190513135,1351,6,6,0
20190513136,1361,2,7,5
20190513137,1371,5,4,1
20190513138,1381,3,8,5
20190513139,1391,6,2,4
20190513140,1401,4,5,1
20190513141,1411,7,4,3
20190513142,1421,1,0,1
20190513143,1431,1,2,1
20190513144,1441,5,0,5
20190513145,1451,5,8,3
20190513146,1461,5,9,4
20190513147,1471,4,1,3
20190513148,1481,2,6,4
20190513149,1491,8,5,3
20190513150,1501,3,4,1
20190513151,1511,9,3,6
20190513152,1521,5,3,2
20190513153,1531,9,7,2
20190513154,1541,0,3,3
20190513155,1551,6,9,3
20190513156,1561,3,6,3
20190513157,1571,2,6,4
20190513158,1581,0,7,7
20190513159,1591,3,6,3
20190513160,1601,3,9,6
20190513161,1611,8,9,1
20190513162,1621,6,3,3
20190513163,1631,1,5,4
20190513164,1641,0,1,1
20190513165,1651,2,0,2
20190513166,1661,8,9,1
20190513167,1671,4,6,2
20190513168,1681,9,7,2
20190513169,1691,5,0,5
20190513170,1701,1,1,0
20190513171,1711,7,4,3
20190513172,1721,1,8,7
20190513173,1731,4,0,4
20190513174,1741,5,9,4
20190513175,1751,0,2,2
20190513176,1761,9,8,1
20190513177,1771,9,0,9
20190513178,1781,2,5,3
20190513179,1791,7,9,2
20190513180,1801,4,0,4
20190513181,1811,2,2,0
20190513182,1821,3,9,6
20190513183,1831,5,2,3
20190513184,1841,4,5,1
20190513185,1851,6,2,4
20190513186,1861,2,5,3
20190513187,1871,9,9,0
20190513188,1881,8,1,7
20190513189,1891,7,4,3
20190513190,1901,8,9,1
20190513191,1911,0,5,5
20190513192,1921,3,5,2
20190513193,1931,9,7,2
20190513194,1941,8,2,6
20190513195,1951,1,1,0
20190513196,1961,2,8,6
20190513197,1971,2,8,6
20190513198,1981,3,1,2
20190513199,1991,8,9,1
20190513200,2001,9,8,1
20190513201,2011,2,6,4
20190513202,2021,7,0,7
20190513203,2031,2,2,0
20190513204,2041,7,2,5
20190513205,2051,8,6,2
20190513206,2061,2,1,1
20190513207,2071,0,3,3
20190513208,2081,0,8,8
20190513209,2091,5,6,1
20190513210,2101,8,6,2
20190513211,2111,9,2,7
20190513212,2121,0,9,9
20190513213,2131,1,6,5
20190513214,2141,1,0,1
20190513215,2151,3,5,2
20190513216,2161,5,9,4
20190513217,2171,6,5,1
20190513218,2181,3,1,2
20190513219,2191,6,8,2
20190513220,2201,1,3,2
20190513221,2211,0,5,5
20190513222,2221,5,6,1
20190513223,2231,1,6,5
20190513224,2241,0,4,4
20190513225,2251,0,3,3
20190513226,2261,4,7,3
20190513227,2271,7,8,1
20190513228,2281,1,6,5
20190513229,2291,0,4,4
20190513230,2301,1,5,4
20190513231,2311,3,0,3
20190513232,2321,1,8,7
20190513233,2331,1,7,6
20190513234,2341,6,0,6
20190513235,2351,3,2,1
20190513236,2361,9,9,0
20190513237,2371,9,4,5
20190513238,2381,4,9,5
20190513239,2391,3,5,2
20190513240,2401,4,2,2
20190513241,2411,5,5,0
20190513242,2421,6,1,5
20190513243,2431,2,9,7
20190513244,2441,4,6,2
20190513245,2451,2,3,1
20190513246,2461,7,0,7
20190513247,2471,1,3,2
20190513248,2481,1,6,5
20190513249,2491,5,2,3
20190513250,2501,2,6,4
20190513251,2511,3,8,5
20190513252,2521,5,3,2
20190513253,2531,2,3,1
20190513254,2541,5,7,2
20190513255,2551,3,4,1
20190513256,2561,3,0,3
20190513257,2571,6,8,2
20190513258,2581,9,2,7
20190513259,2591,4,6,2
20190513260,2601,1,4,3
20190513261,2611,3,7,4
20190513262,2621,9,0,9
20190513263,2631,0,2,2
20190513264,2641,3,7,4
20190513265,2651,4,8,4
20190513266,2661,4,0,4
20190513267,2671,9,8,1
20190513268,2681,8,5,3
20190513269,2691,1,0,1
20190513270,2701,8,6,2
20190513271,2711,1,4,3
20190513272,2721,6,4,2
20190513273,2731,6,0,6
20190513274,2741,2,8,6
20190513275,2751,4,7,3
20190513276,2761,0,2,2
20190513277,2771,6,3,3
20190513278,2781,7,8,1
20190513279,2791,2,9,7
20190513280,2801,4,1,3
20190513281,2811,4,2,2
20190513282,2821,7,6,1
20190513283,2831,2,3,1
20190513284,2841,6,7,1
20190513285,2851,9,1,8
20190513286,2861,6,9,3
20190513287,2871,4,4,0
20190513288,2881,7,4,3
20190514001,12,9,1,8
20190514002,22,5,1,4
20190514003,32,1,9,8
20190514004,42,1,7,6
20190514005,52,1,9,8
20190514006,62,1,5,4
20190514007,72,7,0,7
20190514008,82,2,7,5
20190514009,92,7,8,1
20190514010,102,8,0,8
20190514011,112,9,4,5
20190514012,122,3,8,5
20190514013,132,5,8,3
20190514014,142,6,3,3
20190514015,152,1,3,2
20190514016,162,4,2,2
20190514017,172,0,8,8
20190514018,182,6,7,1
20190514019,192,7,6,1
20190514020,202,2,0,2
20190514021,212,3,5,2
20190514022,222,5,4,1
20190514023,232,4,4,0
20190514024,242,4,2,2
20190514025,252,0,5,5
20190514026,262,2,8,6
20190514027,272,4,7,3
20190514028,282,3,8,5
20190514029,292,9,9,0
20190514030,302,9,7,2
20190514031,312,6,3,3
20190514032,322,5,7,2
20190514033,332,2,7,5
20190514034,342,7,5,2
20190514035,352,0,9,9
20190514036,362,1,7,6
20190514037,372,6,3,3
20190514038,382,2,0,2
20190514039,392,4,5,1
20190514040,402,9,7,2
20190514041,412,1,5,4
20190514042,422,3,4,1
20190514043,432,9,6,3
20190514044,442,8,6,2
20190514045,452,7,3,4
20190514046,462,6,8,2
20190514047,472,6,3,3
20190514048,482,1,6,5
20190514049,492,4,6,2
20190514050,502,2,2,0
20190514051,512,2,0,2
20190514052,522,7,4,3
20190514053,532,8,9,1
20190514054,542,5,5,0
20190514055,552,2,2,0
20190514056,562,5,6,1
20190514057,572,5,2,3
20190514058,582,2,7,5
20190514059,592,6,9,3
20190514060,602,4,7,3
20190514061,612,3,4,1
20190514062,622,4,8,4
20190514063,632,2,4,2
20190514064,642,5,0,5
20190514065,652,0,0,0
20190514066,662,1,8,7
20190514067,672,0,3,3
20190514068,682,1,8,7
20190514069,692,6,1,5
20190514070,702,2,4,2
20190514071,712,9,9,0
20190514072,722,8,3,5
20190514073,732,6,7,1
20190514074,742,3,0,3
20190514075,752,6,9,3
20190514076,762,7,0,7
20190514077,772,7,7,0
20190514078,782,6,3,3
20190514079,792,4,5,1
20190514080,802,0,8,8
20190514081,812,4,4,0
20190514082,822,3,9,6
20190514083,832,0,9,9
20190514084,842,6,7,1
20190514085,852,2,6,4
20190514086,862,1,4,3
20190514087,872,6,3,3
20190514088,882,2,3,1
20190514089,892,2,3,1
20190514090,902,2,2,0
20190514091,912,2,7,5
20190514092,922,2,1,1
20190514093,932,1,7,6
20190514094,942,4,2,2
20190514095,952,3,5,2
20190514096,962,3,7,4
20190514097,972,1,0,1
20190514098,982,7,5,2
20190514099,992,7,8,1
20190514100,1002,3,7,4
20190514101,1012,2,9,7
20190514102,1022,6,5,1
20190514103,1032,9,0,9
20190514104,1042,7,0,7
20190514105,1052,6,0,6
20190514106,1062,8,2,6
20190514107,1072,3,8,5
20190514108,1082,8,5,3
20190514109,1092,6,9,3
20190514110,1102,7,0,7
20190514111,1112,0,3,3
20190514112,1122,9,5,4
20190514113,1132,1,1,0
20190514114,1142,9,9,0
20190514115,1152,0,8,8
20190514116,1162,0,8,8
20190514117,1172,7,0,7
20190514118,1182,6,6,0
20190514119,1192,6,1,5
20190514120,1202,6,3,3
20190514121,1212,2,6,4
20190514122,1222,9,3,6
20190514123,1232,9,3,6
20190514124,1242,6,5,1
20190514125,1252,7,5,2
20190514126,1262,9,0,9
20190514127,1272,4,7,3
20190514128,1282,6,0,6
20190514129,1292,9,6,3
20190514130,1302,9,4,5
20190514131,1312,6,6,0
20190514132,1322,0,4,4
20190514133,1332,1,2,1
20190514134,1342,0,4,4
20190514135,1352,4,3,1
20190514136,1362,6,4,2
20190514137,1372,9,2,7
20190514138,1382,3,0,3
20190514139,1392,2,8,6
20190514140,1402,4,6,2
20190514141,1412,3,7,4
20190514142,1422,9,4,5
20190514143,1432,0,1,1
20190514144,1442,6,2,4
20190514145,1452,1,7,6
20190514146,1462,2,0,2
20190514147,1472,2,0,2
20190514148,1482,3,5,2
20190514149,1492,8,4,4
20190514150,1502,2,6,4
20190514151,1512,7,4,3
20190514152,1522,7,9,2
20190514153,1532,6,3,3
20190514154,1542,0,5,5
20190514155,1552,8,1,7
20190514156,1562,3,2,1
20190514157,1572,0,8,8
20190514158,1582,8,6,2
20190514159,1592,1,3,2
20190514160,1602,3,3,0
20190514161,1612,9,1,8
20190514162,1622,8,0,8
20190514163,1632,2,5,3
20190514164,1642,2,9,7
20190514165,1652,4,4,0
20190514166,1662,4,5,1
20190514167,1672,1,2,1
20190514168,1682,6,4,2
20190514169,1692,5,9,4
20190514170,1702,2,5,3
20190514171,1712,4,7,3
20190514172,1722,1,7,6
20190514173,1732,3,3,0
20190514174,1742,8,7,1
20190514175,1752,8,7,1
20190514176,1762,9,9,0
20190514177,1772,0,9,9
20190514178,1782,1,8,7
20190514179,1792,2,1,1
20190514180,1802,6,8,2
20190514181,1812,6,8,2
20190514182,1822,4,6,2
20190514183,1832,9,4,5
20190514184,1842,8,4,4
20190514185,1852,5,9,4
20190514186,1862,9,4,5
20190514187,1872,2,0,2
20190514188,1882,9,2,7
20190514189,1892,5,5,0
20190514190,1902,7,9,2
20190514191,1912,2,6,4
20190514192,1922,0,9,9
20190514193,1932,4,5,1
20190514194,1942,3,4,1
20190514195,1952,1,3,2
20190514196,1962,3,9,6
20190514197,1972,8,5,3
20190514198,1982,4,0,4
20190514199,1992,2,1,1
20190514200,2002,6,0,6
20190514201,2012,5,6,1
20190514202,2022,1,8,7
20190514203,2032,4,5,1
20190514204,2042,8,7,1
20190514205,2052,2,7,5
20190514206,2062,4,5,1
20190514207,2072,2,3,1
20190514208,2082,1,8,7
20190514209,2092,0,8,8
20190514210,2102,4,2,2
20190514211,2112,9,1,8
20190514212,2122,9,6,3
20190514213,2132,3,8,5
20190514214,2142,9,8,1
20190514215,2152,1,0,1
20190514216,2162,6,8,2
20190514217,2172,3,7,4
20190514218,2182,6,4,2
20190514219,2192,9,1,8
20190514220,2202,5,5,0
20190514221,2212,0,5,5
20190514222,2222,4,7,3
20190514223,2232,7,6,1
20190514224,2242,8,0,8
20190514225,2252,2,0,2
20190514226,2262,4,8,4
20190514227,2272,3,9,6
20190514228,2282,1,6,5
20190514229,2292,8,4,4
20190514230,2302,9,7,2
20190514231,2312,8,2,6
20190514232,2322,2,9,7
20190514233,2332,9,1,8
20190514234,2342,0,0,0
20190514235,2352,1,2,1
20190514236,2362,8,7,1
20190514237,2372,3,2,1
20190514238,2382,7,7,0
20190514239,2392,5,9,4
20190514240,2402,1,7,6
20190514241,2412,6,3,3
20190514242,2422,4,7,3
20190514243,2432,5,0,5
20190514244,2442,2,4,2
20190514245,2452,4,8,4
20190514246,2462,3,5,2
20190514247,2472,2,1,1
20190514248,2482,5,2,3
20190514249,2492,0,0,0
20190514250,2502,7,7,0
20190514251,2512,8,8,0
20190514252,2522,8,8,0
20190514253,2532,7,6,1
20190514254,2542,2,2,0
20190514255,2552,9,1,8
20190514256,2562,3,2,1
20190514257,2572,2,9,7
20190514258,2582,5,7,2
20190514259,2592,1,7,6
20190514260,2602,0,9,9
20190514261,2612,9,0,9
20190514262,2622,7,3,4
20190514263,2632,2,8,6
20190514264,2642,7,2,5
20190514265,2652,0,3,3
20190514266,2662,7,0,7
20190514267,2672,4,2,2
20190514268,2682,4,4,0
20190514269,2692,8,5,3
20190514270,2702,7,5,2
20190514271,2712,7,1,6
20190514272,2722,0,4,4
20190514273,2732,7,9,2
20190514274,2742,6,9,3
20190514275,2752,0,7,7
20190514276,2762,8,8,0
20190514277,2772,5,1,4
20190514278,2782,5,3,2
20190514279,2792,7,2,5
20190514280,2802,6,4,2
20190514281,2812,1,7,6
20190514282,2822,0,3,3
20190514283,2832,4,5,1
20190514284,2842,1,1,0
20190514285,2852,3,7,4
20190514286,2862,4,9,5
20190514287,2872,1,8,7
20190514288,2882,0,8,8
20190515001,13,9,9,0
20190515002,23,0,8,8
20190515003,33,8,3,5
20190515004,43,4,9,5
20190515005,53,9,7,2
20190515006,63,0,0,0
20190515007,73,4,6,2
20190515008,83,7,0,7
20190515009,93,1,9,8
20190515010,103,0,0,0
20190515011,113,3,3,0
20190515012,123,0,0,0
20190515013,133,9,1,8
20190515014,143,8,7,1
20190515015,153,4,4,0
20190515016,163,0,5,5
20190515017,173,2,6,4
20190515018,183,5,9,4
20190515019,193,7,4,3
20190515020,203,7,3,4
20190515021,213,7,4,3
20190515022,223,1,7,6
20190515023,233,7,3,4
20190515024,243,6,6,0
20190515025,253,7,4,3
20190515026,263,4,4,0
20190515027,273,7,0,7
20190515028,283,0,2,2
20190515029,293,6,4,2
20190515030,303,4,8,4
20190515031,313,7,7,0
20190515032,323,5,7,2
20190515033,333,5,5,0
20190515034,343,5,1,4
20190515035,353,4,5,1
20190515036,363,0,4,4
20190515037,373,6,5,1
20190515038,383,8,6,2
20190515039,393,7,5,2
20190515040,403,0,7,7
20190515041,413,8,5,3
20190515042,423,8,3,5
20190515043,433,2,1,1
20190515044,443,1,8,7
20190515045,453,7,2,5
20190515046,463,1,9,8
20190515047,473,4,4,0
20190515048,483,2,9,7
20190515049,493,0,2,2
20190515050,503,1,4,3
20190515051,513,1,4,3
20190515052,523,9,0,9
20190515053,533,6,0,6
20190515054,543,0,4,4
20190515055,553,5,3,2
20190515056,563,0,1,1
20190515057,573,4,8,4
20190515058,583,8,5,3
20190515059,593,0,9,9
20190515060,603,2,4,2
20190515061,613,3,7,4
20190515062,623,0,4,4
20190515063,633,3,6,3
20190515064,643,0,4,4
20190515065,653,2,0,2
20190515066,663,8,6,2
20190515067,673,7,7,0
20190515068,683,9,2,7
20190515069,693,7,7,0
20190515070,703,1,7,6
20190515071,713,8,8,0
20190515072,723,7,5,2
20190515073,733,4,5,1
20190515074,743,3,2,1
20190515075,753,1,0,1
20190515076,763,4,8,4
20190515077,773,7,9,2
20190515078,783,7,0,7
20190515079,793,4,6,2
20190515080,803,8,1,7
20190515081,813,7,0,7
20190515082,823,5,4,1
20190515083,833,0,0,0
20190515084,843,4,8,4
20190515085,853,1,2,1
20190515086,863,9,6,3
20190515087,873,3,3,0
20190515088,883,8,4,4
20190515089,893,2,9,7
20190515090,903,2,0,2
20190515091,913,1,3,2
20190515092,923,5,7,2
20190515093,933,6,9,3
20190515094,943,7,7,0
20190515095,953,4,1,3
20190515096,963,5,5,0
20190515097,973,9,6,3
20190515098,983,4,8,4
20190515099,993,2,2,0
20190515100,1003,6,7,1
20190515101,1013,1,6,5
20190515102,1023,3,0,3
20190515103,1033,9,9,0
20190515104,1043,3,9,6
20190515105,1053,0,5,5
20190515106,1063,3,0,3
20190515107,1073,2,3,1
20190515108,1083,5,6,1
20190515109,1093,4,6,2
20190515110,1103,3,7,4
20190515111,1113,7,0,7
20190515112,1123,2,4,2
20190515113,1133,5,3,2
20190515114,1143,3,9,6
20190515115,1153,1,9,8
20190515116,1163,2,3,1
20190515117,1173,7,6,1
20190515118,1183,7,2,5
20190515119,1193,4,9,5
20190515120,1203,4,3,1
20190515121,1213,9,0,9
20190515122,1223,3,9,6
20190515123,1233,6,5,1
20190515124,1243,4,6,2
20190515125,1253,5,9,4
20190515126,1263,4,0,4
20190515127,1273,3,7,4
20190515128,1283,0,9,9
20190515129,1293,0,3,3
20190515130,1303,0,1,1
20190515131,1313,3,7,4
20190515132,1323,9,3,6
20190515133,1333,7,4,3
20190515134,1343,5,5,0
20190515135,1353,5,1,4
20190515136,1363,9,7,2
20190515137,1373,0,7,7
20190515138,1383,0,2,2
20190515139,1393,5,2,3
20190515140,1403,8,7,1
20190515141,1413,5,8,3
20190515142,1423,7,5,2
20190515143,1433,2,5,3
20190515144,1443,4,8,4
20190515145,1453,4,3,1
20190515146,1463,5,4,1
20190515147,1473,4,0,4
20190515148,1483,7,3,4
20190515149,1493,4,2,2
20190515150,1503,3,5,2
20190515151,1513,2,4,2
20190515152,1523,1,0,1
20190515153,1533,4,3,1
20190515154,1543,2,7,5
20190515155,1553,1,7,6
20190515156,1563,9,8,1
20190515157,1573,9,2,7
20190515158,1583,6,5,1
20190515159,1593,0,3,3
20190515160,1603,2,7,5
20190515161,1613,4,1,3
20190515162,1623,6,1,5
20190515163,1633,2,4,2
20190515164,1643,6,7,1
20190515165,1653,5,6,1
20190515166,1663,6,8,2
20190515167,1673,5,0,5
20190515168,1683,8,9,1
20190515169,1693,3,5,2
20190515170,1703,7,2,5
20190515171,1713,4,6,2
20190515172,1723,7,9,2
20190515173,1733,5,5,0
20190515174,1743,2,9,7
20190515175,1753,3,5,2
20190515176,1763,9,9,0
20190515177,1773,9,2,7
20190515178,1783,7,6,1
20190515179,1793,0,2,2
20190515180,1803,9,5,4
20190515181,1813,7,9,2
20190515182,1823,1,1,0
20190515183,1833,7,5,2
20190515184,1843,1,2,1
20190515185,1853,6,7,1
20190515186,1863,6,6,0
20190515187,1873,5,0,5
20190515188,1883,6,5,1
20190515189,1893,4,8,4
20190515190,1903,6,3,3
20190515191,1913,3,2,1
20190515192,1923,1,4,3
20190515193,1933,4,0,4
20190515194,1943,2,4,2
20190515195,1953,3,2,1
20190515196,1963,4,9,5
20190515197,1973,9,9,0
20190515198,1983,5,2,3
20190515199,1993,3,3,0
20190515200,2003,4,1,3
20190515201,2013,1,0,1
20190515202,2023,6,1,5
20190515203,2033,3,6,3
20190515204,2043,4,0,4
20190515205,2053,6,1,5
20190515206,2063,8,8,0
20190515207,2073,2,6,4
20190515208,2083,6,9,3
20190515209,2093,7,3,4
20190515210,2103,5,0,5
20190515211,2113,8,3,5
20190515212,2123,7,3,4
20190515213,2133,9,4,5
20190515214,2143,1,5,4
20190515215,2153,2,4,2
20190515216,2163,7,3,4
20190515217,2173,7,0,7
20190515218,2183,5,4,1
20190515219,2193,8,0,8
20190515220,2203,4,0,4
20190515221,2213,9,7,2
20190515222,2223,5,1,4
20190515223,2233,6,2,4
20190515224,2243,0,6,6
20190515225,2253,5,0,5
20190515226,2263,8,8,0
20190515227,2273,6,4,2
20190515228,2283,6,0,6
20190515229,2293,9,8,1
20190515230,2303,1,3,2
20190515231,2313,8,0,8
20190515232,2323,2,7,5
20190515233,2333,7,8,1
20190515234,2343,7,2,5
20190515235,2353,2,9,7
20190515236,2363,7,3,4
20190515237,2373,1,9,8
20190515238,2383,7,7,0
20190515239,2393,7,5,2
20190515240,2403,5,2,3
20190515241,2413,2,2,0
20190515242,2423,8,0,8
20190515243,2433,0,9,9
20190515244,2443,5,6,1
20190515245,2453,4,6,2
20190515246,2463,1,3,2
20190515247,2473,8,0,8
20190515248,2483,8,2,6
20190515249,2493,1,0,1
20190515250,2503,7,0,7
20190515251,2513,6,9,3
20190515252,2523,5,3,2
20190515253,2533,9,5,4
20190515254,2543,7,1,6
20190515255,2553,0,4,4
20190515256,2563,4,2,2
20190515257,2573,3,2,1
20190515258,2583,2,0,2
20190515259,2593,4,2,2
20190515260,2603,1,8,7
20190515261,2613,9,4,5
20190515262,2623,6,2,4
20190515263,2633,2,8,6
20190515264,2643,7,1,6
20190515265,2653,6,6,0
20190515266,2663,8,3,5
20190515267,2673,4,4,0
20190515268,2683,4,0,4
20190515269,2693,4,2,2
20190515270,2703,4,6,2
20190515271,2713,4,0,4
20190515272,2723,7,1,6
20190515273,2733,8,1,7
20190515274,2743,6,8,2
20190515275,2753,2,6,4
20190515276,2763,6,7,1
20190515277,2773,9,2,7
20190515278,2783,2,9,7
20190515279,2793,3,2,1
20190515280,2803,9,0,9
20190515281,2813,9,7,2
20190515282,2823,7,0,7
20190515283,2833,5,1,4
20190515284,2843,8,5,3
20190515285,2853,2,0,2
20190515286,2863,4,9,5
20190515287,2873,8,5,3
20190515288,2883,2,7,5
20190516001,14,0,3,3
20190516002,24,1,6,5
20190516003,34,7,1,6
20190516004,44,1,0,1
20190516005,54,2,6,4
20190516006,64,9,6,3
20190516007,74,5,4,1
20190516008,84,5,9,4
20190516009,94,2,2,0
20190516010,104,9,0,9
20190516011,114,2,1,1
20190516012,124,9,4,5
20190516013,134,6,8,2
20190516014,144,4,2,2
20190516015,154,7,1,6
20190516016,164,4,6,2
20190516017,174,6,2,4
20190516018,184,6,0,6
20190516019,194,4,8,4
20190516020,204,8,4,4
20190516021,214,3,0,3
20190516022,224,6,1,5
20190516023,234,2,1,1
20190516024,244,6,3,3
20190516025,254,7,1,6
20190516026,264,3,3,0
20190516027,274,1,7,6
20190516028,284,8,3,5
20190516029,294,4,4,0
20190516030,304,5,1,4
20190516031,314,8,4,4
20190516032,324,6,7,1
20190516033,334,4,0,4
20190516034,344,4,1,3
20190516035,354,9,3,6
20190516036,364,4,0,4
20190516037,374,3,9,6
20190516038,384,3,2,1
20190516039,394,7,5,2
20190516040,404,9,8,1
20190516041,414,3,2,1
20190516042,424,9,7,2
20190516043,434,3,4,1
20190516044,444,4,2,2
20190516045,454,6,1,5
20190516046,464,4,0,4
20190516047,474,8,0,8
20190516048,484,5,7,2
20190516049,494,0,9,9
20190516050,504,0,6,6
20190516051,514,2,2,0
20190516052,524,1,3,2
20190516053,534,1,3,2
20190516054,544,5,9,4
20190516055,554,0,9,9
20190516056,564,5,0,5
20190516057,574,6,9,3
20190516058,584,1,3,2
20190516059,594,4,9,5
20190516060,604,0,4,4
20190516061,614,6,8,2
20190516062,624,1,0,1
20190516063,634,4,8,4
20190516064,644,1,3,2
20190516065,654,0,6,6
20190516066,664,8,3,5
20190516067,674,3,6,3
20190516068,684,0,8,8
20190516069,694,3,2,1
20190516070,704,9,1,8
20190516071,714,2,0,2
20190516072,724,2,4,2
20190516073,734,0,8,8
20190516074,744,5,4,1
20190516075,754,4,0,4
20190516076,764,8,8,0
20190516077,774,6,0,6
20190516078,784,5,1,4
20190516079,794,8,3,5
20190516080,804,1,0,1
20190516081,814,8,5,3
20190516082,824,7,6,1
20190516083,834,6,4,2
20190516084,844,0,4,4
20190516085,854,6,4,2
20190516086,864,6,4,2
20190516087,874,9,6,3
20190516088,884,5,4,1
20190516089,894,7,0,7
20190516090,904,5,0,5
20190516091,914,0,3,3
20190516092,924,0,8,8
20190516093,934,8,6,2
20190516094,944,6,3,3
20190516095,954,4,8,4
20190516096,964,8,9,1
20190516097,974,3,1,2
20190516098,984,2,8,6
20190516099,994,9,9,0
20190516100,1004,8,1,7
20190516101,1014,8,7,1
20190516102,1024,3,1,2
20190516103,1034,0,2,2
20190516104,1044,3,4,1
20190516105,1054,0,6,6
20190516106,1064,1,3,2
20190516107,1074,7,0,7
20190516108,1084,6,9,3
20190516109,1094,1,7,6
20190516110,1104,4,0,4
20190516111,1114,0,5,5
20190516112,1124,3,9,6
20190516113,1134,4,0,4
20190516114,1144,8,8,0
20190516115,1154,7,6,1
20190516116,1164,0,6,6
20190516117,1174,2,3,1
20190516118,1184,8,8,0
20190516119,1194,0,7,7
20190516120,1204,4,4,0
20190516121,1214,7,5,2
20190516122,1224,1,5,4
20190516123,1234,0,6,6
20190516124,1244,6,0,6
20190516125,1254,9,4,5
20190516126,1264,5,9,4
20190516127,1274,9,8,1
20190516128,1284,9,3,6
20190516129,1294,8,6,2
20190516130,1304,4,7,3
20190516131,1314,6,1,5
20190516132,1324,9,8,1
20190516133,1334,6,4,2
20190516134,1344,4,7,3
20190516135,1354,6,0,6
20190516136,1364,0,4,4
20190516137,1374,7,1,6
20190516138,1384,1,5,4
20190516139,1394,2,6,4
20190516140,1404,2,3,1
20190516141,1414,7,1,6
20190516142,1424,5,7,2
20190516143,1434,6,9,3
20190516144,1444,9,4,5
20190516145,1454,9,9,0
20190516146,1464,4,5,1
20190516147,1474,1,6,5
20190516148,1484,5,0,5
20190516149,1494,1,8,7
20190516150,1504,7,4,3
20190516151,1514,5,4,1
20190516152,1524,2,7,5
20190516153,1534,0,2,2
20190516154,1544,2,5,3
20190516155,1554,9,7,2
20190516156,1564,9,8,1
20190516157,1574,2,2,0
20190516158,1584,5,2,3
20190516159,1594,4,2,2
20190516160,1604,2,2,0
20190516161,1614,9,2,7
20190516162,1624,1,0,1
20190516163,1634,9,9,0
20190516164,1644,6,6,0
20190516165,1654,3,9,6
20190516166,1664,1,2,1
20190516167,1674,3,8,5
20190516168,1684,0,7,7
20190516169,1694,6,5,1
20190516170,1704,4,3,1
20190516171,1714,5,1,4
20190516172,1724,0,5,5
20190516173,1734,9,5,4
20190516174,1744,3,2,1
20190516175,1754,9,0,9
20190516176,1764,0,2,2
20190516177,1774,0,4,4
20190516178,1784,0,5,5
20190516179,1794,7,2,5
20190516180,1804,5,3,2
20190516181,1814,4,5,1
20190516182,1824,9,3,6
20190516183,1834,4,1,3
20190516184,1844,2,2,0
20190516185,1854,5,1,4
20190516186,1864,8,9,1
20190516187,1874,7,1,6
20190516188,1884,9,6,3
20190516189,1894,7,4,3
20190516190,1904,7,0,7
20190516191,1914,5,3,2
20190516192,1924,9,7,2
20190516193,1934,8,5,3
20190516194,1944,0,3,3
20190516195,1954,3,6,3
20190516196,1964,3,9,6
20190516197,1974,1,6,5
20190516198,1984,9,8,1
20190516199,1994,3,7,4
20190516200,2004,0,9,9
20190516201,2014,1,8,7
20190516202,2024,0,0,0
20190516203,2034,7,9,2
20190516204,2044,4,0,4
20190516205,2054,4,8,4
20190516206,2064,4,6,2
20190516207,2074,9,9,0
20190516208,2084,5,3,2
20190516209,2094,1,1,0
20190516210,2104,7,1,6
20190516211,2114,9,2,7
20190516212,2124,3,3,0
20190516213,2134,5,1,4
20190516214,2144,1,4,3
20190516215,2154,9,4,5
20190516216,2164,4,5,1
20190516217,2174,1,0,1
20190516218,2184,4,8,4
20190516219,2194,1,9,8
20190516220,2204,9,1,8
20190516221,2214,9,0,9
20190516222,2224,2,7,5
20190516223,2234,4,9,5
20190516224,2244,5,4,1
20190516225,2254,4,4,0
20190516226,2264,0,9,9
20190516227,2274,3,7,4
20190516228,2284,5,0,5
20190516229,2294,4,8,4
20190516230,2304,9,8,1
20190516231,2314,1,2,1
20190516232,2324,0,8,8
20190516233,2334,2,5,3
20190516234,2344,0,1,1
20190516235,2354,8,7,1
20190516236,2364,3,3,0
20190516237,2374,1,8,7
20190516238,2384,3,4,1
20190516239,2394,8,5,3
20190516240,2404,0,6,6
20190516241,2414,8,3,5
20190516242,2424,7,9,2
20190516243,2434,2,3,1
20190516244,2444,1,3,2
20190516245,2454,8,7,1
20190516246,2464,8,4,4
20190516247,2474,4,7,3
20190516248,2484,8,5,3
20190516249,2494,3,6,3
20190516250,2504,4,7,3
20190516251,2514,0,7,7
20190516252,2524,1,5,4
20190516253,2534,5,8,3
20190516254,2544,2,8,6
20190516255,2554,5,9,4
20190516256,2564,9,5,4
20190516257,2574,0,3,3
20190516258,2584,9,8,1
20190516259,2594,9,1,8
20190516260,2604,6,0,6
20190516261,2614,0,9,9
20190516262,2624,8,2,6
20190516263,2634,2,4,2
20190516264,2644,5,8,3
20190516265,2654,9,4,5
20190516266,2664,6,7,1
20190516267,2674,7,5,2
20190516268,2684,8,6,2
20190516269,2694,1,3,2
20190516270,2704,2,0,2
20190516271,2714,5,8,3
20190516272,2724,8,1,7
20190516273,2734,2,1,1
20190516274,2744,0,3,3
20190516275,2754,8,6,2
20190516276,2764,8,0,8
20190516277,2774,9,4,5
20190516278,2784,1,6,5
20190516279,2794,5,7,2
20190516280,2804,5,5,0
20190516281,2814,8,7,1
20190516282,2824,7,5,2
20190516283,2834,2,6,4
20190516284,2844,1,4,3
20190516285,2854,9,1,8
20190516286,2864,8,4,4
20190516287,2874,3,6,3
20190516288,2884,4,7,3
20190517001,15,1,5,4
20190517002,25,8,8,0
20190517003,35,5,3,2
20190517004,45,8,9,1
20190517005,55,0,4,4
20190517006,65,9,4,5
20190517007,75,8,0,8
20190517008,85,9,1,8
20190517009,95,1,5,4
20190517010,105,0,2,2
20190517011,115,5,7,2
20190517012,125,9,8,1
20190517013,135,1,6,5
20190517014,145,0,2,2
20190517015,155,7,6,1
20190517016,165,2,3,1
20190517017,175,0,5,5
20190517018,185,0,6,6
20190517019,195,1,3,2
20190517020,205,0,9,9
20190517021,215,3,5,2
20190517022,225,1,6,5
20190517023,235,9,3,6
20190517024,245,3,6,3
20190517025,255,2,9,7
20190517026,265,6,9,3
20190517027,275,0,6,6
20190517028,285,8,6,2
20190517029,295,4,8,4
20190517030,305,7,5,2
20190517031,315,1,6,5
20190517032,325,1,5,4
20190517033,335,9,9,0
20190517034,345,6,8,2
20190517035,355,3,7,4
20190517036,365,1,6,5
20190517037,375,2,7,5
20190517038,385,7,0,7
20190517039,395,9,2,7
20190517040,405,8,0,8
20190517041,415,8,5,3
20190517042,425,6,0,6
20190517043,435,2,5,3
20190517044,445,6,8,2
20190517045,455,3,7,4
20190517046,465,1,7,6
20190517047,475,9,8,1
20190517048,485,9,6,3
20190517049,495,2,8,6
20190517050,505,1,6,5
20190517051,515,5,8,3
20190517052,525,9,2,7
20190517053,535,1,8,7
20190517054,545,5,9,4
20190517055,555,8,8,0
20190517056,565,5,8,3
20190517057,575,1,9,8
20190517058,585,4,7,3
20190517059,595,5,9,4
20190517060,605,0,8,8
20190517061,615,0,7,7
20190517062,625,5,9,4
20190517063,635,5,1,4
20190517064,645,4,3,1
20190517065,655,1,8,7
20190517066,665,6,2,4
20190517067,675,3,0,3
20190517068,685,0,5,5
20190517069,695,7,7,0
20190517070,705,4,1,3
20190517071,715,1,7,6
20190517072,725,9,1,8
20190517073,735,4,8,4
20190517074,745,5,3,2
20190517075,755,4,6,2
20190517076,765,0,7,7
20190517077,775,1,3,2
20190517078,785,9,1,8
20190517079,795,2,8,6
20190517080,805,7,2,5
20190517081,815,8,3,5
20190517082,825,4,0,4
20190517083,835,3,9,6
20190517084,845,8,3,5
20190517085,855,4,3,1
20190517086,865,5,9,4
20190517087,875,3,7,4
20190517088,885,3,5,2
20190517089,895,7,7,0
20190517090,905,3,9,6
20190517091,915,0,7,7
20190517092,925,3,4,1
20190517093,935,7,5,2
20190517094,945,8,3,5
20190517095,955,3,2,1
20190517096,965,5,3,2
20190517097,975,9,0,9
20190517098,985,5,8,3
20190517099,995,6,8,2
20190517100,1005,1,5,4
20190517101,1015,5,1,4
20190517102,1025,8,3,5
20190517103,1035,0,3,3
20190517104,1045,7,7,0
20190517105,1055,8,0,8
20190517106,1065,6,2,4
20190517107,1075,2,1,1
20190517108,1085,2,8,6
20190517109,1095,1,5,4
20190517110,1105,2,1,1
20190517111,1115,1,2,1
20190517112,1125,0,6,6
20190517113,1135,8,0,8
20190517114,1145,7,0,7
20190517115,1155,9,2,7
20190517116,1165,6,9,3
20190517117,1175,0,2,2
20190517118,1185,7,8,1
20190517119,1195,8,4,4
20190517120,1205,1,6,5
20190517121,1215,7,7,0
20190517122,1225,6,3,3
20190517123,1235,9,5,4
20190517124,1245,7,6,1
20190517125,1255,1,0,1
20190517126,1265,1,8,7
20190517127,1275,4,1,3
20190517128,1285,8,4,4
20190517129,1295,8,3,5
20190517130,1305,1,1,0
20190517131,1315,0,2,2
20190517132,1325,7,0,7
20190517133,1335,8,4,4
20190517134,1345,1,9,8
20190517135,1355,2,0,2
20190517136,1365,8,6,2
20190517137,1375,5,5,0
20190517138,1385,8,5,3
20190517139,1395,6,8,2
20190517140,1405,3,2,1
20190517141,1415,7,9,2
20190517142,1425,1,8,7
20190517143,1435,6,8,2
20190517144,1445,8,6,2
20190517145,1455,6,8,2
20190517146,1465,7,0,7
20190517147,1475,7,5,2
20190517148,1485,9,5,4
20190517149,1495,8,9,1
20190517150,1505,1,6,5
20190517151,1515,6,1,5
20190517152,1525,2,6,4
20190517153,1535,9,7,2
20190517154,1545,2,9,7
20190517155,1555,7,3,4
20190517156,1565,0,3,3
20190517157,1575,3,3,0
20190517158,1585,9,5,4
20190517159,1595,0,9,9
20190517160,1605,6,8,2
20190517161,1615,7,3,4
20190517162,1625,2,6,4
20190517163,1635,7,7,0
20190517164,1645,0,1,1
20190517165,1655,6,9,3
20190517166,1665,8,4,4
20190517167,1675,5,8,3
20190517168,1685,3,4,1
20190517169,1695,1,7,6
20190517170,1705,0,2,2
20190517171,1715,5,2,3
20190517172,1725,4,4,0
20190517173,1735,6,8,2
20190517174,1745,2,5,3
20190517175,1755,0,3,3
20190517176,1765,8,7,1
20190517177,1775,7,0,7
20190517178,1785,7,9,2
20190517179,1795,9,9,0
20190517180,1805,8,5,3
20190517181,1815,3,3,0
20190517182,1825,5,5,0
20190517183,1835,2,9,7
20190517184,1845,2,5,3
20190517185,1855,1,5,4
20190517186,1865,9,3,6
20190517187,1875,7,0,7
20190517188,1885,6,2,4
20190517189,1895,7,8,1
20190517190,1905,0,1,1
20190517191,1915,6,1,5
20190517192,1925,1,1,0
20190517193,1935,0,5,5
20190517194,1945,1,3,2
20190517195,1955,9,5,4
20190517196,1965,0,4,4
20190517197,1975,5,4,1
20190517198,1985,0,7,7
20190517199,1995,5,9,4
20190517200,2005,3,7,4
20190517201,2015,8,7,1
20190517202,2025,1,4,3
20190517203,2035,0,6,6
20190517204,2045,8,0,8
20190517205,2055,7,3,4
20190517206,2065,8,3,5
20190517207,2075,2,7,5
20190517208,2085,8,8,0
20190517209,2095,1,5,4
20190517210,2105,2,2,0
20190517211,2115,0,2,2
20190517212,2125,0,7,7
20190517213,2135,6,3,3
20190517214,2145,6,6,0
20190517215,2155,5,2,3
20190517216,2165,4,9,5
20190517217,2175,5,7,2
20190517218,2185,0,4,4
20190517219,2195,9,0,9
20190517220,2205,9,4,5
20190517221,2215,3,5,2
20190517222,2225,7,1,6
20190517223,2235,6,6,0
20190517224,2245,3,4,1
20190517225,2255,6,3,3
20190517226,2265,7,7,0
20190517227,2275,7,5,2
20190517228,2285,5,5,0
20190517229,2295,5,9,4
20190517230,2305,1,6,5
20190517231,2315,9,1,8
20190517232,2325,2,2,0
20190517233,2335,1,4,3
20190517234,2345,9,5,4
20190517235,2355,2,7,5
20190517236,2365,0,9,9
20190517237,2375,9,3,6
20190517238,2385,2,6,4
20190517239,2395,9,4,5
20190517240,2405,1,3,2
20190517241,2415,4,4,0
20190517242,2425,0,4,4
20190517243,2435,1,2,1
20190517244,2445,9,2,7
20190517245,2455,0,9,9
20190517246,2465,8,0,8
20190517247,2475,3,0,3
20190517248,2485,1,4,3
20190517249,2495,1,0,1
20190517250,2505,1,4,3
20190517251,2515,7,1,6
20190517252,2525,1,2,1
20190517253,2535,7,7,0
20190517254,2545,1,1,0
20190517255,2555,0,7,7
20190517256,2565,3,4,1
20190517257,2575,4,4,0
20190517258,2585,8,0,8
20190517259,2595,4,3,1
20190517260,2605,3,5,2
20190517261,2615,2,8,6
20190517262,2625,3,9,6
20190517263,2635,8,9,1
20190517264,2645,4,0,4
20190517265,2655,5,7,2
20190517266,2665,3,5,2
20190517267,2675,1,6,5
20190517268,2685,4,4,0
20190517269,2695,7,5,2
20190517270,2705,2,9,7
20190517271,2715,1,2,1
20190517272,2725,3,5,2
20190517273,2735,8,3,5
20190517274,2745,2,2,0
20190517275,2755,8,2,6
20190517276,2765,6,9,3
20190517277,2775,5,7,2
20190517278,2785,8,5,3
20190517279,2795,2,8,6
20190517280,2805,2,8,6
20190517281,2815,1,3,2
20190517282,2825,8,5,3
20190517283,2835,7,1,6
20190517284,2845,9,9,0
20190517285,2855,8,0,8
20190517286,2865,4,2,2
20190517287,2875,5,3,2
20190517288,2885,4,1,3
20190518001,16,5,9,4
20190518002,26,6,3,3
20190518003,36,0,9,9
20190518004,46,3,7,4
20190518005,56,4,2,2
20190518006,66,9,6,3
20190518007,76,0,7,7
20190518008,86,9,8,1
20190518009,96,0,3,3
20190518010,106,6,6,0
20190518011,116,4,5,1
20190518012,126,4,4,0
20190518013,136,6,6,0
20190518014,146,1,1,0
20190518015,156,0,1,1
20190518016,166,6,5,1
20190518017,176,8,4,4
20190518018,186,9,2,7
20190518019,196,7,5,2
20190518020,206,6,4,2
20190518021,216,1,1,0
20190518022,226,3,3,0
20190518023,236,0,2,2
20190518024,246,7,2,5
20190518025,256,6,6,0
20190518026,266,6,6,0
20190518027,276,2,8,6
20190518028,286,9,6,3
20190518029,296,3,8,5
20190518030,306,7,0,7
20190518031,316,2,6,4
20190518032,326,5,3,2
20190518033,336,4,2,2
20190518034,346,7,2,5
20190518035,356,8,5,3
20190518036,366,7,9,2
20190518037,376,1,2,1
20190518038,386,6,7,1
20190518039,396,5,4,1
20190518040,406,3,9,6
20190518041,416,0,1,1
20190518042,426,3,9,6
20190518043,436,1,4,3
20190518044,446,8,3,5
20190518045,456,5,7,2
20190518046,466,1,8,7
20190518047,476,6,7,1
20190518048,486,1,8,7
20190518049,496,8,6,2
20190518050,506,6,1,5
20190518051,516,5,7,2
20190518052,526,9,9,0
20190518053,536,4,0,4
20190518054,546,8,4,4
20190518055,556,2,3,1
20190518056,566,7,7,0
20190518057,576,5,3,2
20190518058,586,0,6,6
20190518059,596,4,3,1
20190518060,606,9,1,8
20190518061,616,5,1,4
20190518062,626,0,4,4
20190518063,636,9,2,7
20190518064,646,4,3,1
20190518065,656,9,3,6
20190518066,666,2,5,3
20190518067,676,5,3,2
20190518068,686,1,3,2
20190518069,696,5,3,2
20190518070,706,1,5,4
20190518071,716,7,0,7
20190518072,726,9,9,0
20190518073,736,0,2,2
20190518074,746,3,1,2
20190518075,756,5,2,3
20190518076,766,2,5,3
20190518077,776,8,3,5
20190518078,786,4,6,2
20190518079,796,8,8,0
20190518080,806,4,3,1
20190518081,816,8,5,3
20190518082,826,6,9,3
20190518083,836,8,5,3
20190518084,846,2,3,1
20190518085,856,6,8,2
20190518086,866,8,3,5
20190518087,876,3,3,0
20190518088,886,7,9,2
20190518089,896,8,0,8
20190518090,906,9,8,1
20190518091,916,7,1,6
20190518092,926,3,6,3
20190518093,936,7,4,3
20190518094,946,0,7,7
20190518095,956,7,4,3
20190518096,966,3,2,1
20190518097,976,9,6,3
20190518098,986,9,7,2
20190518099,996,7,2,5
20190518100,1006,3,2,1
20190518101,1016,4,7,3
20190518102,1026,8,4,4
20190518103,1036,8,8,0
20190518104,1046,1,2,1
20190518105,1056,8,2,6
20190518106,1066,8,4,4
20190518107,1076,3,0,3
20190518108,1086,8,9,1
20190518109,1096,7,8,1
20190518110,1106,9,6,3
20190518111,1116,5,3,2
20190518112,1126,3,3,0
20190518113,1136,9,7,2
20190518114,1146,0,8,8
20190518115,1156,5,2,3
20190518116,1166,8,1,7
20190518117,1176,7,8,1
20190518118,1186,3,6,3
20190518119,1196,3,5,2
20190518120,1206,5,9,4
20190518121,1216,2,1,1
20190518122,1226,3,8,5
20190518123,1236,3,4,1
20190518124,1246,6,2,4
20190518125,1256,4,5,1
20190518126,1266,1,2,1
20190518127,1276,8,5,3
20190518128,1286,2,1,1
20190518129,1296,3,8,5
20190518130,1306,7,5,2
20190518131,1316,2,8,6
20190518132,1326,7,8,1
20190518133,1336,2,1,1
20190518134,1346,7,9,2
20190518135,1356,7,5,2
20190518136,1366,3,6,3
20190518137,1376,9,8,1
20190518138,1386,5,7,2
20190518139,1396,2,8,6
20190518140,1406,9,0,9
20190518141,1416,3,8,5
20190518142,1426,7,4,3
20190518143,1436,9,6,3
20190518144,1446,2,0,2
20190518145,1456,0,2,2
20190518146,1466,2,5,3
20190518147,1476,1,9,8
20190518148,1486,0,5,5
20190518149,1496,4,9,5
20190518150,1506,2,0,2
20190518151,1516,6,9,3
20190518152,1526,7,2,5
20190518153,1536,7,1,6
20190518154,1546,1,8,7
20190518155,1556,8,6,2
20190518156,1566,8,9,1
20190518157,1576,5,0,5
20190518158,1586,6,5,1
20190518159,1596,4,5,1
20190518160,1606,4,1,3
20190518161,1616,2,4,2
20190518162,1626,2,6,4
20190518163,1636,1,6,5
20190518164,1646,2,0,2
20190518165,1656,3,3,0
20190518166,1666,3,7,4
20190518167,1676,6,7,1
20190518168,1686,6,3,3
20190518169,1696,1,3,2
20190518170,1706,1,9,8
20190518171,1716,2,2,0
20190518172,1726,1,7,6
20190518173,1736,3,3,0
20190518174,1746,8,0,8
20190518175,1756,6,1,5
20190518176,1766,7,8,1
20190518177,1776,4,9,5
20190518178,1786,3,3,0
20190518179,1796,2,1,1
20190518180,1806,5,5,0
20190518181,1816,0,0,0
20190518182,1826,2,0,2
20190518183,1836,0,5,5
20190518184,1846,6,7,1
20190518185,1856,7,1,6
20190518186,1866,8,0,8
20190518187,1876,7,9,2
20190518188,1886,6,5,1
20190518189,1896,7,6,1
20190518190,1906,4,3,1
20190518191,1916,7,9,2
20190518192,1926,5,6,1
20190518193,1936,5,0,5
20190518194,1946,3,6,3
20190518195,1956,5,2,3
20190518196,1966,1,8,7
20190518197,1976,2,9,7
20190518198,1986,5,0,5
20190518199,1996,4,9,5
20190518200,2006,0,7,7
20190518201,2016,2,5,3
20190518202,2026,7,6,1
20190518203,2036,5,8,3
20190518204,2046,6,6,0
20190518205,2056,6,5,1
20190518206,2066,8,8,0
20190518207,2076,9,3,6
20190518208,2086,6,5,1
20190518209,2096,7,6,1
20190518210,2106,7,2,5
20190518211,2116,1,3,2
20190518212,2126,3,0,3
20190518213,2136,3,9,6
20190518214,2146,5,9,4
20190518215,2156,9,5,4
20190518216,2166,1,4,3
20190518217,2176,9,1,8
20190518218,2186,9,4,5
20190518219,2196,7,7,0
20190518220,2206,9,6,3
20190518221,2216,2,5,3
20190518222,2226,3,8,5
20190518223,2236,3,3,0
20190518224,2246,7,5,2
20190518225,2256,1,7,6
20190518226,2266,8,2,6
20190518227,2276,5,5,0
20190518228,2286,3,8,5
20190518229,2296,1,7,6
20190518230,2306,2,3,1
20190518231,2316,6,9,3
20190518232,2326,4,9,5
20190518233,2336,7,6,1
20190518234,2346,7,1,6
20190518235,2356,1,7,6
20190518236,2366,4,0,4
20190518237,2376,9,3,6
20190518238,2386,4,4,0
20190518239,2396,6,6,0
20190518240,2406,5,7,2
20190518241,2416,6,3,3
20190518242,2426,0,6,6
20190518243,2436,6,1,5
20190518244,2446,7,5,2
20190518245,2456,0,4,4
20190518246,2466,0,2,2
20190518247,2476,2,6,4
20190518248,2486,0,5,5
20190518249,2496,0,5,5
20190518250,2506,8,3,5
20190518251,2516,0,8,8
20190518252,2526,6,6,0
20190518253,2536,1,5,4
20190518254,2546,7,0,7
20190518255,2556,1,1,0
20190518256,2566,7,2,5
20190518257,2576,7,4,3
20190518258,2586,3,4,1
20190518259,2596,7,0,7
20190518260,2606,0,8,8
20190518261,2616,5,1,4
20190518262,2626,7,9,2
20190518263,2636,4,5,1
20190518264,2646,6,0,6
20190518265,2656,4,0,4
20190518266,2666,2,4,2
20190518267,2676,9,8,1
20190518268,2686,4,4,0
20190518269,2696,4,3,1
20190518270,2706,8,0,8
20190518271,2716,9,7,2
20190518272,2726,8,3,5
20190518273,2736,7,8,1
20190518274,2746,6,7,1
20190518275,2756,3,9,6
20190518276,2766,6,7,1
20190518277,2776,3,2,1
20190518278,2786,6,1,5
20190518279,2796,6,4,2
20190518280,2806,3,4,1
20190518281,2816,9,1,8
20190518282,2826,5,4,1
20190518283,2836,4,2,2
20190518284,2846,8,8,0
20190518285,2856,9,3,6
20190518286,2866,8,7,1
20190518287,2876,8,6,2
20190518288,2886,7,2,5
20190519001,17,3,4,1
20190519002,27,9,2,7
20190519003,37,8,9,1
20190519004,47,4,0,4
20190519005,57,3,9,6
20190519006,67,2,4,2
20190519007,77,7,1,6
20190519008,87,6,9,3
20190519009,97,4,7,3
20190519010,107,2,2,0
20190519011,117,3,2,1
20190519012,127,6,9,3
20190519013,137,1,8,7
20190519014,147,7,9,2
20190519015,157,2,0,2
20190519016,167,7,2,5
20190519017,177,6,1,5
20190519018,187,6,0,6
20190519019,197,5,6,1
20190519020,207,6,8,2
20190519021,217,9,3,6
20190519022,227,7,8,1
20190519023,237,6,8,2
20190519024,247,8,0,8
20190519025,257,6,2,4
20190519026,267,2,4,2
20190519027,277,6,6,0
20190519028,287,8,3,5
20190519029,297,0,9,9
20190519030,307,9,8,1
20190519031,317,2,5,3
20190519032,327,2,8,6
20190519033,337,2,1,1
20190519034,347,3,1,2
20190519035,357,4,6,2
20190519036,367,0,4,4
20190519037,377,0,4,4
20190519038,387,4,9,5
20190519039,397,8,1,7
20190519040,407,0,0,0
20190519041,417,0,9,9
20190519042,427,7,7,0
20190519043,437,4,8,4
20190519044,447,5,4,1
20190519045,457,7,6,1
20190519046,467,3,3,0
20190519047,477,1,4,3
20190519048,487,9,2,7
20190519049,497,3,0,3
20190519050,507,1,1,0
20190519051,517,3,2,1
20190519052,527,7,9,2
20190519053,537,0,6,6
20190519054,547,4,8,4
20190519055,557,3,6,3
20190519056,567,0,6,6
20190519057,577,1,8,7
20190519058,587,4,1,3
20190519059,597,4,3,1
20190519060,607,2,9,7
20190519061,617,8,7,1
20190519062,627,1,0,1
20190519063,637,7,0,7
20190519064,647,9,0,9
20190519065,657,8,4,4
20190519066,667,9,2,7
20190519067,677,6,5,1
20190519068,687,0,8,8
20190519069,697,2,8,6
20190519070,707,0,6,6
20190519071,717,0,6,6
20190519072,727,1,9,8
20190519073,737,7,1,6
20190519074,747,6,1,5
20190519075,757,3,5,2
20190519076,767,5,9,4
20190519077,777,7,9,2
20190519078,787,0,4,4
20190519079,797,0,3,3
20190519080,807,0,4,4
20190519081,817,9,2,7
20190519082,827,7,3,4
20190519083,837,7,7,0
20190519084,847,9,0,9
20190519085,857,5,6,1
20190519086,867,4,3,1
20190519087,877,3,1,2
20190519088,887,0,0,0
20190519089,897,7,3,4
20190519090,907,2,5,3
20190519091,917,7,9,2
20190519092,927,7,9,2
20190519093,937,7,7,0
20190519094,947,1,7,6
20190519095,957,4,2,2
20190519096,967,2,0,2
20190519097,977,2,8,6
20190519098,987,2,7,5
20190519099,997,1,2,1
20190519100,1007,4,1,3
20190519101,1017,8,4,4
20190519102,1027,1,7,6
20190519103,1037,5,2,3
20190519104,1047,6,7,1
20190519105,1057,6,9,3
20190519106,1067,0,2,2
20190519107,1077,2,3,1
20190519108,1087,3,5,2
20190519109,1097,3,1,2
20190519110,1107,5,8,3
20190519111,1117,9,5,4
20190519112,1127,0,1,1
20190519113,1137,8,7,1
20190519114,1147,4,8,4
20190519115,1157,2,6,4
20190519116,1167,1,2,1
20190519117,1177,3,9,6
20190519118,1187,6,2,4
20190519119,1197,6,6,0
20190519120,1207,8,6,2
20190519121,1217,1,0,1
20190519122,1227,4,1,3
20190519123,1237,2,8,6
20190519124,1247,2,1,1
20190519125,1257,8,6,2
20190519126,1267,0,5,5
20190519127,1277,4,4,0
20190519128,1287,9,0,9
20190519129,1297,5,8,3
20190519130,1307,0,2,2
20190519131,1317,0,5,5
20190519132,1327,7,0,7
20190519133,1337,3,6,3
20190519134,1347,9,5,4
20190519135,1357,7,9,2
20190519136,1367,0,8,8
20190519137,1377,8,4,4
20190519138,1387,1,9,8
20190519139,1397,7,0,7
20190519140,1407,4,9,5
20190519141,1417,5,7,2
20190519142,1427,4,7,3
20190519143,1437,4,7,3
20190519144,1447,8,2,6
20190519145,1457,7,4,3
20190519146,1467,1,6,5
20190519147,1477,8,5,3
20190519148,1487,9,3,6
20190519149,1497,6,6,0
20190519150,1507,3,8,5
20190519151,1517,4,3,1
20190519152,1527,9,0,9
20190519153,1537,4,7,3
20190519154,1547,1,9,8
20190519155,1557,6,1,5
20190519156,1567,3,6,3
20190519157,1577,8,5,3
20190519158,1587,4,9,5
20190519159,1597,6,9,3
20190519160,1607,9,1,8
20190519161,1617,6,3,3
20190519162,1627,5,7,2
20190519163,1637,2,1,1
20190519164,1647,8,9,1
20190519165,1657,9,3,6
20190519166,1667,3,0,3
20190519167,1677,1,9,8
20190519168,1687,7,5,2
20190519169,1697,4,4,0
20190519170,1707,7,9,2
20190519171,1717,7,4,3
20190519172,1727,2,3,1
20190519173,1737,7,7,0
20190519174,1747,8,6,2
20190519175,1757,9,1,8
20190519176,1767,8,9,1
20190519177,1777,7,1,6
20190519178,1787,0,8,8
20190519179,1797,2,6,4
20190519180,1807,7,4,3
20190519181,1817,9,4,5
20190519182,1827,9,3,6
20190519183,1837,1,1,0
20190519184,1847,9,4,5
20190519185,1857,7,1,6
20190519186,1867,4,0,4
20190519187,1877,0,7,7
20190519188,1887,8,6,2
20190519189,1897,0,2,2
20190519190,1907,1,8,7
20190519191,1917,1,8,7
20190519192,1927,0,6,6
20190519193,1937,5,9,4
20190519194,1947,0,1,1
20190519195,1957,7,9,2
20190519196,1967,3,4,1
20190519197,1977,0,4,4
20190519198,1987,9,7,2
20190519199,1997,2,0,2
20190519200,2007,8,2,6
20190519201,2017,1,3,2
20190519202,2027,2,3,1
20190519203,2037,4,8,4
20190519204,2047,8,7,1
20190519205,2057,1,9,8
20190519206,2067,0,9,9
20190519207,2077,7,7,0
20190519208,2087,6,8,2
20190519209,2097,4,3,1
20190519210,2107,1,7,6
20190519211,2117,5,2,3
20190519212,2127,8,6,2
20190519213,2137,4,4,0
20190519214,2147,2,1,1
20190519215,2157,6,0,6
20190519216,2167,7,9,2
20190519217,2177,3,9,6
20190519218,2187,6,3,3
20190519219,2197,0,2,2
20190519220,2207,4,4,0
20190519221,2217,5,1,4
20190519222,2227,0,8,8
20190519223,2237,8,1,7
20190519224,2247,0,5,5
20190519225,2257,1,8,7
20190519226,2267,6,9,3
20190519227,2277,8,6,2
20190519228,2287,6,0,6
20190519229,2297,6,6,0
20190519230,2307,1,3,2
20190519231,2317,6,6,0
20190519232,2327,0,1,1
20190519233,2337,0,4,4
20190519234,2347,2,0,2
20190519235,2357,1,2,1
20190519236,2367,3,4,1
20190519237,2377,1,8,7
20190519238,2387,9,3,6
20190519239,2397,1,9,8
20190519240,2407,2,1,1
20190519241,2417,6,8,2
20190519242,2427,4,9,5
20190519243,2437,1,6,5
20190519244,2447,8,5,3
20190519245,2457,1,8,7
20190519246,2467,5,9,4
20190519247,2477,0,2,2
20190519248,2487,9,5,4
20190519249,2497,5,3,2
20190519250,2507,2,5,3
20190519251,2517,2,3,1
20190519252,2527,5,0,5
20190519253,2537,5,9,4
20190519254,2547,8,6,2
20190519255,2557,1,6,5
20190519256,2567,3,2,1
20190519257,2577,4,1,3
20190519258,2587,3,9,6
20190519259,2597,1,9,8
20190519260,2607,6,8,2
20190519261,2617,8,9,1
20190519262,2627,7,2,5
20190519263,2637,5,6,1
20190519264,2647,5,5,0
20190519265,2657,3,1,2
20190519266,2667,8,4,4
20190519267,2677,8,7,1
20190519268,2687,9,5,4
20190519269,2697,8,7,1
20190519270,2707,4,6,2
20190519271,2717,2,2,0
20190519272,2727,6,2,4
20190519273,2737,2,8,6
20190519274,2747,7,4,3
20190519275,2757,2,7,5
20190519276,2767,8,6,2
20190519277,2777,3,1,2
20190519278,2787,8,0,8
20190519279,2797,8,0,8
20190519280,2807,6,8,2
20190519281,2817,8,8,0
20190519282,2827,1,7,6
20190519283,2837,9,9,0
20190519284,2847,2,3,1
20190519285,2857,0,3,3
20190519286,2867,8,0,8
20190519287,2877,3,8,5
20190519288,2887,9,1,8
20190520001,11,6,6,0
20190520002,21,3,9,6
20190520003,31,6,7,1
20190520004,41,2,4,2
20190520005,51,6,0,6
20190520006,61,5,7,2
20190520007,71,1,8,7
20190520008,81,3,7,4
20190520009,91,3,0,3
20190520010,101,3,1,2
20190520011,111,2,1,1
20190520012,121,1,7,6
20190520013,131,4,1,3
20190520014,141,0,9,9
20190520015,151,9,9,0
20190520016,161,8,0,8
20190520017,171,4,7,3
20190520018,181,9,0,9
20190520019,191,5,3,2
20190520020,201,0,1,1
20190520021,211,7,7,0
20190520022,221,9,2,7
20190520023,231,0,0,0
20190520024,241,8,4,4
20190520025,251,3,4,1
20190520026,261,2,3,1
20190520027,271,5,5,0
20190520028,281,2,8,6
20190520029,291,0,3,3
20190520030,301,4,2,2
20190520031,311,1,8,7
20190520032,321,2,0,2
20190520033,331,2,8,6
20190520034,341,0,5,5
20190520035,351,4,6,2
20190520036,361,4,6,2
20190520037,371,9,5,4
20190520038,381,9,6,3
20190520039,391,8,2,6
20190520040,401,4,7,3
20190520041,411,9,1,8
20190520042,421,3,5,2
20190520043,431,4,1,3
20190520044,441,7,0,7
20190520045,451,4,8,4
20190520046,461,0,5,5
20190520047,471,0,0,0
20190520048,481,2,2,0
20190520049,491,2,7,5
20190520050,501,5,6,1
20190520051,511,9,7,2
20190520052,521,5,1,4
20190520053,531,3,0,3
20190520054,541,4,4,0
20190520055,551,8,3,5
20190520056,561,6,3,3
20190520057,571,1,0,1
20190520058,581,0,3,3
20190520059,591,3,5,2
20190520060,601,1,6,5
20190520061,611,8,9,1
20190520062,621,8,0,8
20190520063,631,9,2,7
20190520064,641,6,7,1
20190520065,651,9,2,7
20190520066,661,7,6,1
20190520067,671,0,4,4
20190520068,681,9,4,5
20190520069,691,4,7,3
20190520070,701,3,8,5
20190520071,711,6,4,2
20190520072,721,0,1,1
20190520073,731,7,8,1
20190520074,741,3,0,3
20190520075,751,9,5,4
20190520076,761,3,5,2
20190520077,771,3,2,1
20190520078,781,8,9,1
20190520079,791,0,1,1
20190520080,801,1,2,1
20190520081,811,8,1,7
20190520082,821,6,6,0
20190520083,831,6,1,5
20190520084,841,9,5,4
20190520085,851,5,5,0
20190520086,861,3,3,0
20190520087,871,2,2,0
20190520088,881,4,0,4
20190520089,891,8,0,8
20190520090,901,1,4,3
20190520091,911,3,4,1
20190520092,921,6,2,4
20190520093,931,3,8,5
20190520094,941,9,8,1
20190520095,951,0,5,5
20190520096,961,3,2,1
20190520097,971,4,3,1
20190520098,981,9,5,4
20190520099,991,0,3,3
20190520100,1001,6,8,2
20190520101,1011,8,4,4
20190520102,1021,8,9,1
20190520103,1031,1,4,3
20190520104,1041,6,3,3
20190520105,1051,7,7,0
20190520106,1061,9,8,1
20190520107,1071,1,9,8
20190520108,1081,3,3,0
20190520109,1091,3,3,0
20190520110,1101,8,9,1
20190520111,1111,9,1,8
20190520112,1121,1,5,4
20190520113,1131,7,4,3
20190520114,1141,9,8,1
20190520115,1151,7,4,3
20190520116,1161,6,1,5
20190520117,1171,2,1,1
20190520118,1181,8,1,7
20190520119,1191,8,8,0
20190520120,1201,2,7,5
20190520121,1211,3,8,5
20190520122,1221,7,6,1
20190520123,1231,5,7,2
20190520124,1241,7,6,1
20190520125,1251,3,8,5
20190520126,1261,1,9,8
20190520127,1271,3,1,2
20190520128,1281,3,0,3
20190520129,1291,3,4,1
20190520130,1301,2,7,5
20190520131,1311,0,0,0
20190520132,1321,4,0,4
20190520133,1331,1,0,1
20190520134,1341,5,7,2
20190520135,1351,6,3,3
20190520136,1361,5,1,4
20190520137,1371,3,2,1
20190520138,1381,5,3,2
20190520139,1391,9,9,0
20190520140,1401,2,9,7
20190520141,1411,3,7,4
20190520142,1421,3,4,1
20190520143,1431,4,1,3
20190520144,1441,2,0,2
20190520145,1451,3,8,5
20190520146,1461,8,1,7
20190520147,1471,3,0,3
20190520148,1481,9,3,6
20190520149,1491,2,5,3
20190520150,1501,7,6,1
20190520151,1511,1,2,1
20190520152,1521,8,6,2
20190520153,1531,0,4,4
20190520154,1541,5,5,0
20190520155,1551,5,5,0
20190520156,1561,4,2,2
20190520157,1571,6,7,1
20190520158,1581,8,1,7
20190520159,1591,7,9,2
20190520160,1601,2,6,4
20190520161,1611,6,8,2
20190520162,1621,0,2,2
20190520163,1631,7,1,6
20190520164,1641,1,4,3
20190520165,1651,2,3,1
20190520166,1661,7,1,6
20190520167,1671,5,0,5
20190520168,1681,9,8,1
20190520169,1691,9,0,9
20190520170,1701,7,9,2
20190520171,1711,1,4,3
20190520172,1721,1,0,1
20190520173,1731,2,9,7
20190520174,1741,0,9,9
20190520175,1751,9,9,0
20190520176,1761,0,7,7
20190520177,1771,4,1,3
20190520178,1781,2,1,1
20190520179,1791,2,3,1
20190520180,1801,9,9,0
20190520181,1811,1,4,3
20190520182,1821,6,4,2
20190520183,1831,7,2,5
20190520184,1841,2,4,2
20190520185,1851,9,0,9
20190520186,1861,5,0,5
20190520187,1871,9,6,3
20190520188,1881,7,0,7
20190520189,1891,0,4,4
20190520190,1901,9,1,8
20190520191,1911,1,9,8
20190520192,1921,8,1,7
20190520193,1931,1,3,2
20190520194,1941,4,7,3
20190520195,1951,6,1,5
20190520196,1961,8,4,4
20190520197,1971,1,3,2
20190520198,1981,8,4,4
20190520199,1991,8,8,0
20190520200,2001,0,9,9
20190520201,2011,3,1,2
20190520202,2021,0,9,9
20190520203,2031,4,7,3
20190520204,2041,1,9,8
20190520205,2051,8,4,4
20190520206,2061,4,8,4
20190520207,2071,5,9,4
20190520208,2081,5,0,5
20190520209,2091,4,0,4
20190520210,2101,7,7,0
20190520211,2111,7,6,1
20190520212,2121,8,0,8
20190520213,2131,7,6,1
20190520214,2141,7,2,5
20190520215,2151,3,2,1
20190520216,2161,4,6,2
20190520217,2171,2,7,5
20190520218,2181,5,5,0
20190520219,2191,0,4,4
20190520220,2201,6,8,2
20190520221,2211,3,1,2
20190520222,2221,3,0,3
20190520223,2231,9,4,5
20190520224,2241,6,3,3
20190520225,2251,6,3,3
20190520226,2261,6,6,0
20190520227,2271,3,8,5
20190520228,2281,9,4,5
20190520229,2291,3,7,4
20190520230,2301,8,7,1
20190520231,2311,7,0,7
20190520232,2321,1,7,6
20190520233,2331,6,5,1
20190520234,2341,3,2,1
20190520235,2351,7,0,7
20190520236,2361,3,1,2
20190520237,2371,4,2,2
20190520238,2381,8,0,8
20190520239,2391,7,2,5
20190520240,2401,6,2,4
20190520241,2411,9,7,2
20190520242,2421,8,9,1
20190520243,2431,9,5,4
20190520244,2441,5,2,3
20190520245,2451,3,3,0
20190520246,2461,0,5,5
20190520247,2471,1,6,5
20190520248,2481,3,4,1
20190520249,2491,7,4,3
20190520250,2501,9,6,3
20190520251,2511,9,3,6
20190520252,2521,1,1,0
20190520253,2531,4,8,4
20190520254,2541,3,5,2
20190520255,2551,1,0,1
20190520256,2561,0,1,1
20190520257,2571,7,8,1
20190520258,2581,9,8,1
20190520259,2591,2,2,0
20190520260,2601,5,4,1
20190520261,2611,0,3,3
20190520262,2621,0,8,8
20190520263,2631,6,6,0
20190520264,2641,8,8,0
20190520265,2651,8,3,5
20190520266,2661,1,4,3
20190520267,2671,4,3,1
20190520268,2681,0,4,4
20190520269,2691,2,7,5
20190520270,2701,6,2,4
20190520271,2711,6,9,3
20190520272,2721,0,3,3
20190520273,2731,9,5,4
20190520274,2741,2,9,7
20190520275,2751,9,9,0
20190520276,2761,4,6,2
20190520277,2771,7,5,2
20190520278,2781,1,3,2
20190520279,2791,8,7,1
20190520280,2801,7,5,2
20190520281,2811,8,9,1
20190520282,2821,6,8,2
20190520283,2831,9,0,9
20190520284,2841,9,5,4
20190520285,2851,5,2,3
20190520286,2861,1,5,4
20190520287,2871,7,1,6
20190520288,2881,0,5,5
20190521001,12,9,6,3
20190521002,22,0,7,7
20190521003,32,6,7,1
20190521004,42,5,8,3
20190521005,52,2,8,6
20190521006,62,7,3,4
20190521007,72,0,4,4
20190521008,82,4,6,2
20190521009,92,3,6,3
20190521010,102,1,2,1
20190521011,112,1,9,8
20190521012,122,4,4,0
20190521013,132,5,1,4
20190521014,142,1,4,3
20190521015,152,8,0,8
20190521016,162,5,0,5
20190521017,172,0,0,0
20190521018,182,0,2,2
20190521019,192,6,1,5
20190521020,202,9,4,5
20190521021,212,0,6,6
20190521022,222,6,8,2
20190521023,232,2,9,7
20190521024,242,5,1,4
20190521025,252,5,9,4
20190521026,262,5,9,4
20190521027,272,4,4,0
20190521028,282,7,1,6
20190521029,292,6,6,0
20190521030,302,3,4,1
20190521031,312,1,0,1
20190521032,322,6,4,2
20190521033,332,3,1,2
20190521034,342,2,6,4
20190521035,352,8,6,2
20190521036,362,2,3,1
20190521037,372,7,3,4
20190521038,382,9,8,1
20190521039,392,8,8,0
20190521040,402,7,4,3
20190521041,412,4,6,2
20190521042,422,1,1,0
20190521043,432,4,2,2
20190521044,442,3,6,3
20190521045,452,9,2,7
20190521046,462,4,5,1
20190521047,472,1,2,1
20190521048,482,7,9,2
20190521049,492,3,8,5
20190521050,502,3,9,6
20190521051,512,4,7,3
20190521052,522,7,1,6
20190521053,532,6,2,4
20190521054,542,9,5,4
20190521055,552,0,1,1
20190521056,562,9,9,0
20190521057,572,7,8,1
20190521058,582,3,2,1
20190521059,592,8,0,8
20190521060,602,4,3,1
20190521061,612,7,0,7
20190521062,622,3,3,0
20190521063,632,5,9,4
20190521064,642,4,9,5
20190521065,652,7,9,2
20190521066,662,3,4,1
20190521067,672,1,0,1
20190521068,682,3,7,4
20190521069,692,3,7,4
20190521070,702,7,4,3
20190521071,712,4,1,3
20190521072,722,3,8,5
20190521073,732,5,6,1
20190521074,742,6,4,2
20190521075,752,4,3,1
20190521076,762,2,3,1
20190521077,772,8,5,3
20190521078,782,6,2,4
20190521079,792,8,8,0
20190521080,802,6,4,2
20190521081,812,2,8,6
20190521082,822,5,3,2
20190521083,832,9,2,7
20190521084,842,4,3,1
20190521085,852,0,4,4
20190521086,862,8,1,7
20190521087,872,4,3,1
20190521088,882,9,7,2
20190521089,892,0,9,9
20190521090,902,8,9,1
20190521091,912,6,5,1
20190521092,922,0,8,8
20190521093,932,1,7,6
20190521094,942,9,9,0
20190521095,952,1,4,3
20190521096,962,1,3,2
20190521097,972,8,1,7
20190521098,982,0,2,2
20190521099,992,4,3,1
20190521100,1002,2,6,4
20190521101,1012,4,8,4
20190521102,1022,1,7,6
20190521103,1032,9,4,5
20190521104,1042,5,4,1
20190521105,1052,5,8,3
20190521106,1062,5,4,1
20190521107,1072,2,8,6
20190521108,1082,1,9,8
20190521109,1092,1,1,0
20190521110,1102,7,5,2
20190521111,1112,0,9,9
20190521112,1122,9,5,4
20190521113,1132,2,3,1
20190521114,1142,8,0,8
20190521115,1152,0,1,1
20190521116,1162,7,8,1
20190521117,1172,9,0,9
20190521118,1182,6,6,0
20190521119,1192,9,4,5
20190521120,1202,1,4,3
20190521121,1212,4,0,4
20190521122,1222,6,3,3
20190521123,1232,4,5,1
20190521124,1242,9,8,1
20190521125,1252,9,1,8
20190521126,1262,2,7,5
20190521127,1272,2,9,7
20190521128,1282,0,4,4
20190521129,1292,7,1,6
20190521130,1302,4,4,0
20190521131,1312,7,3,4
20190521132,1322,5,5,0
20190521133,1332,6,1,5
20190521134,1342,0,2,2
20190521135,1352,5,0,5
20190521136,1362,3,1,2
20190521137,1372,0,5,5
20190521138,1382,9,0,9
20190521139,1392,7,5,2
20190521140,1402,7,3,4
20190521141,1412,5,4,1
20190521142,1422,7,5,2
20190521143,1432,0,5,5
20190521144,1442,6,7,1
20190521145,1452,1,8,7
20190521146,1462,3,0,3
20190521147,1472,6,0,6
20190521148,1482,9,5,4
20190521149,1492,5,3,2
20190521150,1502,6,0,6
20190521151,1512,9,0,9
20190521152,1522,9,7,2
20190521153,1532,9,6,3
20190521154,1542,6,8,2
20190521155,1552,2,4,2
20190521156,1562,3,4,1
20190521157,1572,7,1,6
20190521158,1582,9,8,1
20190521159,1592,1,7,6
20190521160,1602,6,8,2
20190521161,1612,8,0,8
20190521162,1622,9,4,5
20190521163,1632,7,0,7
20190521164,1642,1,9,8
20190521165,1652,3,1,2
20190521166,1662,9,4,5
20190521167,1672,0,5,5
20190521168,1682,9,6,3
20190521169,1692,0,2,2
20190521170,1702,2,6,4
20190521171,1712,1,4,3
20190521172,1722,0,2,2
20190521173,1732,2,1,1
20190521174,1742,6,4,2
20190521175,1752,9,9,0
20190521176,1762,5,8,3
20190521177,1772,4,3,1
20190521178,1782,8,0,8
20190521179,1792,7,4,3
20190521180,1802,7,8,1
20190521181,1812,9,5,4
20190521182,1822,2,3,1
20190521183,1832,3,7,4
20190521184,1842,8,1,7
20190521185,1852,2,2,0
20190521186,1862,0,4,4
20190521187,1872,1,1,0
20190521188,1882,2,2,0
20190521189,1892,0,9,9
20190521190,1902,1,5,4
20190521191,1912,2,1,1
20190521192,1922,3,4,1
20190521193,1932,3,8,5
20190521194,1942,6,4,2
20190521195,1952,8,4,4
20190521196,1962,2,7,5
20190521197,1972,4,7,3
20190521198,1982,8,0,8
20190521199,1992,5,2,3
20190521200,2002,3,6,3
20190521201,2012,1,7,6
20190521202,2022,0,8,8
20190521203,2032,2,6,4
20190521204,2042,8,4,4
20190521205,2052,4,9,5
20190521206,2062,1,1,0
20190521207,2072,5,3,2
20190521208,2082,7,6,1
20190521209,2092,2,5,3
20190521210,2102,8,2,6
20190521211,2112,0,1,1
20190521212,2122,5,6,1
20190521213,2132,8,9,1
20190521214,2142,3,5,2
20190521215,2152,6,2,4
20190521216,2162,1,5,4
20190521217,2172,8,7,1
20190521218,2182,4,3,1
20190521219,2192,8,8,0
20190521220,2202,7,6,1
20190521221,2212,8,9,1
20190521222,2222,1,7,6
20190521223,2232,3,0,3
20190521224,2242,2,1,1
20190521225,2252,4,4,0
20190521226,2262,8,6,2
20190521227,2272,7,1,6
20190521228,2282,9,7,2
20190521229,2292,9,3,6
20190521230,2302,8,2,6
20190521231,2312,5,8,3
20190521232,2322,4,4,0
20190521233,2332,7,5,2
20190521234,2342,7,2,5
20190521235,2352,0,9,9
20190521236,2362,8,8,0
20190521237,2372,0,6,6
20190521238,2382,7,7,0
20190521239,2392,7,0,7
20190521240,2402,7,9,2
20190521241,2412,5,2,3
20190521242,2422,0,2,2
20190521243,2432,2,1,1
20190521244,2442,1,4,3
20190521245,2452,3,9,6
20190521246,2462,3,8,5
20190521247,2472,0,4,4
20190521248,2482,1,3,2
20190521249,2492,9,0,9
20190521250,2502,6,7,1
20190521251,2512,8,2,6
20190521252,2522,6,9,3
20190521253,2532,5,9,4
20190521254,2542,2,6,4
20190521255,2552,4,4,0
20190521256,2562,3,9,6
20190521257,2572,3,8,5
20190521258,2582,9,3,6
20190521259,2592,7,2,5
20190521260,2602,9,4,5
20190521261,2612,9,9,0
20190521262,2622,3,4,1
20190521263,2632,0,7,7
20190521264,2642,6,9,3
20190521265,2652,5,9,4
20190521266,2662,6,2,4
20190521267,2672,3,4,1
20190521268,2682,2,6,4
20190521269,2692,7,9,2
20190521270,2702,3,1,2
20190521271,2712,9,9,0
20190521272,2722,7,9,2
20190521273,2732,0,6,6
20190521274,2742,8,2,6
20190521275,2752,3,0,3
20190521276,2762,8,3,5
20190521277,2772,5,2,3
20190521278,2782,2,1,1
20190521279,2792,4,4,0
20190521280,2802,4,8,4
20190521281,2812,7,6,1
20190521282,2822,1,9,8
20190521283,2832,8,8,0
20190521284,2842,3,9,6
20190521285,2852,7,4,3
20190521286,2862,9,9,0
20190521287,2872,9,3,6
20190521288,2882,3,8,5
20190522001,13,6,8,2
20190522002,23,5,5,0
20190522003,33,3,8,5
20190522004,43,4,0,4
20190522005,53,8,1,7
20190522006,63,1,0,1
20190522007,73,3,8,5
20190522008,83,7,3,4
20190522009,93,3,1,2
20190522010,103,8,3,5
20190522011,113,8,1,7
20190522012,123,2,6,4
20190522013,133,4,9,5
20190522014,143,9,1,8
20190522015,153,5,1,4
20190522016,163,3,0,3
20190522017,173,6,4,2
20190522018,183,4,1,3
20190522019,193,9,7,2
20190522020,203,4,5,1
20190522021,213,6,8,2
20190522022,223,6,9,3
20190522023,233,7,9,2
20190522024,243,1,6,5
20190522025,253,1,5,4
20190522026,263,8,6,2
20190522027,273,2,8,6
20190522028,283,3,3,0
20190522029,293,9,7,2
20190522030,303,2,4,2
20190522031,313,0,1,1
20190522032,323,2,2,0
20190522033,333,9,8,1
20190522034,343,5,3,2
20190522035,353,0,2,2
20190522036,363,3,4,1
20190522037,373,9,3,6
20190522038,383,8,6,2
20190522039,393,4,0,4
20190522040,403,6,3,3
20190522041,413,6,5,1
20190522042,423,6,2,4
20190522043,433,6,2,4
20190522044,443,4,7,3
20190522045,453,2,2,0
20190522046,463,6,3,3
20190522047,473,2,5,3
20190522048,483,5,0,5
20190522049,493,9,2,7
20190522050,503,6,6,0
20190522051,513,9,7,2
20190522052,523,8,6,2
20190522053,533,2,0,2
20190522054,543,3,0,3
20190522055,553,4,9,5
20190522056,563,6,6,0
20190522057,573,2,7,5
20190522058,583,3,3,0
20190522059,593,4,3,1
20190522060,603,2,0,2
20190522061,613,1,9,8
20190522062,623,2,7,5
20190522063,633,1,4,3
20190522064,643,0,4,4
20190522065,653,3,9,6
20190522066,663,8,3,5
20190522067,673,5,5,0
20190522068,683,3,5,2
20190522069,693,5,6,1
20190522070,703,3,3,0
20190522071,713,4,6,2
20190522072,723,6,3,3
20190522073,733,5,7,2
20190522074,743,3,5,2
20190522075,753,8,2,6
20190522076,763,5,4,1
20190522077,773,3,0,3
20190522078,783,1,5,4
20190522079,793,3,0,3
20190522080,803,9,3,6
20190522081,813,5,5,0
20190522082,823,5,5,0
20190522083,833,7,8,1
20190522084,843,2,9,7
20190522085,853,9,6,3
20190522086,863,9,3,6
20190522087,873,6,6,0
20190522088,883,8,8,0
20190522089,893,9,4,5
20190522090,903,3,1,2
20190522091,913,2,4,2
20190522092,923,4,6,2
20190522093,933,0,1,1
20190522094,943,3,6,3
20190522095,953,6,0,6
20190522096,963,8,4,4
20190522097,973,7,2,5
20190522098,983,4,7,3
20190522099,993,7,8,1
20190522100,1003,3,3,0
20190522101,1013,4,4,0
20190522102,1023,5,7,2
20190522103,1033,2,0,2
20190522104,1043,8,7,1
20190522105,1053,0,2,2
20190522106,1063,0,2,2
20190522107,1073,2,6,4
20190522108,1083,6,1,5
20190522109,1093,3,8,5
20190522110,1103,8,7,1
20190522111,1113,3,5,2
20190522112,1123,2,5,3
20190522113,1133,0,0,0
20190522114,1143,2,8,6
20190522115,1153,1,2,1
20190522116,1163,1,7,6
20190522117,1173,7,0,7
20190522118,1183,2,6,4
20190522119,1193,6,7,1
20190522120,1203,5,2,3
20190522121,1213,3,3,0
20190522122,1223,4,4,0
20190522123,1233,7,2,5
20190522124,1243,9,1,8
20190522125,1253,0,8,8
20190522126,1263,7,1,6
20190522127,1273,5,3,2
20190522128,1283,1,1,0
20190522129,1293,0,3,3
20190522130,1303,4,1,3
20190522131,1313,5,1,4
20190522132,1323,7,2,5
20190522133,1333,0,9,9
20190522134,1343,0,8,8
20190522135,1353,0,0,0
20190522136,1363,1,5,4
20190522137,1373,1,2,1
20190522138,1383,2,2,0
20190522139,1393,9,5,4
20190522140,1403,6,5,1
20190522141,1413,7,3,4
20190522142,1423,3,7,4
20190522143,1433,9,6,3
20190522144,1443,1,2,1
20190522145,1453,4,0,4
20190522146,1463,7,1,6
20190522147,1473,9,8,1
20190522148,1483,6,9,3
20190522149,1493,4,1,3
20190522150,1503,1,4,3
20190522151,1513,2,5,3
20190522152,1523,0,9,9
20190522153,1533,3,0,3
20190522154,1543,0,0,0
20190522155,1553,5,7,2
20190522156,1563,4,6,2
20190522157,1573,3,1,2
20190522158,1583,7,9,2
20190522159,1593,5,4,1
20190522160,1603,1,4,3
20190522161,1613,9,4,5
20190522162,1623,0,8,8
20190522163,1633,3,0,3
20190522164,1643,4,9,5
20190522165,1653,0,7,7
20190522166,1663,8,6,2
20190522167,1673,0,3,3
20190522168,1683,6,4,2
20190522169,1693,4,7,3
20190522170,1703,2,9,7
20190522171,1713,0,6,6
20190522172,1723,9,2,7
20190522173,1733,7,5,2
20190522174,1743,1,8,7
20190522175,1753,1,4,3
20190522176,1763,9,5,4
20190522177,1773,1,4,3
20190522178,1783,6,8,2
20190522179,1793,8,2,6
20190522180,1803,4,4,0
20190522181,1813,9,3,6
20190522182,1823,8,3,5
20190522183,1833,9,7,2
20190522184,1843,3,8,5
20190522185,1853,8,4,4
20190522186,1863,7,9,2
20190522187,1873,7,9,2
20190522188,1883,7,5,2
20190522189,1893,1,1,0
20190522190,1903,0,8,8
20190522191,1913,9,3,6
20190522192,1923,1,6,5
20190522193,1933,1,9,8
20190522194,1943,4,3,1
20190522195,1953,1,4,3
20190522196,1963,7,7,0
20190522197,1973,7,0,7
20190522198,1983,6,1,5
20190522199,1993,3,7,4
20190522200,2003,0,3,3
20190522201,2013,6,9,3
20190522202,2023,5,2,3
20190522203,2033,0,5,5
20190522204,2043,9,2,7
20190522205,2053,5,4,1
20190522206,2063,9,9,0
20190522207,2073,1,5,4
20190522208,2083,5,3,2
20190522209,2093,1,0,1
20190522210,2103,9,5,4
20190522211,2113,5,8,3
20190522212,2123,7,1,6
20190522213,2133,9,4,5
20190522214,2143,4,7,3
20190522215,2153,4,1,3
20190522216,2163,5,9,4
20190522217,2173,6,7,1
20190522218,2183,8,9,1
20190522219,2193,4,7,3
20190522220,2203,5,7,2
20190522221,2213,3,9,6
20190522222,2223,6,2,4
20190522223,2233,1,4,3
20190522224,2243,8,9,1
20190522225,2253,8,2,6
20190522226,2263,8,9,1
20190522227,2273,7,0,7
20190522228,2283,0,9,9
20190522229,2293,1,5,4
20190522230,2303,7,7,0
20190522231,2313,1,8,7
20190522232,2323,4,0,4
20190522233,2333,4,4,0
20190522234,2343,7,6,1
20190522235,2353,8,7,1
20190522236,2363,7,2,5
20190522237,2373,2,8,6
20190522238,2383,8,7,1
20190522239,2393,7,9,2
20190522240,2403,1,3,2
20190522241,2413,6,6,0
20190522242,2423,2,1,1
20190522243,2433,4,2,2
20190522244,2443,9,5,4
20190522245,2453,3,5,2
20190522246,2463,6,2,4
20190522247,2473,0,2,2
20190522248,2483,1,6,5
20190522249,2493,8,7,1
20190522250,2503,3,4,1
20190522251,2513,6,8,2
20190522252,2523,1,2,1
20190522253,2533,2,5,3
20190522254,2543,9,4,5
20190522255,2553,0,3,3
20190522256,2563,3,5,2
20190522257,2573,3,3,0
20190522258,2583,4,9,5
20190522259,2593,2,9,7
20190522260,2603,6,9,3
20190522261,2613,4,7,3
20190522262,2623,4,5,1
20190522263,2633,6,5,1
20190522264,2643,5,0,5
20190522265,2653,8,8,0
20190522266,2663,2,6,4
20190522267,2673,7,2,5
20190522268,2683,1,9,8
20190522269,2693,0,0,0
20190522270,2703,6,1,5
20190522271,2713,4,8,4
20190522272,2723,0,4,4
20190522273,2733,8,2,6
20190522274,2743,3,7,4
20190522275,2753,8,4,4
20190522276,2763,0,3,3
20190522277,2773,0,5,5
20190522278,2783,8,7,1
20190522279,2793,4,6,2
20190522280,2803,8,3,5
20190522281,2813,0,1,1
20190522282,2823,4,3,1
20190522283,2833,4,1,3
20190522284,2843,4,4,0
20190522285,2853,9,6,3
20190522286,2863,1,9,8
20190522287,2873,1,1,0
20190522288,2883,7,7,0
20190523001,14,9,9,0
20190523002,24,4,0,4
20190523003,34,7,3,4
20190523004,44,7,0,7
20190523005,54,2,2,0
20190523006,64,0,6,6
20190523007,74,7,1,6
20190523008,84,9,0,9
20190523009,94,3,2,1
20190523010,104,8,4,4
20190523011,114,1,2,1
20190523012,124,3,2,1
20190523013,134,2,2,0
20190523014,144,2,0,2
20190523015,154,6,1,5
20190523016,164,8,9,1
20190523017,174,3,9,6
20190523018,184,6,8,2
20190523019,194,6,6,0
20190523020,204,6,5,1
20190523021,214,1,0,1
20190523022,224,8,0,8
20190523023,234,8,4,4
20190523024,244,5,5,0
20190523025,254,9,4,5
20190523026,264,7,5,2
20190523027,274,4,5,1
20190523028,284,4,4,0
20190523029,294,4,0,4
20190523030,304,0,0,0
20190523031,314,9,7,2
20190523032,324,5,8,3
20190523033,334,5,4,1
20190523034,344,9,5,4
20190523035,354,9,2,7
20190523036,364,8,9,1
20190523037,374,3,7,4
20190523038,384,7,3,4
20190523039,394,6,0,6
20190523040,404,2,1,1
20190523041,414,1,7,6
20190523042,424,4,4,0
20190523043,434,3,6,3
20190523044,444,0,0,0
20190523045,454,5,8,3
20190523046,464,1,6,5
20190523047,474,2,6,4
20190523048,484,0,2,2
20190523049,494,2,6,4
20190523050,504,3,1,2
20190523051,514,3,9,6
20190523052,524,8,9,1
20190523053,534,4,3,1
20190523054,544,1,1,0
20190523055,554,1,5,4
20190523056,564,8,9,1
20190523057,574,6,3,3
20190523058,584,9,8,1
20190523059,594,2,7,5
20190523060,604,4,8,4
20190523061,614,6,2,4
20190523062,624,6,0,6
20190523063,634,9,1,8
20190523064,644,9,6,3
20190523065,654,5,7,2
20190523066,664,7,2,5
20190523067,674,0,4,4
20190523068,684,8,0,8
20190523069,694,2,6,4
20190523070,704,2,1,1
20190523071,714,7,4,3
20190523072,724,6,5,1
20190523073,734,1,8,7
20190523074,744,9,6,3
20190523075,754,2,1,1
20190523076,764,5,2,3
20190523077,774,7,8,1
20190523078,784,3,7,4
20190523079,794,1,4,3
20190523080,804,5,7,2
20190523081,814,7,7,0
20190523082,824,6,3,3
20190523083,834,6,0,6
20190523084,844,8,7,1
20190523085,854,3,3,0
20190523086,864,1,5,4
20190523087,874,6,1,5
20190523088,884,4,8,4
20190523089,894,6,8,2
20190523090,904,7,6,1
20190523091,914,6,4,2
20190523092,924,6,3,3
20190523093,934,1,0,1
20190523094,944,0,2,2
20190523095,954,3,6,3
20190523096,964,1,2,1
20190523097,974,3,1,2
20190523098,984,6,9,3
20190523099,994,6,1,5
20190523100,1004,7,7,0
20190523101,1014,0,1,1
20190523102,1024,6,3,3
20190523103,1034,2,2,0
20190523104,1044,0,2,2
20190523105,1054,7,5,2
20190523106,1064,1,2,1
20190523107,1074,0,0,0
20190523108,1084,8,4,4
20190523109,1094,0,5,5
20190523110,1104,6,4,2
20190523111,1114,8,1,7
20190523112,1124,3,4,1
20190523113,1134,4,1,3
20190523114,1144,0,4,4
20190523115,1154,4,1,3
20190523116,1164,4,9,5
20190523117,1174,1,6,5
20190523118,1184,3,7,4
20190523119,1194,6,7,1
20190523120,1204,4,5,1
20190523121,1214,9,4,5
20190523122,1224,2,8,6
20190523123,1234,9,9,0
20190523124,1244,1,8,7
20190523125,1254,8,8,0
20190523126,1264,2,4,2
20190523127,1274,7,2,5
20190523128,1284,6,5,1
20190523129,1294,6,4,2
20190523130,1304,0,9,9
20190523131,1314,9,0,9
20190523132,1324,1,8,7
20190523133,1334,0,3,3
20190523134,1344,8,8,0
20190523135,1354,3,5,2
20190523136,1364,9,3,6
20190523137,1374,9,2,7
20190523138,1384,5,0,5
20190523139,1394,5,7,2
20190523140,1404,5,0,5
20190523141,1414,3,7,4
20190523142,1424,8,0,8
20190523143,1434,6,6,0
20190523144,1444,1,3,2
20190523145,1454,9,9,0
20190523146,1464,1,0,1
20190523147,1474,9,2,7
20190523148,1484,3,2,1
20190523149,1494,4,8,4
20190523150,1504,7,2,5
20190523151,1514,3,7,4
20190523152,1524,2,2,0
20190523153,1534,2,7,5
20190523154,1544,1,6,5
20190523155,1554,6,0,6
20190523156,1564,7,9,2
20190523157,1574,1,4,3
20190523158,1584,2,4,2
20190523159,1594,7,8,1
20190523160,1604,0,1,1
20190523161,1614,7,7,0
20190523162,1624,7,0,7
20190523163,1634,9,8,1
20190523164,1644,3,9,6
20190523165,1654,3,1,2
20190523166,1664,7,2,5
20190523167,1674,7,8,1
20190523168,1684,7,9,2
20190523169,1694,4,7,3
20190523170,1704,7,9,2
20190523171,1714,2,7,5
20190523172,1724,1,2,1
20190523173,1734,2,0,2
20190523174,1744,6,5,1
20190523175,1754,4,5,1
20190523176,1764,6,8,2
20190523177,1774,6,3,3
20190523178,1784,7,3,4
20190523179,1794,3,2,1
20190523180,1804,6,7,1
20190523181,1814,0,3,3
20190523182,1824,6,0,6
20190523183,1834,5,0,5
20190523184,1844,7,3,4
20190523185,1854,0,2,2
20190523186,1864,9,0,9
20190523187,1874,6,1,5
20190523188,1884,0,7,7
20190523189,1894,1,9,8
20190523190,1904,4,6,2
20190523191,1914,6,7,1
20190523192,1924,0,8,8
20190523193,1934,1,3,2
20190523194,1944,4,3,1
20190523195,1954,8,7,1
20190523196,1964,8,2,6
20190523197,1974,5,5,0
20190523198,1984,9,4,5
20190523199,1994,0,2,2
20190523200,2004,7,6,1
20190523201,2014,7,6,1
20190523202,2024,5,7,2
20190523203,2034,2,1,1
20190523204,2044,7,2,5
20190523205,2054,6,3,3
20190523206,2064,8,5,3
20190523207,2074,1,5,4
20190523208,2084,4,5,1
20190523209,2094,8,7,1
20190523210,2104,9,7,2
20190523211,2114,5,1,4
20190523212,2124,7,4,3
20190523213,2134,6,8,2
20190523214,2144,2,4,2
20190523215,2154,6,4,2
20190523216,2164,2,2,0
20190523217,2174,4,9,5
20190523218,2184,0,9,9
20190523219,2194,9,6,3
20190523220,2204,5,5,0
20190523221,2214,4,3,1
20190523222,2224,7,6,1
20190523223,2234,6,6,0
20190523224,2244,9,3,6
20190523225,2254,0,9,9
20190523226,2264,6,6,0
20190523227,2274,7,1,6
20190523228,2284,4,4,0
20190523229,2294,2,4,2
20190523230,2304,0,5,5
20190523231,2314,6,8,2
20190523232,2324,2,2,0
20190523233,2334,1,5,4
20190523234,2344,8,0,8
20190523235,2354,3,7,4
20190523236,2364,1,1,0
20190523237,2374,7,2,5
20190523238,2384,9,3,6
20190523239,2394,0,3,3
20190523240,2404,2,3,1
20190523241,2414,8,2,6
20190523242,2424,3,1,2
20190523243,2434,1,7,6
20190523244,2444,8,6,2
20190523245,2454,6,8,2
20190523246,2464,1,1,0
20190523247,2474,2,8,6
20190523248,2484,1,1,0
20190523249,2494,0,2,2
20190523250,2504,6,8,2
20190523251,2514,3,1,2
20190523252,2524,0,9,9
20190523253,2534,5,3,2
20190523254,2544,3,2,1
20190523255,2554,3,4,1
20190523256,2564,9,7,2
20190523257,2574,5,4,1
20190523258,2584,3,1,2
20190523259,2594,5,0,5
20190523260,2604,3,5,2
20190523261,2614,0,2,2
20190523262,2624,6,6,0
20190523263,2634,4,5,1
20190523264,2644,1,4,3
20190523265,2654,7,0,7
20190523266,2664,7,1,6
20190523267,2674,5,1,4
20190523268,2684,6,7,1
20190523269,2694,1,7,6
20190523270,2704,7,7,0
20190523271,2714,1,1,0
20190523272,2724,8,4,4
20190523273,2734,0,7,7
20190523274,2744,3,7,4
20190523275,2754,0,3,3
20190523276,2764,5,2,3
20190523277,2774,2,2,0
20190523278,2784,0,2,2
20190523279,2794,0,4,4
20190523280,2804,0,7,7
20190523281,2814,2,7,5
20190523282,2824,1,0,1
20190523283,2834,2,4,2
20190523284,2844,0,7,7
20190523285,2854,0,8,8
20190523286,2864,0,4,4
20190523287,2874,4,2,2
20190523288,2884,6,0,6
20190524001,15,0,0,0
20190524002,25,9,1,8
20190524003,35,7,6,1
20190524004,45,2,5,3
20190524005,55,4,5,1
20190524006,65,2,8,6
20190524007,75,1,3,2
20190524008,85,1,9,8
20190524009,95,5,8,3
20190524010,105,1,5,4
20190524011,115,9,2,7
20190524012,125,1,5,4
20190524013,135,1,1,0
20190524014,145,1,9,8
20190524015,155,8,3,5
20190524016,165,6,0,6
20190524017,175,3,3,0
20190524018,185,1,9,8
20190524019,195,3,4,1
20190524020,205,7,3,4
20190524021,215,2,9,7
20190524022,225,6,7,1
20190524023,235,5,3,2
20190524024,245,8,0,8
20190524025,255,2,9,7
20190524026,265,4,9,5
20190524027,275,4,4,0
20190524028,285,3,2,1
20190524029,295,7,1,6
20190524030,305,5,4,1
20190524031,315,2,5,3
20190524032,325,4,9,5
20190524033,335,8,5,3
20190524034,345,7,5,2
20190524035,355,0,5,5
20190524036,365,0,5,5
20190524037,375,1,9,8
20190524038,385,9,6,3
20190524039,395,6,2,4
20190524040,405,8,6,2
20190524041,415,9,9,0
20190524042,425,6,3,3
20190524043,435,9,1,8
20190524044,445,7,1,6
20190524045,455,5,3,2
20190524046,465,6,0,6
20190524047,475,0,4,4
20190524048,485,4,9,5
20190524049,495,1,9,8
20190524050,505,1,4,3
20190524051,515,7,7,0
20190524052,525,3,5,2
20190524053,535,7,7,0
20190524054,545,1,1,0
20190524055,555,6,0,6
20190524056,565,9,9,0
20190524057,575,7,3,4
20190524058,585,2,5,3
20190524059,595,0,0,0
20190524060,605,7,0,7
20190524061,615,7,8,1
20190524062,625,0,4,4
20190524063,635,0,2,2
20190524064,645,7,4,3
20190524065,655,4,2,2
20190524066,665,0,1,1
20190524067,675,7,9,2
20190524068,685,5,3,2
20190524069,695,2,1,1
20190524070,705,6,6,0
20190524071,715,7,6,1
20190524072,725,3,9,6
20190524073,735,2,1,1
20190524074,745,6,7,1
20190524075,755,1,4,3
20190524076,765,5,6,1
20190524077,775,5,3,2
20190524078,785,0,6,6
20190524079,795,5,3,2
20190524080,805,0,6,6
20190524081,815,9,1,8
20190524082,825,9,0,9
20190524083,835,3,3,0
20190524084,845,2,0,2
20190524085,855,1,5,4
20190524086,865,3,8,5
20190524087,875,2,7,5
20190524088,885,6,1,5
20190524089,895,5,2,3
20190524090,905,9,0,9
20190524091,915,5,8,3
20190524092,925,3,4,1
20190524093,935,5,8,3
20190524094,945,2,7,5
20190524095,955,7,4,3
20190524096,965,5,0,5
20190524097,975,6,7,1
20190524098,985,4,0,4
20190524099,995,0,3,3
20190524100,1005,0,3,3
20190524101,1015,2,8,6
20190524102,1025,9,9,0
20190524103,1035,1,9,8
20190524104,1045,8,5,3
20190524105,1055,7,4,3
20190524106,1065,5,3,2
20190524107,1075,4,0,4
20190524108,1085,9,9,0
20190524109,1095,9,9,0
20190524110,1105,4,2,2
20190524111,1115,0,2,2
20190524112,1125,4,9,5
20190524113,1135,6,6,0
20190524114,1145,8,0,8
20190524115,1155,3,0,3
20190524116,1165,8,2,6
20190524117,1175,8,9,1
20190524118,1185,5,8,3
20190524119,1195,6,8,2
20190524120,1205,8,2,6
20190524121,1215,2,6,4
20190524122,1225,7,7,0
20190524123,1235,7,9,2
20190524124,1245,1,3,2
20190524125,1255,6,6,0
20190524126,1265,0,1,1
20190524127,1275,8,9,1
20190524128,1285,5,8,3
20190524129,1295,2,2,0
20190524130,1305,5,4,1
20190524131,1315,6,5,1
20190524132,1325,9,4,5
20190524133,1335,8,2,6
20190524134,1345,9,5,4
20190524135,1355,0,5,5
20190524136,1365,8,4,4
20190524137,1375,1,2,1
20190524138,1385,2,5,3
20190524139,1395,3,5,2
20190524140,1405,3,2,1
20190524141,1415,3,8,5
20190524142,1425,1,5,4
20190524143,1435,0,7,7
20190524144,1445,8,8,0
20190524145,1455,2,6,4
20190524146,1465,0,8,8
20190524147,1475,2,4,2
20190524148,1485,5,2,3
20190524149,1495,7,8,1
20190524150,1505,2,5,3
20190524151,1515,8,3,5
20190524152,1525,6,6,0
20190524153,1535,9,4,5
20190524154,1545,2,7,5
20190524155,1555,3,0,3
20190524156,1565,0,3,3
20190524157,1575,3,6,3
20190524158,1585,3,3,0
20190524159,1595,9,7,2
20190524160,1605,3,3,0
20190524161,1615,5,1,4
20190524162,1625,4,6,2
20190524163,1635,0,8,8
20190524164,1645,7,8,1
20190524165,1655,3,7,4
20190524166,1665,4,6,2
20190524167,1675,6,0,6
20190524168,1685,8,7,1
20190524169,1695,7,3,4
20190524170,1705,5,6,1
20190524171,1715,4,6,2
20190524172,1725,3,4,1
20190524173,1735,5,2,3
20190524174,1745,6,7,1
20190524175,1755,1,7,6
20190524176,1765,8,0,8
20190524177,1775,4,0,4
20190524178,1785,0,3,3
20190524179,1795,0,9,9
20190524180,1805,5,2,3
20190524181,1815,2,2,0
20190524182,1825,1,7,6
20190524183,1835,3,7,4
20190524184,1845,5,1,4
20190524185,1855,5,4,1
20190524186,1865,3,2,1
20190524187,1875,6,6,0
20190524188,1885,9,1,8
20190524189,1895,9,0,9
20190524190,1905,1,8,7
20190524191,1915,8,2,6
20190524192,1925,0,8,8
20190524193,1935,0,8,8
20190524194,1945,2,7,5
20190524195,1955,1,3,2
20190524196,1965,6,0,6
20190524197,1975,4,2,2
20190524198,1985,2,9,7
20190524199,1995,5,2,3
20190524200,2005,0,1,1
20190524201,2015,3,9,6
20190524202,2025,2,9,7
20190524203,2035,7,1,6
20190524204,2045,9,9,0
20190524205,2055,0,4,4
20190524206,2065,5,7,2
20190524207,2075,7,4,3
20190524208,2085,3,0,3
20190524209,2095,4,6,2
20190524210,2105,3,6,3
20190524211,2115,0,5,5
20190524212,2125,6,2,4
20190524213,2135,3,1,2
20190524214,2145,6,3,3
20190524215,2155,3,2,1
20190524216,2165,4,1,3
20190524217,2175,6,7,1
20190524218,2185,6,6,0
20190524219,2195,6,9,3
20190524220,2205,7,9,2
20190524221,2215,8,9,1
20190524222,2225,8,4,4
20190524223,2235,7,0,7
20190524224,2245,4,6,2
20190524225,2255,2,1,1
20190524226,2265,5,9,4
20190524227,2275,8,5,3
20190524228,2285,6,8,2
20190524229,2295,4,1,3
20190524230,2305,6,4,2
20190524231,2315,9,0,9
20190524232,2325,2,8,6
20190524233,2335,5,9,4
20190524234,2345,1,5,4
20190524235,2355,8,7,1
20190524236,2365,3,5,2
20190524237,2375,8,9,1
20190524238,2385,3,3,0
20190524239,2395,7,8,1
20190524240,2405,9,5,4
20190524241,2415,7,7,0
20190524242,2425,6,3,3
20190524243,2435,6,6,0
20190524244,2445,5,9,4
20190524245,2455,4,7,3
20190524246,2465,0,1,1
20190524247,2475,6,8,2
20190524248,2485,4,6,2
20190524249,2495,7,0,7
20190524250,2505,4,1,3
20190524251,2515,5,9,4
20190524252,2525,0,5,5
20190524253,2535,7,0,7
20190524254,2545,7,8,1
20190524255,2555,5,5,0
20190524256,2565,7,0,7
20190524257,2575,1,8,7
20190524258,2585,9,8,1
20190524259,2595,6,5,1
20190524260,2605,4,3,1
20190524261,2615,9,9,0
20190524262,2625,2,7,5
20190524263,2635,4,2,2
20190524264,2645,7,0,7
20190524265,2655,6,0,6
20190524266,2665,5,1,4
20190524267,2675,1,5,4
20190524268,2685,1,4,3
20190524269,2695,9,6,3
20190524270,2705,4,3,1
20190524271,2715,5,7,2
20190524272,2725,9,8,1
20190524273,2735,8,1,7
20190524274,2745,9,4,5
20190524275,2755,9,6,3
20190524276,2765,8,0,8
20190524277,2775,1,6,5
20190524278,2785,4,1,3
20190524279,2795,1,3,2
20190524280,2805,0,6,6
20190524281,2815,3,5,2
20190524282,2825,2,7,5
20190524283,2835,2,2,0
20190524284,2845,2,5,3
20190524285,2855,1,5,4
20190524286,2865,3,3,0
20190524287,2875,0,9,9
20190524288,2885,9,5,4
20190525001,16,4,3,1
20190525002,26,7,5,2
20190525003,36,2,3,1
20190525004,46,1,4,3
20190525005,56,7,5,2
20190525006,66,5,8,3
20190525007,76,7,1,6
20190525008,86,8,5,3
20190525009,96,8,4,4
20190525010,106,9,5,4
20190525011,116,1,9,8
20190525012,126,7,9,2
20190525013,136,7,2,5
20190525014,146,0,3,3
20190525015,156,1,8,7
20190525016,166,2,9,7
20190525017,176,4,9,5
20190525018,186,4,9,5
20190525019,196,7,9,2
20190525020,206,7,0,7
20190525021,216,4,5,1
20190525022,226,8,5,3
20190525023,236,6,3,3
20190525024,246,3,3,0
20190525025,256,1,0,1
20190525026,266,0,4,4
20190525027,276,6,7,1
20190525028,286,5,7,2
20190525029,296,1,6,5
20190525030,306,2,5,3
20190525031,316,3,4,1
20190525032,326,4,9,5
20190525033,336,4,2,2
20190525034,346,4,5,1
20190525035,356,2,7,5
20190525036,366,1,8,7
20190525037,376,8,1,7
20190525038,386,4,5,1
20190525039,396,6,5,1
20190525040,406,2,6,4
20190525041,416,6,5,1
20190525042,426,1,5,4
20190525043,436,0,0,0
20190525044,446,0,8,8
20190525045,456,2,0,2
20190525046,466,6,0,6
20190525047,476,5,8,3
20190525048,486,2,0,2
20190525049,496,7,1,6
20190525050,506,2,5,3
20190525051,516,4,6,2
20190525052,526,0,6,6
20190525053,536,1,1,0
20190525054,546,0,4,4
20190525055,556,6,5,1
20190525056,566,3,2,1
20190525057,576,0,5,5
20190525058,586,4,9,5
20190525059,596,0,6,6
20190525060,606,0,6,6
20190525061,616,6,3,3
20190525062,626,6,9,3
20190525063,636,2,0,2
20190525064,646,0,9,9
20190525065,656,0,8,8
20190525066,666,0,5,5
20190525067,676,6,7,1
20190525068,686,1,6,5
20190525069,696,2,1,1
20190525070,706,8,5,3
20190525071,716,2,4,2
20190525072,726,8,8,0
20190525073,736,8,0,8
20190525074,746,2,8,6
20190525075,756,2,4,2
20190525076,766,4,9,5
20190525077,776,0,1,1
20190525078,786,3,5,2
20190525079,796,7,7,0
20190525080,806,7,5,2
20190525081,816,5,2,3
20190525082,826,7,6,1
20190525083,836,4,5,1
20190525084,846,5,5,0
20190525085,856,7,0,7
20190525086,866,1,3,2
20190525087,876,2,8,6
20190525088,886,6,6,0
20190525089,896,5,5,0
20190525090,906,6,2,4
20190525091,916,8,8,0
20190525092,926,5,4,1
20190525093,936,5,2,3
20190525094,946,5,3,2
20190525095,956,5,7,2
20190525096,966,3,9,6
20190525097,976,5,4,1
20190525098,986,2,1,1
20190525099,996,9,4,5
20190525100,1006,6,5,1
20190525101,1016,4,5,1
20190525102,1026,5,6,1
20190525103,1036,0,3,3
20190525104,1046,4,4,0
20190525105,1056,6,0,6
20190525106,1066,6,1,5
20190525107,1076,1,8,7
20190525108,1086,1,9,8
20190525109,1096,4,7,3
20190525110,1106,7,7,0
20190525111,1116,0,2,2
20190525112,1126,6,6,0
20190525113,1136,8,2,6
20190525114,1146,8,2,6
20190525115,1156,2,0,2
20190525116,1166,1,4,3
20190525117,1176,6,6,0
20190525118,1186,6,6,0
20190525119,1196,0,3,3
20190525120,1206,1,5,4
20190525121,1216,3,8,5
20190525122,1226,5,6,1
20190525123,1236,7,0,7
20190525124,1246,2,8,6
20190525125,1256,6,3,3
20190525126,1266,8,8,0
20190525127,1276,0,8,8
20190525128,1286,5,9,4
20190525129,1296,8,2,6
20190525130,1306,5,4,1
20190525131,1316,4,3,1
20190525132,1326,3,9,6
20190525133,1336,3,4,1
20190525134,1346,3,0,3
20190525135,1356,6,0,6
20190525136,1366,9,9,0
20190525137,1376,1,1,0
20190525138,1386,7,9,2
20190525139,1396,3,9,6
20190525140,1406,7,0,7
20190525141,1416,2,9,7
20190525142,1426,1,8,7
20190525143,1436,9,8,1
20190525144,1446,6,2,4
20190525145,1456,5,5,0
20190525146,1466,5,5,0
20190525147,1476,5,5,0
20190525148,1486,9,7,2
20190525149,1496,6,7,1
20190525150,1506,6,4,2
20190525151,1516,2,4,2
20190525152,1526,6,9,3
20190525153,1536,3,7,4
20190525154,1546,3,4,1
20190525155,1556,8,8,0
20190525156,1566,0,5,5
20190525157,1576,9,4,5
20190525158,1586,3,0,3
20190525159,1596,8,7,1
20190525160,1606,9,6,3
20190525161,1616,9,0,9
20190525162,1626,6,3,3
20190525163,1636,7,2,5
20190525164,1646,0,5,5
20190525165,1656,4,0,4
20190525166,1666,3,1,2
20190525167,1676,8,6,2
20190525168,1686,4,7,3
20190525169,1696,0,1,1
20190525170,1706,9,2,7
20190525171,1716,0,2,2
20190525172,1726,8,4,4
20190525173,1736,2,5,3
20190525174,1746,8,5,3
20190525175,1756,7,1,6
20190525176,1766,7,2,5
20190525177,1776,3,0,3
20190525178,1786,6,1,5
20190525179,1796,1,6,5
20190525180,1806,2,9,7
20190525181,1816,5,5,0
20190525182,1826,3,7,4
20190525183,1836,5,6,1
20190525184,1846,5,0,5
20190525185,1856,4,0,4
20190525186,1866,4,6,2
20190525187,1876,4,8,4
20190525188,1886,7,1,6
20190525189,1896,3,6,3
20190525190,1906,3,2,1
20190525191,1916,8,2,6
20190525192,1926,9,4,5
20190525193,1936,9,2,7
20190525194,1946,3,2,1
20190525195,1956,1,3,2
20190525196,1966,2,5,3
20190525197,1976,9,3,6
20190525198,1986,5,5,0
20190525199,1996,6,0,6
20190525200,2006,6,1,5
20190525201,2016,2,7,5
20190525202,2026,1,6,5
20190525203,2036,9,3,6
20190525204,2046,8,7,1
20190525205,2056,2,1,1
20190525206,2066,1,6,5
20190525207,2076,2,9,7
20190525208,2086,3,5,2
20190525209,2096,8,1,7
20190525210,2106,5,8,3
20190525211,2116,5,7,2
20190525212,2126,6,7,1
20190525213,2136,8,4,4
20190525214,2146,8,4,4
20190525215,2156,3,3,0
20190525216,2166,3,2,1
20190525217,2176,0,0,0
20190525218,2186,6,2,4
20190525219,2196,3,9,6
20190525220,2206,7,5,2
20190525221,2216,4,6,2
20190525222,2226,3,7,4
20190525223,2236,7,0,7
20190525224,2246,0,3,3
20190525225,2256,5,5,0
20190525226,2266,0,1,1
20190525227,2276,1,6,5
20190525228,2286,4,3,1
20190525229,2296,2,8,6
20190525230,2306,0,0,0
20190525231,2316,7,1,6
20190525232,2326,0,9,9
20190525233,2336,1,6,5
20190525234,2346,4,7,3
20190525235,2356,3,8,5
20190525236,2366,3,8,5
20190525237,2376,0,0,0
20190525238,2386,6,4,2
20190525239,2396,8,1,7
20190525240,2406,9,7,2
20190525241,2416,8,4,4
20190525242,2426,6,9,3
20190525243,2436,5,4,1
20190525244,2446,3,9,6
20190525245,2456,1,3,2
20190525246,2466,0,8,8
20190525247,2476,0,8,8
20190525248,2486,4,1,3
20190525249,2496,2,9,7
20190525250,2506,3,2,1
20190525251,2516,0,9,9
20190525252,2526,5,4,1
20190525253,2536,2,8,6
20190525254,2546,4,0,4
20190525255,2556,7,1,6
20190525256,2566,3,4,1
20190525257,2576,8,8,0
20190525258,2586,2,0,2
20190525259,2596,4,6,2
20190525260,2606,0,2,2
20190525261,2616,1,0,1
20190525262,2626,6,6,0
20190525263,2636,0,8,8
20190525264,2646,9,4,5
20190525265,2656,0,5,5
20190525266,2666,0,7,7
20190525267,2676,6,6,0
20190525268,2686,6,9,3
20190525269,2696,5,4,1
20190525270,2706,9,3,6
20190525271,2716,7,5,2
20190525272,2726,3,3,0
20190525273,2736,3,6,3
20190525274,2746,0,1,1
20190525275,2756,3,4,1
20190525276,2766,1,5,4
20190525277,2776,6,0,6
20190525278,2786,8,0,8
20190525279,2796,7,5,2
20190525280,2806,7,6,1
20190525281,2816,1,9,8
20190525282,2826,3,9,6
20190525283,2836,2,7,5
20190525284,2846,4,8,4
20190525285,2856,4,3,1
20190525286,2866,1,4,3
20190525287,2876,9,3,6
20190525288,2886,4,9,5
20190526001,17,4,2,2
20190526002,27,4,0,4
20190526003,37,4,6,2
20190526004,47,0,4,4
20190526005,57,5,3,2
20190526006,67,9,0,9
20190526007,77,9,8,1
20190526008,87,5,6,1
20190526009,97,4,4,0
20190526010,107,8,1,7
20190526011,117,3,7,4
20190526012,127,0,9,9
20190526013,137,5,3,2
20190526014,147,9,9,0
20190526015,157,5,0,5
20190526016,167,1,6,5
20190526017,177,4,3,1
20190526018,187,1,3,2
20190526019,197,9,8,1
20190526020,207,6,9,3
20190526021,217,7,7,0
20190526022,227,6,1,5
20190526023,237,0,6,6
20190526024,247,8,1,7
20190526025,257,9,2,7
20190526026,267,1,8,7
20190526027,277,4,2,2
20190526028,287,8,4,4
20190526029,297,0,5,5
20190526030,307,4,3,1
20190526031,317,5,6,1
20190526032,327,7,3,4
20190526033,337,5,5,0
20190526034,347,9,4,5
20190526035,357,1,3,2
20190526036,367,7,8,1
20190526037,377,8,0,8
20190526038,387,2,7,5
20190526039,397,0,8,8
20190526040,407,5,9,4
20190526041,417,8,5,3
20190526042,427,8,5,3
20190526043,437,7,6,1
20190526044,447,4,8,4
20190526045,457,1,3,2
20190526046,467,2,7,5
20190526047,477,0,8,8
20190526048,487,9,5,4
20190526049,497,6,8,2
20190526050,507,3,7,4
20190526051,517,0,7,7
20190526052,527,3,6,3
20190526053,537,5,6,1
20190526054,547,8,2,6
20190526055,557,6,4,2
20190526056,567,4,7,3
20190526057,577,5,4,1
20190526058,587,0,3,3
20190526059,597,7,0,7
20190526060,607,9,5,4
20190526061,617,2,6,4
20190526062,627,5,1,4
20190526063,637,0,1,1
20190526064,647,3,1,2
20190526065,657,8,9,1
20190526066,667,1,6,5
20190526067,677,4,7,3
20190526068,687,9,8,1
20190526069,697,7,7,0
20190526070,707,3,5,2
20190526071,717,6,7,1
20190526072,727,1,4,3
20190526073,737,0,2,2
20190526074,747,1,4,3
20190526075,757,9,0,9
20190526076,767,9,5,4
20190526077,777,5,0,5
20190526078,787,9,8,1
20190526079,797,8,0,8
20190526080,807,5,2,3
20190526081,817,0,6,6
20190526082,827,9,8,1
20190526083,837,2,7,5
20190526084,847,4,5,1
20190526085,857,4,9,5
20190526086,867,8,1,7
20190526087,877,8,2,6
20190526088,887,1,7,6
20190526089,897,8,3,5
20190526090,907,3,6,3
20190526091,917,7,0,7
20190526092,927,6,2,4
20190526093,937,1,3,2
20190526094,947,5,2,3
20190526095,957,5,2,3
20190526096,967,9,0,9
20190526097,977,4,0,4
20190526098,987,1,7,6
20190526099,997,3,6,3
20190526100,1007,3,9,6
20190526101,1017,8,5,3
20190526102,1027,4,5,1
20190526103,1037,3,9,6
20190526104,1047,2,3,1
20190526105,1057,2,7,5
20190526106,1067,5,1,4
20190526107,1077,4,2,2
20190526108,1087,4,9,5
20190526109,1097,8,8,0
20190526110,1107,3,7,4
20190526111,1117,8,7,1
20190526112,1127,9,1,8
20190526113,1137,3,8,5
20190526114,1147,0,1,1
20190526115,1157,2,6,4
20190526116,1167,1,6,5
20190526117,1177,2,5,3
20190526118,1187,5,1,4
20190526119,1197,7,9,2
20190526120,1207,5,0,5
20190526121,1217,8,1,7
20190526122,1227,5,5,0
20190526123,1237,0,6,6
20190526124,1247,4,5,1
20190526125,1257,8,8,0
20190526126,1267,5,1,4
20190526127,1277,1,1,0
20190526128,1287,6,1,5
20190526129,1297,0,7,7
20190526130,1307,1,7,6
20190526131,1317,5,3,2
20190526132,1327,5,8,3
20190526133,1337,2,9,7
20190526134,1347,3,1,2
20190526135,1357,4,0,4
20190526136,1367,5,3,2
20190526137,1377,0,4,4
20190526138,1387,2,9,7
20190526139,1397,0,3,3
20190526140,1407,8,0,8
20190526141,1417,2,8,6
20190526142,1427,6,6,0
20190526143,1437,4,1,3
20190526144,1447,5,2,3
20190526145,1457,4,5,1
20190526146,1467,2,0,2
20190526147,1477,8,6,2
20190526148,1487,2,6,4
20190526149,1497,5,0,5
20190526150,1507,3,6,3
20190526151,1517,6,6,0
20190526152,1527,0,5,5
20190526153,1537,1,9,8
20190526154,1547,7,7,0
20190526155,1557,9,8,1
20190526156,1567,6,8,2
20190526157,1577,2,3,1
20190526158,1587,5,2,3
20190526159,1597,0,8,8
20190526160,1607,3,0,3
20190526161,1617,9,0,9
20190526162,1627,5,8,3
20190526163,1637,8,1,7
20190526164,1647,7,4,3
20190526165,1657,9,9,0
20190526166,1667,4,2,2
20190526167,1677,9,1,8
20190526168,1687,1,9,8
20190526169,1697,0,5,5
20190526170,1707,9,8,1
20190526171,1717,0,3,3
20190526172,1727,6,3,3
20190526173,1737,3,5,2
20190526174,1747,6,0,6
20190526175,1757,2,8,6
20190526176,1767,3,9,6
20190526177,1777,7,5,2
20190526178,1787,4,0,4
20190526179,1797,4,6,2
20190526180,1807,0,8,8
20190526181,1817,4,0,4
20190526182,1827,3,7,4
20190526183,1837,7,2,5
20190526184,1847,1,0,1
20190526185,1857,5,0,5
20190526186,1867,7,1,6
20190526187,1877,1,7,6
20190526188,1887,9,5,4
20190526189,1897,7,4,3
20190526190,1907,6,2,4
20190526191,1917,1,1,0
20190526192,1927,2,6,4
20190526193,1937,2,9,7
20190526194,1947,7,0,7
20190526195,1957,0,1,1
20190526196,1967,8,4,4
20190526197,1977,1,7,6
20190526198,1987,6,6,0
20190526199,1997,0,0,0
20190526200,2007,2,2,0
20190526201,2017,0,7,7
20190526202,2027,7,0,7
20190526203,2037,2,1,1
20190526204,2047,3,8,5
20190526205,2057,9,7,2
20190526206,2067,5,8,3
20190526207,2077,4,8,4
20190526208,2087,0,6,6
20190526209,2097,5,4,1
20190526210,2107,3,8,5
20190526211,2117,0,0,0
20190526212,2127,6,2,4
20190526213,2137,6,8,2
20190526214,2147,5,8,3
20190526215,2157,4,6,2
20190526216,2167,6,1,5
20190526217,2177,5,3,2
20190526218,2187,3,4,1
20190526219,2197,6,6,0
20190526220,2207,7,6,1
20190526221,2217,2,2,0
20190526222,2227,4,7,3
20190526223,2237,1,8,7
20190526224,2247,1,5,4
20190526225,2257,2,0,2
20190526226,2267,7,9,2
20190526227,2277,3,9,6
20190526228,2287,9,5,4
20190526229,2297,5,0,5
20190526230,2307,8,9,1
20190526231,2317,8,8,0
20190526232,2327,1,5,4
20190526233,2337,6,2,4
20190526234,2347,1,6,5
20190526235,2357,5,3,2
20190526236,2367,6,3,3
20190526237,2377,2,3,1
20190526238,2387,5,5,0
20190526239,2397,6,5,1
20190526240,2407,0,9,9
20190526241,2417,7,6,1
20190526242,2427,9,6,3
20190526243,2437,1,7,6
20190526244,2447,9,7,2
20190526245,2457,5,2,3
20190526246,2467,0,2,2
20190526247,2477,2,5,3
20190526248,2487,4,5,1
20190526249,2497,0,4,4
20190526250,2507,2,6,4
20190526251,2517,5,2,3
20190526252,2527,1,9,8
20190526253,2537,6,9,3
20190526254,2547,9,3,6
20190526255,2557,4,3,1
20190526256,2567,7,2,5
20190526257,2577,0,5,5
20190526258,2587,4,7,3
20190526259,2597,5,9,4
20190526260,2607,6,8,2
20190526261,2617,9,4,5
20190526262,2627,5,2,3
20190526263,2637,1,1,0
20190526264,2647,2,4,2
20190526265,2657,2,9,7
20190526266,2667,7,3,4
20190526267,2677,3,3,0
20190526268,2687,9,4,5
20190526269,2697,5,5,0
20190526270,2707,4,0,4
20190526271,2717,0,7,7
20190526272,2727,4,3,1
20190526273,2737,6,9,3
20190526274,2747,7,9,2
20190526275,2757,9,5,4
20190526276,2767,3,2,1
20190526277,2777,0,7,7
20190526278,2787,8,2,6
20190526279,2797,7,1,6
20190526280,2807,0,8,8
20190526281,2817,0,2,2
20190526282,2827,4,4,0
20190526283,2837,8,0,8
20190526284,2847,8,5,3
20190526285,2857,1,7,6
20190526286,2867,4,3,1
20190526287,2877,6,1,5
20190526288,2887,6,7,1
20190527001,11,4,1,3
20190527002,21,8,0,8
20190527003,31,5,0,5
20190527004,41,6,3,3
20190527005,51,0,4,4
20190527006,61,0,5,5
20190527007,71,1,5,4
20190527008,81,8,6,2
20190527009,91,0,9,9
20190527010,101,0,0,0
20190527011,111,9,0,9
20190527012,121,7,5,2
20190527013,131,3,6,3
20190527014,141,0,8,8
20190527015,151,2,0,2
20190527016,161,9,6,3
20190527017,171,1,6,5
20190527018,181,8,9,1
20190527019,191,1,3,2
20190527020,201,2,5,3
20190527021,211,5,6,1
20190527022,221,1,3,2
20190527023,231,6,4,2
20190527024,241,0,3,3
20190527025,251,9,6,3
20190527026,261,5,2,3
20190527027,271,0,4,4
20190527028,281,4,1,3
20190527029,291,5,3,2
20190527030,301,3,7,4
20190527031,311,7,8,1
20190527032,321,7,1,6
20190527033,331,0,4,4
20190527034,341,1,9,8
20190527035,351,7,5,2
20190527036,361,7,7,0
20190527037,371,5,5,0
20190527038,381,7,6,1
20190527039,391,9,5,4
20190527040,401,1,7,6
20190527041,411,2,9,7
20190527042,421,2,8,6
20190527043,431,0,2,2
20190527044,441,8,4,4
20190527045,451,7,0,7
20190527046,461,1,6,5
20190527047,471,0,7,7
20190527048,481,1,5,4
20190527049,491,6,2,4
20190527050,501,8,2,6
20190527051,511,6,5,1
20190527052,521,3,9,6
20190527053,531,5,5,0
20190527054,541,9,1,8
20190527055,551,7,7,0
20190527056,561,4,4,0
20190527057,571,3,3,0
20190527058,581,8,2,6
20190527059,591,1,3,2
20190527060,601,0,5,5
20190527061,611,9,5,4
20190527062,621,2,8,6
20190527063,631,8,4,4
20190527064,641,0,6,6
20190527065,651,1,9,8
20190527066,661,1,2,1
20190527067,671,7,5,2
20190527068,681,8,7,1
20190527069,691,9,8,1
20190527070,701,7,4,3
20190527071,711,8,8,0
20190527072,721,0,0,0
20190527073,731,9,9,0
20190527074,741,2,3,1
20190527075,751,7,4,3
20190527076,761,5,5,0
20190527077,771,9,4,5
20190527078,781,7,6,1
20190527079,791,5,8,3
20190527080,801,0,2,2
20190527081,811,7,4,3
20190527082,821,3,7,4
20190527083,831,3,9,6
20190527084,841,5,4,1
20190527085,851,6,9,3
20190527086,861,0,0,0
20190527087,871,5,6,1
20190527088,881,9,8,1
20190527089,891,5,7,2
20190527090,901,2,8,6
20190527091,911,5,7,2
20190527092,921,5,6,1
20190527093,931,8,3,5
20190527094,941,6,6,0
20190527095,951,0,8,8
20190527096,961,7,9,2
20190527097,971,8,2,6
20190527098,981,9,4,5
20190527099,991,1,3,2
20190527100,1001,2,6,4
20190527101,1011,1,9,8
20190527102,1021,0,8,8
20190527103,1031,5,3,2
20190527104,1041,1,4,3
20190527105,1051,9,1,8
20190527106,1061,2,6,4
20190527107,1071,7,0,7
20190527108,1081,1,5,4
20190527109,1091,2,8,6
20190527110,1101,0,7,7
20190527111,1111,3,8,5
20190527112,1121,1,1,0
20190527113,1131,0,7,7
20190527114,1141,3,6,3
20190527115,1151,6,4,2
20190527116,1161,0,5,5
20190527117,1171,2,3,1
20190527118,1181,3,8,5
20190527119,1191,1,5,4
20190527120,1201,8,7,1
20190527121,1211,6,9,3
20190527122,1221,2,0,2
20190527123,1231,3,8,5
20190527124,1241,6,0,6
20190527125,1251,8,1,7
20190527126,1261,2,7,5
20190527127,1271,8,4,4
20190527128,1281,2,2,0
20190527129,1291,7,5,2
20190527130,1301,0,4,4
20190527131,1311,1,4,3
20190527132,1321,2,0,2
20190527133,1331,7,1,6
20190527134,1341,4,2,2
20190527135,1351,3,3,0
20190527136,1361,0,4,4
20190527137,1371,4,1,3
20190527138,1381,3,1,2
20190527139,1391,6,9,3
20190527140,1401,8,1,7
20190527141,1411,3,1,2
20190527142,1421,2,8,6
20190527143,1431,8,2,6
20190527144,1441,3,9,6
20190527145,1451,6,8,2
20190527146,1461,5,8,3
20190527147,1471,8,1,7
20190527148,1481,3,7,4
20190527149,1491,0,8,8
20190527150,1501,1,7,6
20190527151,1511,1,9,8
20190527152,1521,5,1,4
20190527153,1531,6,5,1
20190527154,1541,2,8,6
20190527155,1551,6,0,6
20190527156,1561,3,2,1
20190527157,1571,9,3,6
20190527158,1581,3,2,1
20190527159,1591,0,3,3
20190527160,1601,3,8,5
20190527161,1611,9,0,9
20190527162,1621,3,6,3
20190527163,1631,2,3,1
20190527164,1641,3,7,4
20190527165,1651,2,6,4
20190527166,1661,4,1,3
20190527167,1671,7,3,4
20190527168,1681,7,0,7
20190527169,1691,6,6,0
20190527170,1701,5,0,5
20190527171,1711,0,3,3
20190527172,1721,0,6,6
20190527173,1731,5,7,2
20190527174,1741,9,3,6
20190527175,1751,7,4,3
20190527176,1761,8,5,3
20190527177,1771,2,2,0
20190527178,1781,9,2,7
20190527179,1791,5,1,4
20190527180,1801,6,5,1
20190527181,1811,4,8,4
20190527182,1821,2,3,1
20190527183,1831,8,2,6
20190527184,1841,7,9,2
20190527185,1851,2,5,3
20190527186,1861,5,4,1
20190527187,1871,8,7,1
20190527188,1881,5,9,4
20190527189,1891,6,6,0
20190527190,1901,0,7,7
20190527191,1911,2,4,2
20190527192,1921,1,1,0
20190527193,1931,1,7,6
20190527194,1941,2,1,1
20190527195,1951,0,9,9
20190527196,1961,1,2,1
20190527197,1971,5,2,3
20190527198,1981,0,5,5
20190527199,1991,3,4,1
20190527200,2001,6,4,2
20190527201,2011,3,1,2
20190527202,2021,8,5,3
20190527203,2031,9,6,3
20190527204,2041,4,8,4
20190527205,2051,1,6,5
20190527206,2061,6,2,4
20190527207,2071,1,7,6
20190527208,2081,8,8,0
20190527209,2091,5,2,3
20190527210,2101,2,5,3
20190527211,2111,3,8,5
20190527212,2121,3,6,3
20190527213,2131,3,3,0
20190527214,2141,6,9,3
20190527215,2151,5,9,4
20190527216,2161,7,5,2
20190527217,2171,8,8,0
20190527218,2181,3,8,5
20190527219,2191,4,9,5
20190527220,2201,6,3,3
20190527221,2211,3,0,3
20190527222,2221,4,3,1
20190527223,2231,6,0,6
20190527224,2241,8,9,1
20190527225,2251,8,3,5
20190527226,2261,0,0,0
20190527227,2271,6,8,2
20190527228,2281,0,4,4
20190527229,2291,0,7,7
20190527230,2301,4,2,2
20190527231,2311,1,2,1
20190527232,2321,1,0,1
20190527233,2331,3,9,6
20190527234,2341,7,9,2
20190527235,2351,8,7,1
20190527236,2361,8,6,2
20190527237,2371,5,2,3
20190527238,2381,5,5,0
20190527239,2391,1,0,1
20190527240,2401,8,6,2
20190527241,2411,8,4,4
20190527242,2421,4,7,3
20190527243,2431,3,1,2
20190527244,2441,0,7,7
20190527245,2451,1,6,5
20190527246,2461,4,7,3
20190527247,2471,7,5,2
20190527248,2481,7,8,1
20190527249,2491,2,0,2
20190527250,2501,0,2,2
20190527251,2511,6,3,3
20190527252,2521,5,0,5
20190527253,2531,0,8,8
20190527254,2541,9,7,2
20190527255,2551,9,4,5
20190527256,2561,8,3,5
20190527257,2571,9,1,8
20190527258,2581,9,8,1
20190527259,2591,7,0,7
20190527260,2601,8,5,3
20190527261,2611,1,8,7
20190527262,2621,5,7,2
20190527263,2631,1,1,0
20190527264,2641,3,9,6
20190527265,2651,7,3,4
20190527266,2661,2,0,2
20190527267,2671,8,7,1
20190527268,2681,1,1,0
20190527269,2691,1,1,0
20190527270,2701,6,5,1
20190527271,2711,5,6,1
20190527272,2721,8,5,3
20190527273,2731,9,9,0
20190527274,2741,2,7,5
20190527275,2751,8,8,0
20190527276,2761,4,7,3
20190527277,2771,9,0,9
20190527278,2781,2,6,4
20190527279,2791,4,7,3
20190527280,2801,0,9,9
20190527281,2811,5,8,3
20190527282,2821,3,5,2
20190527283,2831,0,0,0
20190527284,2841,3,0,3
20190527285,2851,2,1,1
20190527286,2861,9,8,1
20190527287,2871,0,8,8
20190527288,2881,8,9,1
20190528001,12,6,6,0
20190528002,22,3,7,4
20190528003,32,3,4,1
20190528004,42,5,0,5
20190528005,52,9,1,8
20190528006,62,6,4,2
20190528007,72,1,4,3
20190528008,82,1,5,4
20190528009,92,5,0,5
20190528010,102,6,6,0
20190528011,112,7,3,4
20190528012,122,6,7,1
20190528013,132,8,6,2
20190528014,142,6,1,5
20190528015,152,6,2,4
20190528016,162,3,8,5
20190528017,172,6,3,3
20190528018,182,3,7,4
20190528019,192,2,6,4
20190528020,202,1,5,4
20190528021,212,9,9,0
20190528022,222,7,3,4
20190528023,232,7,5,2
20190528024,242,2,1,1
20190528025,252,7,2,5
20190528026,262,2,7,5
20190528027,272,1,8,7
20190528028,282,0,6,6
20190528029,292,5,6,1
20190528030,302,2,2,0
20190528031,312,6,4,2
20190528032,322,4,8,4
20190528033,332,2,7,5
20190528034,342,1,9,8
20190528035,352,4,3,1
20190528036,362,7,8,1
20190528037,372,5,3,2
20190528038,382,8,7,1
20190528039,392,0,7,7
20190528040,402,1,9,8
20190528041,412,9,7,2
20190528042,422,5,5,0
20190528043,432,4,4,0
20190528044,442,6,0,6
20190528045,452,5,2,3
20190528046,462,8,9,1
20190528047,472,2,5,3
20190528048,482,1,5,4
20190528049,492,0,7,7
20190528050,502,6,3,3
20190528051,512,8,8,0
20190528052,522,1,3,2
20190528053,532,4,2,2
20190528054,542,9,1,8
20190528055,552,0,3,3
20190528056,562,7,0,7
20190528057,572,5,5,0
20190528058,582,5,2,3
20190528059,592,2,1,1
20190528060,602,4,8,4
20190528061,612,2,6,4
20190528062,622,6,5,1
20190528063,632,1,1,0
20190528064,642,2,9,7
20190528065,652,1,7,6
20190528066,662,7,7,0
20190528067,672,8,1,7
20190528068,682,1,3,2
20190528069,692,5,9,4
20190528070,702,9,7,2
20190528071,712,4,3,1
20190528072,722,3,7,4
20190528073,732,2,8,6
20190528074,742,4,0,4
20190528075,752,2,6,4
20190528076,762,8,4,4
20190528077,772,4,9,5
20190528078,782,6,0,6
20190528079,792,5,3,2
20190528080,802,9,1,8
20190528081,812,3,2,1
20190528082,822,3,4,1
20190528083,832,6,4,2
20190528084,842,0,9,9
20190528085,852,2,6,4
20190528086,862,7,6,1
20190528087,872,7,6,1
20190528088,882,2,2,0
20190528089,892,9,7,2
20190528090,902,2,5,3
20190528091,912,6,0,6
20190528092,922,6,3,3
20190528093,932,0,6,6
20190528094,942,3,9,6
20190528095,952,6,9,3
20190528096,962,8,6,2
20190528097,972,8,0,8
20190528098,982,3,4,1
20190528099,992,3,4,1
20190528100,1002,7,6,1
20190528101,1012,6,0,6
20190528102,1022,3,3,0
20190528103,1032,4,0,4
20190528104,1042,6,4,2
20190528105,1052,6,4,2
20190528106,1062,2,2,0
20190528107,1072,3,3,0
20190528108,1082,0,7,7
20190528109,1092,2,5,3
20190528110,1102,6,4,2
20190528111,1112,5,8,3
20190528112,1122,7,7,0
20190528113,1132,8,7,1
20190528114,1142,4,3,1
20190528115,1152,6,9,3
20190528116,1162,9,6,3
20190528117,1172,6,3,3
20190528118,1182,1,4,3
20190528119,1192,0,3,3
20190528120,1202,8,4,4
20190528121,1212,8,9,1
20190528122,1222,8,8,0
20190528123,1232,5,0,5
20190528124,1242,5,8,3
20190528125,1252,1,0,1
20190528126,1262,6,5,1
20190528127,1272,8,5,3
20190528128,1282,4,0,4
20190528129,1292,2,9,7
20190528130,1302,5,1,4
20190528131,1312,7,0,7
20190528132,1322,9,2,7
20190528133,1332,4,4,0
20190528134,1342,2,1,1
20190528135,1352,5,4,1
20190528136,1362,2,4,2
20190528137,1372,2,0,2
20190528138,1382,0,7,7
20190528139,1392,1,5,4
20190528140,1402,6,6,0
20190528141,1412,9,2,7
20190528142,1422,9,7,2
20190528143,1432,8,5,3
20190528144,1442,0,4,4
20190528145,1452,8,3,5
20190528146,1462,9,3,6
20190528147,1472,5,9,4
20190528148,1482,2,9,7
20190528149,1492,9,2,7
20190528150,1502,3,4,1
20190528151,1512,3,8,5
20190528152,1522,5,2,3
20190528153,1532,1,0,1
20190528154,1542,2,1,1
20190528155,1552,7,0,7
20190528156,1562,8,2,6
20190528157,1572,8,5,3
20190528158,1582,4,6,2
20190528159,1592,5,1,4
20190528160,1602,0,5,5
20190528161,1612,0,6,6
20190528162,1622,6,7,1
20190528163,1632,0,5,5
20190528164,1642,9,0,9
20190528165,1652,8,6,2
20190528166,1662,3,3,0
20190528167,1672,9,0,9
20190528168,1682,8,0,8
20190528169,1692,4,8,4
20190528170,1702,8,7,1
20190528171,1712,9,1,8
20190528172,1722,4,5,1
20190528173,1732,4,6,2
20190528174,1742,8,7,1
20190528175,1752,0,6,6
20190528176,1762,2,6,4
20190528177,1772,9,2,7
20190528178,1782,6,6,0
20190528179,1792,6,8,2
20190528180,1802,5,8,3
20190528181,1812,4,2,2
20190528182,1822,7,6,1
20190528183,1832,3,9,6
20190528184,1842,0,9,9
20190528185,1852,6,9,3
20190528186,1862,9,3,6
20190528187,1872,1,0,1
20190528188,1882,6,7,1
20190528189,1892,4,5,1
20190528190,1902,8,6,2
20190528191,1912,2,0,2
20190528192,1922,7,4,3
20190528193,1932,0,7,7
20190528194,1942,0,4,4
20190528195,1952,2,0,2
20190528196,1962,9,8,1
20190528197,1972,9,0,9
20190528198,1982,5,6,1
20190528199,1992,0,6,6
20190528200,2002,8,1,7
20190528201,2012,7,9,2
20190528202,2022,2,2,0
20190528203,2032,5,4,1
20190528204,2042,9,7,2
20190528205,2052,3,3,0
20190528206,2062,6,7,1
20190528207,2072,8,8,0
20190528208,2082,8,1,7
20190528209,2092,7,3,4
20190528210,2102,9,1,8
20190528211,2112,3,9,6
20190528212,2122,5,9,4
20190528213,2132,8,6,2
20190528214,2142,8,4,4
20190528215,2152,2,5,3
20190528216,2162,3,9,6
20190528217,2172,8,6,2
20190528218,2182,0,0,0
20190528219,2192,6,3,3
20190528220,2202,2,5,3
20190528221,2212,6,2,4
20190528222,2222,2,3,1
20190528223,2232,5,2,3
20190528224,2242,3,4,1
20190528225,2252,1,8,7
20190528226,2262,5,5,0
20190528227,2272,8,1,7
20190528228,2282,3,9,6
20190528229,2292,8,5,3
20190528230,2302,7,1,6
20190528231,2312,2,7,5
20190528232,2322,9,0,9
20190528233,2332,3,7,4
20190528234,2342,2,6,4
20190528235,2352,7,2,5
20190528236,2362,2,7,5
20190528237,2372,0,0,0
20190528238,2382,4,6,2
20190528239,2392,5,3,2
20190528240,2402,9,2,7
20190528241,2412,2,5,3
20190528242,2422,9,6,3
20190528243,2432,1,4,3
20190528244,2442,7,1,6
20190528245,2452,9,8,1
20190528246,2462,6,0,6
20190528247,2472,0,6,6
20190528248,2482,3,5,2
20190528249,2492,8,7,1
20190528250,2502,6,2,4
20190528251,2512,7,8,1
20190528252,2522,1,6,5
20190528253,2532,1,5,4
20190528254,2542,5,6,1
20190528255,2552,8,5,3
20190528256,2562,3,2,1
20190528257,2572,4,8,4
20190528258,2582,4,7,3
20190528259,2592,5,9,4
20190528260,2602,1,7,6
20190528261,2612,1,6,5
20190528262,2622,0,2,2
20190528263,2632,9,9,0
20190528264,2642,3,3,0
20190528265,2652,8,2,6
20190528266,2662,0,0,0
20190528267,2672,1,2,1
20190528268,2682,5,8,3
20190528269,2692,8,2,6
20190528270,2702,7,5,2
20190528271,2712,8,6,2
20190528272,2722,1,3,2
20190528273,2732,1,3,2
20190528274,2742,9,9,0
20190528275,2752,4,6,2
20190528276,2762,4,3,1
20190528277,2772,2,6,4
20190528278,2782,3,3,0
20190528279,2792,5,3,2
20190528280,2802,8,2,6
20190528281,2812,0,3,3
20190528282,2822,0,5,5
20190528283,2832,3,0,3
20190528284,2842,2,4,2
20190528285,2852,8,2,6
20190528286,2862,5,3,2
20190528287,2872,1,0,1
20190528288,2882,6,8,2
20190529001,13,9,2,7
20190529002,23,0,6,6
20190529003,33,3,4,1
20190529004,43,2,8,6
20190529005,53,2,8,6
20190529006,63,3,7,4
20190529007,73,6,9,3
20190529008,83,3,2,1
20190529009,93,9,7,2
20190529010,103,4,2,2
20190529011,113,9,7,2
20190529012,123,0,4,4
20190529013,133,1,0,1
20190529014,143,1,7,6
20190529015,153,7,5,2
20190529016,163,7,2,5
20190529017,173,1,8,7
20190529018,183,4,7,3
20190529019,193,1,1,0
20190529020,203,1,1,0
20190529021,213,7,1,6
20190529022,223,2,6,4
20190529023,233,9,7,2
20190529024,243,9,4,5
20190529025,253,5,8,3
20190529026,263,0,1,1
20190529027,273,4,2,2
20190529028,283,0,5,5
20190529029,293,2,1,1
20190529030,303,1,8,7
20190529031,313,0,7,7
20190529032,323,8,8,0
20190529033,333,5,2,3
20190529034,343,5,6,1
20190529035,353,1,6,5
20190529036,363,7,4,3
20190529037,373,0,5,5
20190529038,383,8,2,6
20190529039,393,6,9,3
20190529040,403,7,4,3
20190529041,413,2,1,1
20190529042,423,5,8,3
20190529043,433,5,8,3
20190529044,443,4,1,3
20190529045,453,1,4,3
20190529046,463,3,0,3
20190529047,473,7,2,5
20190529048,483,1,5,4
20190529049,493,9,6,3
20190529050,503,3,3,0
20190529051,513,2,1,1
20190529052,523,2,3,1
20190529053,533,3,4,1
20190529054,543,5,9,4
20190529055,553,9,4,5
20190529056,563,5,7,2
20190529057,573,7,9,2
20190529058,583,5,0,5
20190529059,593,2,9,7
20190529060,603,5,9,4
20190529061,613,2,1,1
20190529062,623,0,5,5
20190529063,633,6,3,3
20190529064,643,5,4,1
20190529065,653,1,4,3
20190529066,663,8,9,1
20190529067,673,7,5,2
20190529068,683,3,6,3
20190529069,693,8,2,6
20190529070,703,9,5,4
20190529071,713,1,2,1
20190529072,723,7,5,2
20190529073,733,7,4,3
20190529074,743,3,9,6
20190529075,753,2,1,1
20190529076,763,4,2,2
20190529077,773,2,6,4
20190529078,783,5,5,0
20190529079,793,3,1,2
20190529080,803,5,6,1
20190529081,813,2,0,2
20190529082,823,9,9,0
20190529083,833,0,4,4
20190529084,843,2,0,2
20190529085,853,9,8,1
20190529086,863,9,8,1
20190529087,873,7,1,6
20190529088,883,0,4,4
20190529089,893,3,6,3
20190529090,903,1,8,7
20190529091,913,3,2,1
20190529092,923,2,0,2
20190529093,933,9,4,5
20190529094,943,5,2,3
20190529095,953,3,6,3
20190529096,963,9,9,0
20190529097,973,2,8,6
20190529098,983,5,4,1
20190529099,993,7,8,1
20190529100,1003,1,3,2
20190529101,1013,7,8,1
20190529102,1023,6,9,3
20190529103,1033,7,6,1
20190529104,1043,1,5,4
20190529105,1053,3,8,5
20190529106,1063,8,6,2
20190529107,1073,3,7,4
20190529108,1083,7,4,3
20190529109,1093,4,2,2
20190529110,1103,6,1,5
20190529111,1113,4,8,4
20190529112,1123,3,0,3
20190529113,1133,7,4,3
20190529114,1143,2,6,4
20190529115,1153,1,6,5
20190529116,1163,1,2,1
20190529117,1173,9,6,3
20190529118,1183,9,5,4
20190529119,1193,4,3,1
20190529120,1203,6,2,4
20190529121,1213,2,6,4
20190529122,1223,6,2,4
20190529123,1233,7,1,6
20190529124,1243,0,4,4
20190529125,1253,0,7,7
20190529126,1263,4,8,4
20190529127,1273,6,0,6
20190529128,1283,9,9,0
20190529129,1293,6,6,0
20190529130,1303,9,1,8
20190529131,1313,9,1,8
20190529132,1323,4,4,0
20190529133,1333,2,3,1
20190529134,1343,4,6,2
20190529135,1353,5,9,4
20190529136,1363,3,1,2
20190529137,1373,4,1,3
20190529138,1383,9,5,4
20190529139,1393,7,0,7
20190529140,1403,4,3,1
20190529141,1413,3,3,0
20190529142,1423,2,0,2
20190529143,1433,0,7,7
20190529144,1443,1,7,6
20190529145,1453,8,8,0
20190529146,1463,2,7,5
20190529147,1473,5,4,1
20190529148,1483,2,1,1
20190529149,1493,5,3,2
20190529150,1503,1,0,1
20190529151,1513,9,3,6
20190529152,1523,1,8,7
20190529153,1533,2,8,6
20190529154,1543,9,5,4
20190529155,1553,8,2,6
20190529156,1563,2,6,4
20190529157,1573,8,1,7
20190529158,1583,8,9,1
20190529159,1593,8,5,3
20190529160,1603,2,1,1
20190529161,1613,2,2,0
20190529162,1623,9,7,2
20190529163,1633,6,8,2
20190529164,1643,1,4,3
20190529165,1653,5,9,4
20190529166,1663,9,5,4
20190529167,1673,7,3,4
20190529168,1683,1,2,1
20190529169,1693,2,9,7
20190529170,1703,5,2,3
20190529171,1713,1,4,3
20190529172,1723,2,8,6
20190529173,1733,7,2,5
20190529174,1743,5,0,5
20190529175,1753,7,6,1
20190529176,1763,7,3,4
20190529177,1773,1,5,4
20190529178,1783,1,0,1
20190529179,1793,9,3,6
20190529180,1803,8,9,1
20190529181,1813,5,5,0
20190529182,1823,7,8,1
20190529183,1833,8,5,3
20190529184,1843,5,5,0
20190529185,1853,0,7,7
20190529186,1863,0,2,2
20190529187,1873,2,0,2
20190529188,1883,5,1,4
20190529189,1893,0,0,0
20190529190,1903,1,5,4
20190529191,1913,9,4,5
20190529192,1923,4,9,5
20190529193,1933,0,9,9
20190529194,1943,6,9,3
20190529195,1953,5,4,1
20190529196,1963,7,3,4
20190529197,1973,1,6,5
20190529198,1983,7,1,6
20190529199,1993,6,1,5
20190529200,2003,5,1,4
20190529201,2013,0,0,0
20190529202,2023,2,0,2
20190529203,2033,5,9,4
20190529204,2043,2,7,5
20190529205,2053,0,4,4
20190529206,2063,3,3,0
20190529207,2073,9,0,9
20190529208,2083,3,9,6
20190529209,2093,7,6,1
20190529210,2103,4,7,3
20190529211,2113,7,3,4
20190529212,2123,5,1,4
20190529213,2133,5,9,4
20190529214,2143,1,5,4
20190529215,2153,9,7,2
20190529216,2163,3,5,2
20190529217,2173,7,4,3
20190529218,2183,9,3,6
20190529219,2193,5,9,4
20190529220,2203,4,8,4
20190529221,2213,7,6,1
20190529222,2223,1,4,3
20190529223,2233,6,9,3
20190529224,2243,8,4,4
20190529225,2253,9,2,7
20190529226,2263,0,5,5
20190529227,2273,2,0,2
20190529228,2283,6,5,1
20190529229,2293,6,7,1
20190529230,2303,6,9,3
20190529231,2313,9,2,7
20190529232,2323,2,0,2
20190529233,2333,6,8,2
20190529234,2343,7,3,4
20190529235,2353,7,4,3
20190529236,2363,8,6,2
20190529237,2373,3,7,4
20190529238,2383,9,6,3
20190529239,2393,6,2,4
20190529240,2403,0,8,8
20190529241,2413,1,1,0
20190529242,2423,6,2,4
20190529243,2433,9,7,2
20190529244,2443,4,3,1
20190529245,2453,1,9,8
20190529246,2463,5,6,1
20190529247,2473,2,2,0
20190529248,2483,9,8,1
20190529249,2493,6,5,1
20190529250,2503,1,2,1
20190529251,2513,5,1,4
20190529252,2523,3,8,5
20190529253,2533,4,0,4
20190529254,2543,1,4,3
20190529255,2553,4,7,3
20190529256,2563,9,0,9
20190529257,2573,3,5,2
20190529258,2583,7,8,1
20190529259,2593,6,8,2
20190529260,2603,5,3,2
20190529261,2613,5,9,4
20190529262,2623,0,5,5
20190529263,2633,8,8,0
20190529264,2643,5,7,2
20190529265,2653,8,0,8
20190529266,2663,5,0,5
20190529267,2673,6,3,3
20190529268,2683,9,0,9
20190529269,2693,7,5,2
20190529270,2703,9,3,6
20190529271,2713,5,0,5
20190529272,2723,0,9,9
20190529273,2733,4,5,1
20190529274,2743,8,5,3
20190529275,2753,5,9,4
20190529276,2763,7,0,7
20190529277,2773,2,2,0
20190529278,2783,9,0,9
20190529279,2793,8,3,5
20190529280,2803,4,1,3
20190529281,2813,5,5,0
20190529282,2823,5,4,1
20190529283,2833,7,6,1
20190529284,2843,1,7,6
20190529285,2853,6,3,3
20190529286,2863,6,8,2
20190529287,2873,9,1,8
20190529288,2883,2,9,7
20190530001,14,3,8,5
20190530002,24,8,2,6
20190530003,34,6,2,4
20190530004,44,4,7,3
20190530005,54,6,2,4
20190530006,64,8,1,7
20190530007,74,7,3,4
20190530008,84,6,1,5
20190530009,94,1,9,8
20190530010,104,1,8,7
20190530011,114,6,6,0
20190530012,124,6,0,6
20190530013,134,5,0,5
20190530014,144,0,2,2
20190530015,154,3,6,3
20190530016,164,1,9,8
20190530017,174,6,3,3
20190530018,184,0,3,3
20190530019,194,6,0,6
20190530020,204,7,1,6
20190530021,214,2,4,2
20190530022,224,8,3,5
20190530023,234,7,4,3
20190530024,244,5,6,1
20190530025,254,3,3,0
20190530026,264,6,2,4
20190530027,274,6,9,3
20190530028,284,6,4,2
20190530029,294,8,7,1
20190530030,304,5,8,3
20190530031,314,6,1,5
20190530032,324,7,9,2
20190530033,334,9,5,4
20190530034,344,7,2,5
20190530035,354,6,6,0
20190530036,364,2,9,7
20190530037,374,4,2,2
20190530038,384,4,2,2
20190530039,394,3,8,5
20190530040,404,6,9,3
20190530041,414,9,4,5
20190530042,424,9,3,6
20190530043,434,5,9,4
20190530044,444,7,8,1
20190530045,454,2,2,0
20190530046,464,1,1,0
20190530047,474,0,9,9
20190530048,484,2,7,5
20190530049,494,7,8,1
20190530050,504,2,4,2
20190530051,514,6,2,4
20190530052,524,3,6,3
20190530053,534,2,1,1
20190530054,544,6,3,3
20190530055,554,5,1,4
20190530056,564,9,7,2
20190530057,574,6,5,1
20190530058,584,4,9,5
20190530059,594,2,2,0
20190530060,604,4,3,1
20190530061,614,6,1,5
20190530062,624,9,4,5
20190530063,634,7,1,6
20190530064,644,9,7,2
20190530065,654,2,9,7
20190530066,664,5,3,2
20190530067,674,4,3,1
20190530068,684,8,3,5
20190530069,694,5,4,1
20190530070,704,9,0,9
20190530071,714,7,4,3
20190530072,724,4,5,1
20190530073,734,8,6,2
20190530074,744,8,3,5
20190530075,754,0,3,3
20190530076,764,2,9,7
20190530077,774,0,2,2
20190530078,784,3,4,1
20190530079,794,1,1,0
20190530080,804,3,0,3
20190530081,814,6,0,6
20190530082,824,6,9,3
20190530083,834,4,2,2
20190530084,844,7,7,0
20190530085,854,2,9,7
20190530086,864,1,9,8
20190530087,874,5,3,2
20190530088,884,7,4,3
20190530089,894,9,1,8
20190530090,904,3,4,1
20190530091,914,5,0,5
20190530092,924,3,5,2
20190530093,934,6,0,6
20190530094,944,8,7,1
20190530095,954,7,7,0
20190530096,964,1,2,1
20190530097,974,6,4,2
20190530098,984,7,8,1
20190530099,994,3,9,6
20190530100,1004,7,2,5
20190530101,1014,4,8,4
20190530102,1024,9,9,0
20190530103,1034,8,3,5
20190530104,1044,1,7,6
20190530105,1054,4,1,3
20190530106,1064,7,3,4
20190530107,1074,8,1,7
20190530108,1084,0,7,7
20190530109,1094,8,6,2
20190530110,1104,3,0,3
20190530111,1114,1,3,2
20190530112,1124,8,6,2
20190530113,1134,0,3,3
20190530114,1144,2,5,3
20190530115,1154,1,6,5
20190530116,1164,6,5,1
20190530117,1174,9,7,2
20190530118,1184,4,1,3
20190530119,1194,7,2,5
20190530120,1204,6,5,1
20190530121,1214,4,7,3
20190530122,1224,2,5,3
20190530123,1234,9,2,7
20190530124,1244,5,9,4
20190530125,1254,3,1,2
20190530126,1264,5,5,0
20190530127,1274,7,8,1
20190530128,1284,7,3,4
20190530129,1294,9,3,6
20190530130,1304,6,0,6
20190530131,1314,6,2,4
20190530132,1324,9,0,9
20190530133,1334,4,4,0
20190530134,1344,0,3,3
20190530135,1354,2,6,4
20190530136,1364,6,3,3
20190530137,1374,9,3,6
20190530138,1384,6,5,1
20190530139,1394,0,2,2
20190530140,1404,3,7,4
20190530141,1414,2,6,4
20190530142,1424,4,1,3
20190530143,1434,3,5,2
20190530144,1444,9,0,9
20190530145,1454,8,2,6
20190530146,1464,7,5,2
20190530147,1474,7,5,2
20190530148,1484,6,8,2
20190530149,1494,2,2,0
20190530150,1504,7,9,2
20190530151,1514,4,9,5
20190530152,1524,7,9,2
20190530153,1534,0,6,6
20190530154,1544,5,2,3
20190530155,1554,2,2,0
20190530156,1564,5,2,3
20190530157,1574,6,5,1
20190530158,1584,2,9,7
20190530159,1594,3,6,3
20190530160,1604,3,4,1
20190530161,1614,1,4,3
20190530162,1624,8,8,0
20190530163,1634,3,4,1
20190530164,1644,7,8,1
20190530165,1654,7,6,1
20190530166,1664,5,7,2
20190530167,1674,8,8,0
20190530168,1684,4,2,2
20190530169,1694,7,2,5
20190530170,1704,3,6,3
20190530171,1714,3,2,1
20190530172,1724,0,6,6
20190530173,1734,4,5,1
20190530174,1744,0,2,2
20190530175,1754,4,5,1
20190530176,1764,5,8,3
20190530177,1774,8,0,8
20190530178,1784,2,2,0
20190530179,1794,1,7,6
20190530180,1804,8,9,1
20190530181,1814,3,5,2
20190530182,1824,8,6,2
20190530183,1834,5,6,1
20190530184,1844,2,8,6
20190530185,1854,7,9,2
20190530186,1864,8,1,7
20190530187,1874,3,8,5
20190530188,1884,9,1,8
20190530189,1894,4,9,5
20190530190,1904,6,2,4
20190530191,1914,7,8,1
20190530192,1924,5,1,4
20190530193,1934,5,2,3
20190530194,1944,8,0,8
20190530195,1954,7,1,6
20190530196,1964,4,2,2
20190530197,1974,2,1,1
20190530198,1984,5,0,5
20190530199,1994,7,7,0
20190530200,2004,8,7,1
20190530201,2014,3,7,4
20190530202,2024,8,7,1
20190530203,2034,6,4,2
20190530204,2044,6,7,1
20190530205,2054,0,7,7
20190530206,2064,4,1,3
20190530207,2074,3,4,1
20190530208,2084,1,1,0
20190530209,2094,0,8,8
20190530210,2104,8,2,6
20190530211,2114,9,1,8
20190530212,2124,3,6,3
20190530213,2134,5,5,0
20190530214,2144,4,2,2
20190530215,2154,7,5,2
20190530216,2164,9,9,0
20190530217,2174,5,3,2
20190530218,2184,4,6,2
20190530219,2194,8,7,1
20190530220,2204,7,7,0
20190530221,2214,4,1,3
20190530222,2224,6,6,0
20190530223,2234,3,4,1
20190530224,2244,0,5,5
20190530225,2254,7,0,7
20190530226,2264,6,9,3
20190530227,2274,1,5,4
20190530228,2284,2,9,7
20190530229,2294,2,6,4
20190530230,2304,1,3,2
20190530231,2314,5,1,4
20190530232,2324,2,0,2
20190530233,2334,2,8,6
20190530234,2344,6,2,4
20190530235,2354,4,7,3
20190530236,2364,6,4,2
20190530237,2374,8,9,1
20190530238,2384,4,3,1
20190530239,2394,6,1,5
20190530240,2404,7,4,3
20190530241,2414,4,6,2
20190530242,2424,4,0,4
20190530243,2434,0,4,4
20190530244,2444,4,2,2
20190530245,2454,1,0,1
20190530246,2464,9,2,7
20190530247,2474,4,2,2
20190530248,2484,4,8,4
20190530249,2494,6,8,2
20190530250,2504,7,9,2
20190530251,2514,6,6,0
20190530252,2524,8,3,5
20190530253,2534,7,3,4
20190530254,2544,4,5,1
20190530255,2554,1,6,5
20190530256,2564,4,2,2
20190530257,2574,8,6,2
20190530258,2584,4,3,1
20190530259,2594,6,8,2
20190530260,2604,6,1,5
20190530261,2614,9,6,3
20190530262,2624,8,1,7
20190530263,2634,5,3,2
20190530264,2644,0,9,9
20190530265,2654,1,9,8
20190530266,2664,4,9,5
20190530267,2674,6,1,5
20190530268,2684,6,1,5
20190530269,2694,7,6,1
20190530270,2704,7,3,4
20190530271,2714,7,4,3
20190530272,2724,6,4,2
20190530273,2734,2,5,3
20190530274,2744,9,5,4
20190530275,2754,1,7,6
20190530276,2764,3,4,1
20190530277,2774,3,3,0
20190530278,2784,9,6,3
20190530279,2794,2,4,2
20190530280,2804,9,6,3
20190530281,2814,4,7,3
20190530282,2824,6,7,1
20190530283,2834,9,3,6
20190530284,2844,9,6,3
20190530285,2854,7,8,1
20190530286,2864,0,3,3
20190530287,2874,7,1,6
20190530288,2884,0,9,9
20190531001,15,8,9,1
20190531002,25,3,6,3
20190531003,35,2,2,0
20190531004,45,1,8,7
20190531005,55,5,1,4
20190531006,65,3,3,0
20190531007,75,4,5,1
20190531008,85,9,9,0
20190531009,95,1,5,4
20190531010,105,7,0,7
20190531011,115,1,1,0
20190531012,125,4,4,0
20190531013,135,3,4,1
20190531014,145,5,8,3
20190531015,155,9,9,0
20190531016,165,6,1,5
20190531017,175,0,8,8
20190531018,185,5,3,2
20190531019,195,8,7,1
20190531020,205,3,4,1
20190531021,215,7,9,2
20190531022,225,7,1,6
20190531023,235,8,3,5
20190531024,245,1,3,2
20190531025,255,7,2,5
20190531026,265,5,3,2
20190531027,275,4,2,2
20190531028,285,8,9,1
20190531029,295,5,9,4
20190531030,305,1,8,7
20190531031,315,6,6,0
20190531032,325,0,3,3
20190531033,335,8,1,7
20190531034,345,7,4,3
20190531035,355,7,2,5
20190531036,365,6,5,1
20190531037,375,7,3,4
20190531038,385,0,6,6
20190531039,395,1,6,5
20190531040,405,0,7,7
20190531041,415,2,1,1
20190531042,425,5,8,3
20190531043,435,9,1,8
20190531044,445,6,6,0
20190531045,455,7,7,0
20190531046,465,0,7,7
20190531047,475,0,3,3
20190531048,485,6,1,5
20190531049,495,8,0,8
20190531050,505,2,3,1
20190531051,515,1,4,3
20190531052,525,7,1,6
20190531053,535,4,5,1
20190531054,545,9,7,2
20190531055,555,1,3,2
20190531056,565,4,0,4
20190531057,575,2,7,5
20190531058,585,3,3,0
20190531059,595,1,6,5
20190531060,605,1,7,6
20190531061,615,4,7,3
20190531062,625,4,1,3
20190531063,635,4,6,2
20190531064,645,2,1,1
20190531065,655,4,7,3
20190531066,665,0,8,8
20190531067,675,2,8,6
20190531068,685,7,1,6
20190531069,695,7,9,2
20190531070,705,0,4,4
20190531071,715,7,3,4
20190531072,725,8,5,3
20190531073,735,3,7,4
20190531074,745,7,8,1
20190531075,755,0,3,3
20190531076,765,7,9,2
20190531077,775,4,1,3
20190531078,785,6,7,1
20190531079,795,9,1,8
20190531080,805,0,4,4
20190531081,815,8,8,0
20190531082,825,6,6,0
20190531083,835,9,6,3
20190531084,845,8,8,0
20190531085,855,6,4,2
20190531086,865,0,1,1
20190531087,875,0,2,2
20190531088,885,3,5,2
20190531089,895,4,3,1
20190531090,905,7,5,2
20190531091,915,1,1,0
20190531092,925,9,8,1
20190531093,935,8,7,1
20190531094,945,3,3,0
20190531095,955,1,7,6
20190531096,965,3,8,5
20190531097,975,7,2,5
20190531098,985,3,8,5
20190531099,995,7,7,0
20190531100,1005,3,6,3
20190531101,1015,0,4,4
20190531102,1025,7,2,5
20190531103,1035,3,7,4
20190531104,1045,6,7,1
20190531105,1055,5,1,4
20190531106,1065,8,6,2
20190531107,1075,8,8,0
20190531108,1085,7,4,3
20190531109,1095,2,8,6
20190531110,1105,1,5,4
20190531111,1115,5,2,3
20190531112,1125,2,0,2
20190531113,1135,8,7,1
20190531114,1145,9,4,5
20190531115,1155,4,5,1
20190531116,1165,2,2,0
20190531117,1175,0,3,3
20190531118,1185,5,2,3
20190531119,1195,6,3,3
20190531120,1205,9,6,3
20190531121,1215,9,2,7
20190531122,1225,1,5,4
20190531123,1235,7,4,3
20190531124,1245,6,1,5
20190531125,1255,5,8,3
20190531126,1265,6,8,2
20190531127,1275,3,6,3
20190531128,1285,8,1,7
20190531129,1295,3,3,0
20190531130,1305,4,5,1
20190531131,1315,4,1,3
20190531132,1325,0,4,4
20190531133,1335,1,4,3
20190531134,1345,9,2,7
20190531135,1355,4,0,4
20190531136,1365,2,3,1
20190531137,1375,5,8,3
20190531138,1385,9,2,7
20190531139,1395,8,2,6
20190531140,1405,5,2,3
20190531141,1415,7,8,1
20190531142,1425,8,5,3
20190531143,1435,4,7,3
20190531144,1445,0,1,1
20190531145,1455,3,5,2
20190531146,1465,3,1,2
20190531147,1475,6,0,6
20190531148,1485,1,7,6
20190531149,1495,1,1,0
20190531150,1505,5,1,4
20190531151,1515,5,2,3
20190531152,1525,0,3,3
20190531153,1535,0,8,8
20190531154,1545,5,6,1
20190531155,1555,3,2,1
20190531156,1565,5,2,3
20190531157,1575,1,6,5
20190531158,1585,4,1,3
20190531159,1595,8,6,2
20190531160,1605,0,5,5
20190531161,1615,5,7,2
20190531162,1625,1,9,8
20190531163,1635,5,5,0
20190531164,1645,9,2,7
20190531165,1655,3,9,6
20190531166,1665,5,1,4
20190531167,1675,8,9,1
20190531168,1685,9,6,3
20190531169,1695,0,1,1
20190531170,1705,2,7,5
20190531171,1715,9,5,4
20190531172,1725,9,6,3
20190531173,1735,1,8,7
20190531174,1745,6,2,4
20190531175,1755,6,2,4
20190531176,1765,3,0,3
20190531177,1775,7,5,2
20190531178,1785,4,5,1
20190531179,1795,9,9,0
20190531180,1805,3,7,4
20190531181,1815,1,1,0
20190531182,1825,6,0,6
20190531183,1835,3,9,6
20190531184,1845,3,3,0
20190531185,1855,1,2,1
20190531186,1865,0,7,7
20190531187,1875,2,7,5
20190531188,1885,9,9,0
20190531189,1895,9,6,3
20190531190,1905,6,2,4
20190531191,1915,8,0,8
20190531192,1925,4,0,4
20190531193,1935,0,7,7
20190531194,1945,2,6,4
20190531195,1955,0,7,7
20190531196,1965,6,4,2
20190531197,1975,2,7,5
20190531198,1985,5,4,1
20190531199,1995,0,2,2
20190531200,2005,3,8,5
20190531201,2015,7,7,0
20190531202,2025,0,5,5
20190531203,2035,0,7,7
20190531204,2045,7,0,7
20190531205,2055,5,2,3
20190531206,2065,7,5,2
20190531207,2075,3,5,2
20190531208,2085,8,6,2
20190531209,2095,2,5,3
20190531210,2105,0,3,3
20190531211,2115,6,3,3
20190531212,2125,8,9,1
20190531213,2135,5,8,3
20190531214,2145,6,4,2
20190531215,2155,8,0,8
20190531216,2165,8,9,1
20190531217,2175,2,4,2
20190531218,2185,6,2,4
20190531219,2195,0,8,8
20190531220,2205,9,0,9
20190531221,2215,0,2,2
20190531222,2225,0,4,4
20190531223,2235,6,5,1
20190531224,2245,4,7,3
20190531225,2255,7,4,3
20190531226,2265,4,2,2
20190531227,2275,8,8,0
20190531228,2285,6,9,3
20190531229,2295,2,4,2
20190531230,2305,3,7,4
20190531231,2315,2,7,5
20190531232,2325,1,9,8
20190531233,2335,6,6,0
20190531234,2345,6,6,0
20190531235,2355,1,0,1
20190531236,2365,3,1,2
20190531237,2375,0,3,3
20190531238,2385,0,4,4
20190531239,2395,9,0,9
20190531240,2405,6,6,0
20190531241,2415,7,4,3
20190531242,2425,0,5,5
20190531243,2435,4,5,1
20190531244,2445,2,5,3
20190531245,2455,0,8,8
20190531246,2465,9,1,8
20190531247,2475,6,7,1
20190531248,2485,2,3,1
20190531249,2495,9,2,7
20190531250,2505,6,0,6
20190531251,2515,1,0,1
20190531252,2525,5,3,2
20190531253,2535,1,4,3
20190531254,2545,8,9,1
20190531255,2555,5,4,1
20190531256,2565,3,8,5
20190531257,2575,5,6,1
20190531258,2585,5,8,3
20190531259,2595,4,0,4
20190531260,2605,3,9,6
20190531261,2615,2,8,6
20190531262,2625,3,6,3
20190531263,2635,7,5,2
20190531264,2645,6,2,4
20190531265,2655,4,5,1
20190531266,2665,0,0,0
20190531267,2675,7,1,6
20190531268,2685,5,2,3
20190531269,2695,6,5,1
20190531270,2705,1,6,5
20190531271,2715,9,7,2
20190531272,2725,4,8,4
20190531273,2735,4,3,1
20190531274,2745,6,8,2
20190531275,2755,3,5,2
20190531276,2765,1,9,8
20190531277,2775,1,9,8
20190531278,2785,7,5,2
20190531279,2795,6,8,2
20190531280,2805,6,2,4
20190531281,2815,5,3,2
20190531282,2825,9,9,0
20190531283,2835,7,3,4
20190531284,2845,9,1,8
20190531285,2855,3,2,1
20190531286,2865,6,6,0
20190531287,2875,4,8,4
20190531288,2885,8,3,5
20190601001,16,4,1,3
20190601002,26,9,2,7
20190601003,36,2,9,7
20190601004,46,6,6,0
20190601005,56,8,6,2
20190601006,66,0,1,1
20190601007,76,1,1,0
20190601008,86,6,8,2
20190601009,96,2,9,7
20190601010,106,9,1,8
20190601011,116,1,5,4
20190601012,126,7,8,1
20190601013,136,6,2,4
20190601014,146,1,6,5
20190601015,156,3,6,3
20190601016,166,8,8,0
20190601017,176,2,6,4
20190601018,186,1,3,2
20190601019,196,3,6,3
20190601020,206,3,8,5
20190601021,216,7,1,6
20190601022,226,9,2,7
20190601023,236,7,0,7
20190601024,246,7,1,6
20190601025,256,8,7,1
20190601026,266,8,7,1
20190601027,276,6,5,1
20190601028,286,2,6,4
20190601029,296,5,8,3
20190601030,306,9,2,7
20190601031,316,1,4,3
20190601032,326,4,3,1
20190601033,336,3,3,0
20190601034,346,2,2,0
20190601035,356,6,2,4
20190601036,366,5,2,3
20190601037,376,5,4,1
20190601038,386,4,9,5
20190601039,396,5,1,4
20190601040,406,6,5,1
20190601041,416,9,7,2
20190601042,426,2,2,0
20190601043,436,1,8,7
20190601044,446,6,3,3
20190601045,456,0,7,7
20190601046,466,7,5,2
20190601047,476,7,4,3
20190601048,486,8,5,3
20190601049,496,1,1,0
20190601050,506,8,4,4
20190601051,516,3,5,2
20190601052,526,9,2,7
20190601053,536,5,3,2
20190601054,546,4,1,3
20190601055,556,3,4,1
20190601056,566,6,5,1
20190601057,576,8,2,6
20190601058,586,4,6,2
20190601059,596,2,6,4
20190601060,606,5,4,1
20190601061,616,1,7,6
20190601062,626,8,3,5
20190601063,636,5,1,4
20190601064,646,4,8,4
20190601065,656,0,4,4
20190601066,666,0,9,9
20190601067,676,8,3,5
20190601068,686,2,7,5
20190601069,696,0,1,1
20190601070,706,2,4,2
20190601071,716,7,8,1
20190601072,726,9,6,3
20190601073,736,3,9,6
20190601074,746,6,5,1
20190601075,756,8,8,0
20190601076,766,4,1,3
20190601077,776,5,9,4
20190601078,786,8,6,2
20190601079,796,5,7,2
20190601080,806,8,1,7
20190601081,816,0,9,9
20190601082,826,6,1,5
20190601083,836,9,1,8
20190601084,846,7,6,1
20190601085,856,6,3,3
20190601086,866,6,0,6
20190601087,876,6,2,4
20190601088,886,9,7,2
20190601089,896,3,4,1
20190601090,906,5,5,0
20190601091,916,6,4,2
20190601092,926,5,8,3
20190601093,936,7,5,2
20190601094,946,0,2,2
20190601095,956,2,3,1
20190601096,966,3,0,3
20190601097,976,1,3,2
20190601098,986,3,5,2
20190601099,996,6,1,5
20190601100,1006,6,9,3
20190601101,1016,1,1,0
20190601102,1026,2,1,1
20190601103,1036,2,1,1
20190601104,1046,5,3,2
20190601105,1056,1,8,7
20190601106,1066,1,8,7
20190601107,1076,9,4,5
20190601108,1086,9,8,1
20190601109,1096,0,2,2
20190601110,1106,9,8,1
20190601111,1116,8,8,0
20190601112,1126,0,5,5
20190601113,1136,9,6,3
20190601114,1146,3,2,1
20190601115,1156,1,5,4
20190601116,1166,2,7,5
20190601117,1176,7,6,1
20190601118,1186,6,3,3
20190601119,1196,0,5,5
20190601120,1206,6,9,3
20190601121,1216,6,4,2
20190601122,1226,1,9,8
20190601123,1236,1,1,0
20190601124,1246,5,3,2
20190601125,1256,2,8,6
20190601126,1266,1,5,4
20190601127,1276,4,9,5
20190601128,1286,6,1,5
20190601129,1296,3,5,2
20190601130,1306,8,3,5
20190601131,1316,5,4,1
20190601132,1326,8,4,4
20190601133,1336,3,4,1
20190601134,1346,6,5,1
20190601135,1356,6,1,5
20190601136,1366,9,0,9
20190601137,1376,7,2,5
20190601138,1386,6,4,2
20190601139,1396,8,7,1
20190601140,1406,0,7,7
20190601141,1416,3,5,2
20190601142,1426,1,2,1
20190601143,1436,8,6,2
20190601144,1446,0,6,6
20190601145,1456,5,9,4
20190601146,1466,9,2,7
20190601147,1476,9,1,8
20190601148,1486,5,0,5
20190601149,1496,1,8,7
20190601150,1506,5,1,4
20190601151,1516,1,9,8
20190601152,1526,5,3,2
20190601153,1536,3,6,3
20190601154,1546,5,1,4
20190601155,1556,7,8,1
20190601156,1566,2,6,4
20190601157,1576,2,6,4
20190601158,1586,0,1,1
20190601159,1596,6,1,5
20190601160,1606,6,1,5
20190601161,1616,5,5,0
20190601162,1626,8,5,3
20190601163,1636,1,0,1
20190601164,1646,2,3,1
20190601165,1656,6,8,2
20190601166,1666,1,6,5
20190601167,1676,6,1,5
20190601168,1686,7,9,2
20190601169,1696,8,7,1
20190601170,1706,1,3,2
20190601171,1716,6,0,6
20190601172,1726,1,5,4
20190601173,1736,8,1,7
20190601174,1746,8,0,8
20190601175,1756,0,0,0
20190601176,1766,8,2,6
20190601177,1776,6,3,3
20190601178,1786,4,3,1
20190601179,1796,0,9,9
20190601180,1806,5,6,1
20190601181,1816,9,7,2
20190601182,1826,6,5,1
20190601183,1836,4,1,3
20190601184,1846,9,4,5
20190601185,1856,0,0,0
20190601186,1866,7,6,1
20190601187,1876,8,2,6
20190601188,1886,2,2,0
20190601189,1896,5,9,4
20190601190,1906,0,3,3
20190601191,1916,2,3,1
20190601192,1926,0,4,4
20190601193,1936,1,8,7
20190601194,1946,0,9,9
20190601195,1956,6,9,3
20190601196,1966,6,7,1
20190601197,1976,7,1,6
20190601198,1986,9,8,1
20190601199,1996,9,0,9
20190601200,2006,2,8,6
20190601201,2016,3,6,3
20190601202,2026,5,1,4
20190601203,2036,6,1,5
20190601204,2046,9,1,8
20190601205,2056,7,0,7
20190601206,2066,3,6,3
20190601207,2076,4,0,4
20190601208,2086,8,3,5
20190601209,2096,7,9,2
20190601210,2106,5,7,2
20190601211,2116,3,4,1
20190601212,2126,6,9,3
20190601213,2136,7,9,2
20190601214,2146,0,6,6
20190601215,2156,5,7,2
20190601216,2166,9,9,0
20190601217,2176,1,3,2
20190601218,2186,5,0,5
20190601219,2196,5,0,5
20190601220,2206,9,8,1
20190601221,2216,7,7,0
20190601222,2226,8,3,5
20190601223,2236,1,9,8
20190601224,2246,4,3,1
20190601225,2256,5,1,4
20190601226,2266,5,1,4
20190601227,2276,0,0,0
20190601228,2286,9,7,2
20190601229,2296,4,9,5
20190601230,2306,3,4,1
20190601231,2316,1,9,8
20190601232,2326,6,6,0
20190601233,2336,8,2,6
20190601234,2346,5,1,4
20190601235,2356,1,1,0
20190601236,2366,8,1,7
20190601237,2376,2,4,2
20190601238,2386,1,0,1
20190601239,2396,3,1,2
20190601240,2406,2,7,5
20190601241,2416,2,6,4
20190601242,2426,7,8,1
20190601243,2436,7,0,7
20190601244,2446,2,2,0
20190601245,2456,6,4,2
20190601246,2466,6,3,3
20190601247,2476,2,3,1
20190601248,2486,1,4,3
20190601249,2496,4,0,4
20190601250,2506,3,6,3
20190601251,2516,6,8,2
20190601252,2526,9,5,4
20190601253,2536,7,1,6
20190601254,2546,8,8,0
20190601255,2556,9,5,4
20190601256,2566,5,8,3
20190601257,2576,9,4,5
20190601258,2586,7,1,6
20190601259,2596,7,1,6
20190601260,2606,4,1,3
20190601261,2616,9,0,9
20190601262,2626,3,3,0
20190601263,2636,6,3,3
20190601264,2646,5,9,4
20190601265,2656,7,1,6
20190601266,2666,8,6,2
20190601267,2676,6,2,4
20190601268,2686,6,4,2
20190601269,2696,0,8,8
20190601270,2706,2,4,2
20190601271,2716,4,7,3
20190601272,2726,2,1,1
20190601273,2736,8,2,6
20190601274,2746,9,5,4
20190601275,2756,2,1,1
20190601276,2766,3,7,4
20190601277,2776,4,7,3
20190601278,2786,0,5,5
20190601279,2796,2,6,4
20190601280,2806,3,8,5
20190601281,2816,2,1,1
20190601282,2826,4,6,2
20190601283,2836,9,9,0
20190601284,2846,0,0,0
20190601285,2856,5,5,0
20190601286,2866,6,1,5
20190601287,2876,4,4,0
20190601288,2886,6,2,4
20190602001,17,5,6,1
20190602002,27,5,2,3
20190602003,37,1,6,5
20190602004,47,0,0,0
20190602005,57,5,0,5
20190602006,67,7,6,1
20190602007,77,0,8,8
20190602008,87,2,2,0
20190602009,97,2,9,7
20190602010,107,3,8,5
20190602011,117,1,1,0
20190602012,127,8,0,8
20190602013,137,6,5,1
20190602014,147,7,2,5
20190602015,157,6,5,1
20190602016,167,3,0,3
20190602017,177,5,6,1
20190602018,187,8,7,1
20190602019,197,2,1,1
20190602020,207,2,9,7
20190602021,217,6,6,0
20190602022,227,7,9,2
20190602023,237,1,9,8
20190602024,247,9,5,4
20190602025,257,5,5,0
20190602026,267,1,4,3
20190602027,277,3,7,4
20190602028,287,1,7,6
20190602029,297,4,1,3
20190602030,307,7,7,0
20190602031,317,9,9,0
20190602032,327,7,3,4
20190602033,337,2,4,2
20190602034,347,2,7,5
20190602035,357,7,5,2
20190602036,367,6,7,1
20190602037,377,0,5,5
20190602038,387,7,0,7
20190602039,397,3,1,2
20190602040,407,2,8,6
20190602041,417,3,3,0
20190602042,427,2,0,2
20190602043,437,8,0,8
20190602044,447,1,2,1
20190602045,457,2,2,0
20190602046,467,9,8,1
20190602047,477,4,4,0
20190602048,487,8,1,7
20190602049,497,9,9,0
20190602050,507,8,5,3
20190602051,517,9,8,1
20190602052,527,4,3,1
20190602053,537,5,7,2
20190602054,547,2,4,2
20190602055,557,3,8,5
20190602056,567,9,8,1
20190602057,577,0,2,2
20190602058,587,9,6,3
20190602059,597,1,8,7
20190602060,607,0,2,2
20190602061,617,1,8,7
20190602062,627,5,2,3
20190602063,637,9,3,6
20190602064,647,5,9,4
20190602065,657,7,7,0
20190602066,667,1,8,7
20190602067,677,2,3,1
20190602068,687,6,6,0
20190602069,697,0,2,2
20190602070,707,4,1,3
20190602071,717,8,6,2
20190602072,727,9,3,6
20190602073,737,2,8,6
20190602074,747,7,8,1
20190602075,757,1,2,1
20190602076,767,7,6,1
20190602077,777,4,5,1
20190602078,787,9,8,1
20190602079,797,5,9,4
20190602080,807,3,7,4
20190602081,817,3,5,2
20190602082,827,9,4,5
20190602083,837,2,6,4
20190602084,847,1,9,8
20190602085,857,0,1,1
20190602086,867,1,2,1
20190602087,877,9,2,7
20190602088,887,4,3,1
20190602089,897,7,0,7
20190602090,907,9,9,0
20190602091,917,2,9,7
20190602092,927,5,3,2
20190602093,937,5,6,1
20190602094,947,3,5,2
20190602095,957,9,5,4
20190602096,967,7,1,6
20190602097,977,1,5,4
20190602098,987,9,3,6
20190602099,997,2,3,1
20190602100,1007,5,7,2
20190602101,1017,0,9,9
20190602102,1027,5,7,2
20190602103,1037,4,4,0
20190602104,1047,1,4,3
20190602105,1057,8,4,4
20190602106,1067,9,7,2
20190602107,1077,8,0,8
20190602108,1087,0,3,3
20190602109,1097,8,1,7
20190602110,1107,5,2,3
20190602111,1117,3,6,3
20190602112,1127,6,3,3
20190602113,1137,7,3,4
20190602114,1147,2,0,2
20190602115,1157,8,1,7
20190602116,1167,8,7,1
20190602117,1177,0,3,3
20190602118,1187,3,2,1
20190602119,1197,3,2,1
20190602120,1207,5,2,3
20190602121,1217,2,7,5
20190602122,1227,1,1,0
20190602123,1237,3,7,4
20190602124,1247,2,9,7
20190602125,1257,2,8,6
20190602126,1267,5,6,1
20190602127,1277,1,4,3
20190602128,1287,9,8,1
20190602129,1297,9,9,0
20190602130,1307,8,1,7
20190602131,1317,7,0,7
20190602132,1327,1,2,1
20190602133,1337,8,0,8
20190602134,1347,7,0,7
20190602135,1357,7,9,2
20190602136,1367,5,1,4
20190602137,1377,9,2,7
20190602138,1387,8,9,1
20190602139,1397,4,3,1
20190602140,1407,1,5,4
20190602141,1417,0,3,3
20190602142,1427,8,0,8
20190602143,1437,9,9,0
20190602144,1447,0,3,3
20190602145,1457,3,9,6
20190602146,1467,6,3,3
20190602147,1477,2,7,5
20190602148,1487,4,9,5
20190602149,1497,3,3,0
20190602150,1507,1,4,3
20190602151,1517,0,3,3
20190602152,1527,6,4,2
20190602153,1537,6,6,0
20190602154,1547,8,5,3
20190602155,1557,0,0,0
20190602156,1567,3,4,1
20190602157,1577,4,1,3
20190602158,1587,4,0,4
20190602159,1597,1,3,2
20190602160,1607,3,1,2
20190602161,1617,5,0,5
20190602162,1627,4,2,2
20190602163,1637,7,6,1
20190602164,1647,2,6,4
20190602165,1657,1,2,1
20190602166,1667,0,8,8
20190602167,1677,9,3,6
20190602168,1687,7,1,6
20190602169,1697,0,0,0
20190602170,1707,9,7,2
20190602171,1717,7,0,7
20190602172,1727,9,1,8
20190602173,1737,0,1,1
20190602174,1747,1,3,2
20190602175,1757,6,5,1
20190602176,1767,4,3,1
20190602177,1777,7,3,4
20190602178,1787,9,4,5
20190602179,1797,0,2,2
20190602180,1807,4,0,4
20190602181,1817,3,8,5
20190602182,1827,6,3,3
20190602183,1837,1,4,3
20190602184,1847,2,1,1
20190602185,1857,6,0,6
20190602186,1867,9,7,2
20190602187,1877,3,1,2
20190602188,1887,7,3,4
20190602189,1897,6,1,5
20190602190,1907,4,8,4
20190602191,1917,2,8,6
20190602192,1927,9,8,1
20190602193,1937,8,3,5
20190602194,1947,4,0,4
20190602195,1957,1,5,4
20190602196,1967,9,1,8
20190602197,1977,4,3,1
20190602198,1987,7,0,7
20190602199,1997,8,7,1
20190602200,2007,8,6,2
20190602201,2017,9,5,4
20190602202,2027,0,7,7
20190602203,2037,6,6,0
20190602204,2047,0,3,3
20190602205,2057,3,6,3
20190602206,2067,1,3,2
20190602207,2077,3,9,6
20190602208,2087,1,8,7
20190602209,2097,3,1,2
20190602210,2107,5,2,3
20190602211,2117,8,5,3
20190602212,2127,5,8,3
20190602213,2137,6,1,5
20190602214,2147,2,1,1
20190602215,2157,6,2,4
20190602216,2167,6,8,2
20190602217,2177,0,4,4
20190602218,2187,0,9,9
20190602219,2197,8,8,0
20190602220,2207,0,1,1
20190602221,2217,6,9,3
20190602222,2227,8,9,1
20190602223,2237,5,7,2
20190602224,2247,2,0,2
20190602225,2257,6,7,1
20190602226,2267,1,8,7
20190602227,2277,2,9,7
20190602228,2287,4,0,4
20190602229,2297,7,0,7
20190602230,2307,9,8,1
20190602231,2317,1,2,1
20190602232,2327,8,4,4
20190602233,2337,9,4,5
20190602234,2347,0,8,8
20190602235,2357,2,4,2
20190602236,2367,0,0,0
20190602237,2377,6,2,4
20190602238,2387,7,8,1
20190602239,2397,6,4,2
20190602240,2407,9,7,2
20190602241,2417,9,6,3
20190602242,2427,1,3,2
20190602243,2437,2,0,2
20190602244,2447,6,6,0
20190602245,2457,0,3,3
20190602246,2467,3,5,2
20190602247,2477,3,2,1
20190602248,2487,9,5,4
20190602249,2497,8,9,1
20190602250,2507,6,1,5
20190602251,2517,5,2,3
20190602252,2527,4,0,4
20190602253,2537,3,2,1
20190602254,2547,8,5,3
20190602255,2557,8,2,6
20190602256,2567,1,9,8
20190602257,2577,5,9,4
20190602258,2587,3,5,2
20190602259,2597,7,5,2
20190602260,2607,4,8,4
20190602261,2617,3,3,0
20190602262,2627,7,6,1
20190602263,2637,3,3,0
20190602264,2647,7,0,7
20190602265,2657,1,1,0
20190602266,2667,9,6,3
20190602267,2677,9,7,2
20190602268,2687,9,4,5
20190602269,2697,4,3,1
20190602270,2707,7,5,2
20190602271,2717,6,7,1
20190602272,2727,1,7,6
20190602273,2737,5,6,1
20190602274,2747,4,2,2
20190602275,2757,2,5,3
20190602276,2767,8,2,6
20190602277,2777,6,2,4
20190602278,2787,5,3,2
20190602279,2797,6,6,0
20190602280,2807,9,2,7
20190602281,2817,2,3,1
20190602282,2827,2,9,7
20190602283,2837,6,3,3
20190602284,2847,1,2,1
20190602285,2857,3,9,6
20190602286,2867,1,4,3
20190602287,2877,5,3,2
20190602288,2887,8,5,3
20190603001,11,5,3,2
20190603002,21,6,4,2
20190603003,31,0,4,4
20190603004,41,6,8,2
20190603005,51,6,5,1
20190603006,61,9,0,9
20190603007,71,0,8,8
20190603008,81,3,1,2
20190603009,91,1,9,8
20190603010,101,3,5,2
20190603011,111,3,0,3
20190603012,121,4,1,3
20190603013,131,4,7,3
20190603014,141,6,6,0
20190603015,151,3,8,5
20190603016,161,9,0,9
20190603017,171,3,8,5
20190603018,181,5,1,4
20190603019,191,8,9,1
20190603020,201,6,6,0
20190603021,211,6,0,6
20190603022,221,3,7,4
20190603023,231,7,2,5
20190603024,241,3,0,3
20190603025,251,3,3,0
20190603026,261,8,9,1
20190603027,271,9,8,1
20190603028,281,3,4,1
20190603029,291,9,4,5
20190603030,301,6,3,3
20190603031,311,5,9,4
20190603032,321,7,2,5
20190603033,331,0,4,4
20190603034,341,1,5,4
20190603035,351,2,3,1
20190603036,361,4,7,3
20190603037,371,6,4,2
20190603038,381,3,6,3
20190603039,391,0,4,4
20190603040,401,8,0,8
20190603041,411,0,8,8
20190603042,421,4,3,1
20190603043,431,8,6,2
20190603044,441,3,2,1
20190603045,451,4,3,1
20190603046,461,5,9,4
20190603047,471,6,6,0
20190603048,481,7,1,6
20190603049,491,4,2,2
20190603050,501,6,7,1
20190603051,511,5,4,1
20190603052,521,1,6,5
20190603053,531,6,0,6
20190603054,541,1,8,7
20190603055,551,7,0,7
20190603056,561,3,9,6
20190603057,571,8,5,3
20190603058,581,7,1,6
20190603059,591,0,5,5
20190603060,601,5,6,1
20190603061,611,6,5,1
20190603062,621,5,0,5
20190603063,631,3,5,2
20190603064,641,5,5,0
20190603065,651,2,0,2
20190603066,661,5,0,5
20190603067,671,8,0,8
20190603068,681,4,5,1
20190603069,691,2,8,6
20190603070,701,3,1,2
20190603071,711,3,2,1
20190603072,721,0,3,3
20190603073,731,1,6,5
20190603074,741,0,5,5
20190603075,751,5,9,4
20190603076,761,6,0,6
20190603077,771,4,8,4
20190603078,781,6,1,5
20190603079,791,6,7,1
20190603080,801,0,3,3
20190603081,811,0,0,0
20190603082,821,2,9,7
20190603083,831,6,9,3
20190603084,841,3,5,2
20190603085,851,1,0,1
20190603086,861,5,0,5
20190603087,871,6,4,2
20190603088,881,1,0,1
20190603089,891,8,9,1
20190603090,901,9,7,2
20190603091,911,0,0,0
20190603092,921,0,7,7
20190603093,931,7,5,2
20190603094,941,3,8,5
20190603095,951,0,2,2
20190603096,961,2,9,7
20190603097,971,4,8,4
20190603098,981,2,7,5
20190603099,991,9,7,2
20190603100,1001,1,0,1
20190603101,1011,5,8,3
20190603102,1021,7,5,2
20190603103,1031,2,2,0
20190603104,1041,6,7,1
20190603105,1051,5,2,3
20190603106,1061,7,5,2
20190603107,1071,4,4,0
20190603108,1081,6,8,2
20190603109,1091,5,5,0
20190603110,1101,5,1,4
20190603111,1111,4,2,2
20190603112,1121,0,6,6
20190603113,1131,2,4,2
20190603114,1141,4,5,1
20190603115,1151,5,8,3
20190603116,1161,2,8,6
20190603117,1171,4,9,5
20190603118,1181,3,3,0
20190603119,1191,7,2,5
20190603120,1201,0,0,0
20190603121,1211,7,9,2
20190603122,1221,3,2,1
20190603123,1231,2,1,1
20190603124,1241,1,2,1
20190603125,1251,4,9,5
20190603126,1261,9,8,1
20190603127,1271,4,2,2
20190603128,1281,2,2,0
20190603129,1291,4,0,4
20190603130,1301,3,4,1
20190603131,1311,8,1,7
20190603132,1321,0,4,4
20190603133,1331,6,0,6
20190603134,1341,2,3,1
20190603135,1351,6,5,1
20190603136,1361,1,7,6
20190603137,1371,7,8,1
20190603138,1381,9,7,2
20190603139,1391,9,2,7
20190603140,1401,6,6,0
20190603141,1411,6,0,6
20190603142,1421,5,7,2
20190603143,1431,7,2,5
20190603144,1441,0,1,1
20190603145,1451,9,6,3
20190603146,1461,3,6,3
20190603147,1471,7,8,1
20190603148,1481,3,8,5
20190603149,1491,5,7,2
20190603150,1501,5,5,0
20190603151,1511,4,4,0
20190603152,1521,1,9,8
20190603153,1531,4,8,4
20190603154,1541,3,4,1
20190603155,1551,7,3,4
20190603156,1561,3,4,1
20190603157,1571,2,6,4
20190603158,1581,7,7,0
20190603159,1591,3,8,5
20190603160,1601,0,5,5
20190603161,1611,4,9,5
20190603162,1621,2,3,1
20190603163,1631,5,6,1
20190603164,1641,1,2,1
20190603165,1651,7,8,1
20190603166,1661,2,7,5
20190603167,1671,6,4,2
20190603168,1681,8,9,1
20190603169,1691,4,2,2
20190603170,1701,7,1,6
20190603171,1711,4,2,2
20190603172,1721,4,4,0
20190603173,1731,1,1,0
20190603174,1741,2,6,4
20190603175,1751,3,2,1
20190603176,1761,1,4,3
20190603177,1771,2,4,2
20190603178,1781,2,3,1
20190603179,1791,6,6,0
20190603180,1801,0,4,4
20190603181,1811,0,7,7
20190603182,1821,0,9,9
20190603183,1831,8,5,3
20190603184,1841,7,7,0
20190603185,1851,3,8,5
20190603186,1861,2,9,7
20190603187,1871,4,8,4
20190603188,1881,5,7,2
20190603189,1891,7,5,2
20190603190,1901,4,9,5
20190603191,1911,6,9,3
20190603192,1921,3,8,5
20190603193,1931,1,3,2
20190603194,1941,8,9,1
20190603195,1951,1,6,5
20190603196,1961,0,9,9
20190603197,1971,9,9,0
20190603198,1981,8,9,1
20190603199,1991,4,3,1
20190603200,2001,1,4,3
20190603201,2011,3,3,0
20190603202,2021,1,9,8
20190603203,2031,7,0,7
20190603204,2041,7,3,4
20190603205,2051,0,8,8
20190603206,2061,9,7,2
20190603207,2071,2,2,0
20190603208,2081,9,9,0
20190603209,2091,1,1,0
20190603210,2101,2,4,2
20190603211,2111,8,5,3
20190603212,2121,3,7,4
20190603213,2131,1,8,7
20190603214,2141,5,0,5
20190603215,2151,8,9,1
20190603216,2161,1,9,8
20190603217,2171,3,8,5
20190603218,2181,1,0,1
20190603219,2191,2,7,5
20190603220,2201,0,3,3
20190603221,2211,2,7,5
20190603222,2221,7,1,6
20190603223,2231,7,3,4
20190603224,2241,1,5,4
20190603225,2251,8,9,1
20190603226,2261,1,4,3
20190603227,2271,2,0,2
20190603228,2281,9,9,0
20190603229,2291,0,7,7
20190603230,2301,5,0,5
20190603231,2311,3,0,3
20190603232,2321,0,8,8
20190603233,2331,9,8,1
20190603234,2341,7,2,5
20190603235,2351,1,0,1
20190603236,2361,4,7,3
20190603237,2371,6,8,2
20190603238,2381,7,6,1
20190603239,2391,6,7,1
20190603240,2401,2,6,4
20190603241,2411,4,2,2
20190603242,2421,7,0,7
20190603243,2431,8,0,8
20190603244,2441,1,4,3
20190603245,2451,4,6,2
20190603246,2461,8,2,6
20190603247,2471,6,2,4
20190603248,2481,6,0,6
20190603249,2491,4,3,1
20190603250,2501,2,7,5
20190603251,2511,2,4,2
20190603252,2521,1,7,6
20190603253,2531,5,8,3
20190603254,2541,2,5,3
20190603255,2551,1,2,1
20190603256,2561,5,0,5
20190603257,2571,1,8,7
20190603258,2581,3,0,3
20190603259,2591,3,5,2
20190603260,2601,7,9,2
20190603261,2611,5,9,4
20190603262,2621,3,9,6
20190603263,2631,7,8,1
20190603264,2641,5,7,2
20190603265,2651,7,2,5
20190603266,2661,9,5,4
20190603267,2671,6,6,0
20190603268,2681,9,0,9
20190603269,2691,7,4,3
20190603270,2701,1,2,1
20190603271,2711,2,4,2
20190603272,2721,8,6,2
20190603273,2731,8,2,6
20190603274,2741,1,9,8
20190603275,2751,2,2,0
20190603276,2761,0,2,2
20190603277,2771,1,3,2
20190603278,2781,7,4,3
20190603279,2791,5,0,5
20190603280,2801,7,0,7
20190603281,2811,2,1,1
20190603282,2821,9,3,6
20190603283,2831,7,3,4
20190603284,2841,5,0,5
20190603285,2851,6,6,0
20190603286,2861,7,3,4
20190603287,2871,4,3,1
20190603288,2881,6,1,5
20190604001,12,8,2,6
20190604002,22,9,3,6
20190604003,32,9,6,3
20190604004,42,3,9,6
20190604005,52,6,8,2
20190604006,62,7,1,6
20190604007,72,6,7,1
20190604008,82,8,1,7
20190604009,92,7,4,3
20190604010,102,7,5,2
20190604011,112,5,2,3
20190604012,122,8,0,8
20190604013,132,0,2,2
20190604014,142,1,1,0
20190604015,152,7,4,3
20190604016,162,0,3,3
20190604017,172,6,8,2
20190604018,182,9,3,6
20190604019,192,5,8,3
20190604020,202,7,6,1
20190604021,212,0,8,8
20190604022,222,5,4,1
20190604023,232,3,5,2
20190604024,242,9,2,7
20190604025,252,4,3,1
20190604026,262,8,1,7
20190604027,272,2,8,6
20190604028,282,4,3,1
20190604029,292,8,9,1
20190604030,302,7,0,7
20190604031,312,0,8,8
20190604032,322,2,1,1
20190604033,332,3,7,4
20190604034,342,0,1,1
20190604035,352,9,8,1
20190604036,362,3,6,3
20190604037,372,9,0,9
20190604038,382,2,5,3
20190604039,392,7,3,4
20190604040,402,5,7,2
20190604041,412,4,9,5
20190604042,422,4,9,5
20190604043,432,6,9,3
20190604044,442,7,2,5
20190604045,452,6,1,5
20190604046,462,0,8,8
20190604047,472,1,5,4
20190604048,482,6,5,1
20190604049,492,6,2,4
20190604050,502,0,1,1
20190604051,512,4,9,5
20190604052,522,6,8,2
20190604053,532,4,0,4
20190604054,542,8,1,7
20190604055,552,0,9,9
20190604056,562,1,1,0
20190604057,572,9,1,8
20190604058,582,1,5,4
20190604059,592,7,4,3
20190604060,602,4,7,3
20190604061,612,2,5,3
20190604062,622,4,9,5
20190604063,632,3,0,3
20190604064,642,4,6,2
20190604065,652,2,0,2
20190604066,662,9,1,8
20190604067,672,6,5,1
20190604068,682,4,1,3
20190604069,692,4,7,3
20190604070,702,0,5,5
20190604071,712,1,7,6
20190604072,722,5,3,2
20190604073,732,0,8,8
20190604074,742,3,5,2
20190604075,752,7,4,3
20190604076,762,5,0,5
20190604077,772,7,5,2
20190604078,782,1,6,5
20190604079,792,4,0,4
20190604080,802,2,9,7
20190604081,812,2,1,1
20190604082,822,7,9,2
20190604083,832,0,3,3
20190604084,842,2,1,1
20190604085,852,6,0,6
20190604086,862,3,4,1
20190604087,872,9,9,0
20190604088,882,4,8,4
20190604089,892,6,6,0
20190604090,902,0,9,9
20190604091,912,5,0,5
20190604092,922,6,5,1
20190604093,932,4,3,1
20190604094,942,7,0,7
20190604095,952,7,3,4
20190604096,962,3,7,4
20190604097,972,9,9,0
20190604098,982,2,0,2
20190604099,992,5,2,3
20190604100,1002,3,2,1
20190604101,1012,4,7,3
20190604102,1022,5,8,3
20190604103,1032,9,9,0
20190604104,1042,6,9,3
20190604105,1052,4,0,4
20190604106,1062,8,4,4
20190604107,1072,9,2,7
20190604108,1082,5,8,3
20190604109,1092,2,4,2
20190604110,1102,8,5,3
20190604111,1112,7,2,5
20190604112,1122,5,6,1
20190604113,1132,6,9,3
20190604114,1142,1,0,1
20190604115,1152,9,0,9
20190604116,1162,7,3,4
20190604117,1172,1,0,1
20190604118,1182,1,8,7
20190604119,1192,5,1,4
20190604120,1202,2,0,2
20190604121,1212,4,2,2
20190604122,1222,3,6,3
20190604123,1232,5,1,4
20190604124,1242,4,4,0
20190604125,1252,6,1,5
20190604126,1262,2,1,1
20190604127,1272,9,7,2
20190604128,1282,4,6,2
20190604129,1292,8,7,1
20190604130,1302,2,4,2
20190604131,1312,3,4,1
20190604132,1322,5,9,4
20190604133,1332,3,9,6
20190604134,1342,0,6,6
20190604135,1352,5,0,5
20190604136,1362,8,4,4
20190604137,1372,5,8,3
20190604138,1382,2,5,3
20190604139,1392,8,0,8
20190604140,1402,4,9,5
20190604141,1412,4,8,4
20190604142,1422,2,6,4
20190604143,1432,5,5,0
20190604144,1442,4,8,4
20190604145,1452,5,8,3
20190604146,1462,9,1,8
20190604147,1472,9,6,3
20190604148,1482,1,3,2
20190604149,1492,1,7,6
20190604150,1502,9,8,1
20190604151,1512,8,2,6
20190604152,1522,6,6,0
20190604153,1532,2,3,1
20190604154,1542,1,2,1
20190604155,1552,2,6,4
20190604156,1562,1,3,2
20190604157,1572,6,3,3
20190604158,1582,3,7,4
20190604159,1592,9,4,5
20190604160,1602,6,5,1
20190604161,1612,3,7,4
20190604162,1622,7,4,3
20190604163,1632,2,5,3
20190604164,1642,9,5,4
20190604165,1652,2,4,2
20190604166,1662,8,0,8
20190604167,1672,5,6,1
20190604168,1682,3,9,6
20190604169,1692,5,3,2
20190604170,1702,3,8,5
20190604171,1712,1,9,8
20190604172,1722,9,2,7
20190604173,1732,5,4,1
20190604174,1742,3,2,1
20190604175,1752,5,2,3
20190604176,1762,7,0,7
20190604177,1772,6,2,4
20190604178,1782,1,2,1
20190604179,1792,1,9,8
20190604180,1802,8,1,7
20190604181,1812,4,3,1
20190604182,1822,9,6,3
20190604183,1832,1,7,6
20190604184,1842,6,2,4
20190604185,1852,5,4,1
20190604186,1862,4,2,2
20190604187,1872,6,8,2
20190604188,1882,4,2,2
20190604189,1892,8,6,2
20190604190,1902,9,0,9
20190604191,1912,6,3,3
20190604192,1922,0,1,1
20190604193,1932,2,8,6
20190604194,1942,7,1,6
20190604195,1952,8,6,2
20190604196,1962,3,8,5
20190604197,1972,5,6,1
20190604198,1982,7,8,1
20190604199,1992,6,7,1
20190604200,2002,3,6,3
20190604201,2012,0,0,0
20190604202,2022,4,8,4
20190604203,2032,0,6,6
20190604204,2042,2,4,2
20190604205,2052,7,1,6
20190604206,2062,8,7,1
20190604207,2072,4,2,2
20190604208,2082,3,5,2
20190604209,2092,3,2,1
20190604210,2102,0,7,7
20190604211,2112,6,0,6
20190604212,2122,4,5,1
20190604213,2132,5,3,2
20190604214,2142,4,4,0
20190604215,2152,0,7,7
20190604216,2162,8,6,2
20190604217,2172,0,2,2
20190604218,2182,5,0,5
20190604219,2192,3,6,3
20190604220,2202,3,5,2
20190604221,2212,5,5,0
20190604222,2222,4,9,5
20190604223,2232,5,7,2
20190604224,2242,1,5,4
20190604225,2252,9,4,5
20190604226,2262,7,1,6
20190604227,2272,9,0,9
20190604228,2282,1,7,6
20190604229,2292,6,6,0
20190604230,2302,1,5,4
20190604231,2312,7,4,3
20190604232,2322,1,3,2
20190604233,2332,8,3,5
20190604234,2342,1,0,1
20190604235,2352,2,4,2
20190604236,2362,3,3,0
20190604237,2372,3,9,6
20190604238,2382,2,7,5
20190604239,2392,0,3,3
20190604240,2402,5,3,2
20190604241,2412,2,0,2
20190604242,2422,7,0,7
20190604243,2432,6,7,1
20190604244,2442,4,4,0
20190604245,2452,0,8,8
20190604246,2462,1,1,0
20190604247,2472,4,9,5
20190604248,2482,3,6,3
20190604249,2492,9,8,1
20190604250,2502,2,7,5
20190604251,2512,8,2,6
20190604252,2522,3,5,2
20190604253,2532,4,6,2
20190604254,2542,5,8,3
20190604255,2552,6,8,2
20190604256,2562,7,6,1
20190604257,2572,2,3,1
20190604258,2582,8,4,4
20190604259,2592,2,2,0
20190604260,2602,4,8,4
20190604261,2612,9,0,9
20190604262,2622,4,9,5
20190604263,2632,3,0,3
20190604264,2642,8,1,7
20190604265,2652,1,8,7
20190604266,2662,7,9,2
20190604267,2672,5,1,4
20190604268,2682,6,6,0
20190604269,2692,2,1,1
20190604270,2702,8,2,6
20190604271,2712,6,6,0
20190604272,2722,1,4,3
20190604273,2732,8,6,2
20190604274,2742,5,0,5
20190604275,2752,4,6,2
20190604276,2762,9,8,1
20190604277,2772,3,2,1
20190604278,2782,5,9,4
20190604279,2792,6,6,0
20190604280,2802,4,9,5
20190604281,2812,7,5,2
20190604282,2822,4,4,0
20190604283,2832,1,1,0
20190604284,2842,3,7,4
20190604285,2852,3,8,5
20190604286,2862,0,6,6
20190604287,2872,6,0,6
20190604288,2882,1,7,6
20190605001,13,3,5,2
20190605002,23,9,7,2
20190605003,33,7,8,1
20190605004,43,8,1,7
20190605005,53,6,0,6
20190605006,63,4,4,0
20190605007,73,2,4,2
20190605008,83,4,3,1
20190605009,93,8,7,1
20190605010,103,0,0,0
20190605011,113,0,4,4
20190605012,123,7,7,0
20190605013,133,5,0,5
20190605014,143,6,2,4
20190605015,153,8,8,0
20190605016,163,7,8,1
20190605017,173,3,8,5
20190605018,183,0,9,9
20190605019,193,2,5,3
20190605020,203,9,8,1
20190605021,213,9,0,9
20190605022,223,9,7,2
20190605023,233,4,6,2
20190605024,243,6,8,2
20190605025,253,5,0,5
20190605026,263,6,5,1
20190605027,273,9,6,3
20190605028,283,2,1,1
20190605029,293,4,1,3
20190605030,303,5,1,4
20190605031,313,0,6,6
20190605032,323,7,0,7
20190605033,333,0,8,8
20190605034,343,2,5,3
20190605035,353,5,1,4
20190605036,363,9,2,7
20190605037,373,7,6,1
20190605038,383,9,3,6
20190605039,393,6,9,3
20190605040,403,8,5,3
20190605041,413,9,4,5
20190605042,423,2,1,1
20190605043,433,4,1,3
20190605044,443,0,4,4
20190605045,453,4,3,1
20190605046,463,6,2,4
20190605047,473,7,5,2
20190605048,483,3,8,5
20190605049,493,4,2,2
20190605050,503,8,2,6
20190605051,513,0,1,1
20190605052,523,1,9,8
20190605053,533,5,2,3
20190605054,543,7,5,2
20190605055,553,1,7,6
20190605056,563,7,5,2
20190605057,573,8,1,7
20190605058,583,1,7,6
20190605059,593,2,1,1
20190605060,603,4,3,1
20190605061,613,2,0,2
20190605062,623,7,2,5
20190605063,633,2,1,1
20190605064,643,8,5,3
20190605065,653,0,4,4
20190605066,663,8,6,2
20190605067,673,2,9,7
20190605068,683,2,7,5
20190605069,693,1,5,4
20190605070,703,6,5,1
20190605071,713,3,9,6
20190605072,723,0,0,0
20190605073,733,0,1,1
20190605074,743,6,2,4
20190605075,753,2,3,1
20190605076,763,4,1,3
20190605077,773,5,4,1
20190605078,783,7,3,4
20190605079,793,3,8,5
20190605080,803,5,9,4
20190605081,813,8,4,4
20190605082,823,5,6,1
20190605083,833,1,3,2
20190605084,843,6,4,2
20190605085,853,6,0,6
20190605086,863,7,5,2
20190605087,873,7,9,2
20190605088,883,4,2,2
20190605089,893,0,0,0
20190605090,903,8,4,4
20190605091,913,0,2,2
20190605092,923,0,9,9
20190605093,933,6,4,2
20190605094,943,0,5,5
20190605095,953,8,0,8
20190605096,963,5,1,4
20190605097,973,7,8,1
20190605098,983,2,7,5
20190605099,993,4,9,5
20190605100,1003,1,0,1
20190605101,1013,8,6,2
20190605102,1023,1,6,5
20190605103,1033,9,6,3
20190605104,1043,1,5,4
20190605105,1053,9,7,2
20190605106,1063,6,1,5
20190605107,1073,0,4,4
20190605108,1083,0,0,0
20190605109,1093,5,7,2
20190605110,1103,8,7,1
20190605111,1113,5,8,3
20190605112,1123,1,1,0
20190605113,1133,0,4,4
20190605114,1143,9,6,3
20190605115,1153,9,7,2
20190605116,1163,7,7,0
20190605117,1173,7,5,2
20190605118,1183,8,4,4
20190605119,1193,0,9,9
20190605120,1203,3,4,1
20190605121,1213,8,0,8
20190605122,1223,5,1,4
20190605123,1233,1,8,7
20190605124,1243,4,6,2
20190605125,1253,7,3,4
20190605126,1263,9,6,3
20190605127,1273,2,9,7
20190605128,1283,8,4,4
20190605129,1293,8,9,1
20190605130,1303,4,5,1
20190605131,1313,1,8,7
20190605132,1323,2,9,7
20190605133,1333,6,9,3
20190605134,1343,3,1,2
20190605135,1353,3,7,4
20190605136,1363,6,9,3
20190605137,1373,8,6,2
20190605138,1383,6,5,1
20190605139,1393,8,4,4
20190605140,1403,7,1,6
20190605141,1413,0,4,4
20190605142,1423,4,2,2
20190605143,1433,8,2,6
20190605144,1443,0,2,2
20190605145,1453,7,0,7
20190605146,1463,8,0,8
20190605147,1473,5,2,3
20190605148,1483,4,7,3
20190605149,1493,1,8,7
20190605150,1503,5,7,2
20190605151,1513,6,4,2
20190605152,1523,9,9,0
20190605153,1533,8,5,3
20190605154,1543,8,6,2
20190605155,1553,9,0,9
20190605156,1563,2,5,3
20190605157,1573,3,8,5
20190605158,1583,3,2,1
20190605159,1593,9,7,2
20190605160,1603,1,9,8
20190605161,1613,4,1,3
20190605162,1623,5,2,3
20190605163,1633,7,6,1
20190605164,1643,2,0,2
20190605165,1653,7,8,1
20190605166,1663,5,6,1
20190605167,1673,8,6,2
20190605168,1683,4,7,3
20190605169,1693,1,3,2
20190605170,1703,9,0,9
20190605171,1713,9,0,9
20190605172,1723,5,8,3
20190605173,1733,9,4,5
20190605174,1743,0,0,0
20190605175,1753,6,3,3
20190605176,1763,2,9,7
20190605177,1773,0,9,9
20190605178,1783,2,9,7
20190605179,1793,8,5,3
20190605180,1803,2,2,0
20190605181,1813,0,6,6
20190605182,1823,2,4,2
20190605183,1833,5,5,0
20190605184,1843,1,6,5
20190605185,1853,5,8,3
20190605186,1863,7,6,1
20190605187,1873,6,2,4
20190605188,1883,1,2,1
20190605189,1893,1,2,1
20190605190,1903,8,4,4
20190605191,1913,9,0,9
20190605192,1923,0,1,1
20190605193,1933,2,2,0
20190605194,1943,2,5,3
20190605195,1953,9,7,2
20190605196,1963,6,5,1
20190605197,1973,5,4,1
20190605198,1983,7,1,6
20190605199,1993,9,9,0
20190605200,2003,1,6,5
20190605201,2013,5,9,4
20190605202,2023,3,9,6
20190605203,2033,5,6,1
20190605204,2043,5,2,3
20190605205,2053,7,2,5
20190605206,2063,8,2,6
20190605207,2073,4,3,1
20190605208,2083,5,5,0
20190605209,2093,3,1,2
20190605210,2103,9,9,0
20190605211,2113,9,6,3
20190605212,2123,8,9,1
20190605213,2133,9,9,0
20190605214,2143,8,7,1
20190605215,2153,4,0,4
20190605216,2163,0,3,3
20190605217,2173,4,3,1
20190605218,2183,6,3,3
20190605219,2193,7,3,4
20190605220,2203,8,7,1
20190605221,2213,8,7,1
20190605222,2223,6,3,3
20190605223,2233,9,0,9
20190605224,2243,1,2,1
20190605225,2253,1,4,3
20190605226,2263,9,1,8
20190605227,2273,2,9,7
20190605228,2283,7,2,5
20190605229,2293,6,1,5
20190605230,2303,2,1,1
20190605231,2313,5,3,2
20190605232,2323,8,9,1
20190605233,2333,3,2,1
20190605234,2343,6,8,2
20190605235,2353,4,2,2
20190605236,2363,9,2,7
20190605237,2373,5,1,4
20190605238,2383,4,2,2
20190605239,2393,7,6,1
20190605240,2403,6,1,5
20190605241,2413,3,7,4
20190605242,2423,3,3,0
20190605243,2433,5,0,5
20190605244,2443,3,4,1
20190605245,2453,3,7,4
20190605246,2463,3,0,3
20190605247,2473,0,1,1
20190605248,2483,3,5,2
20190605249,2493,8,5,3
20190605250,2503,6,6,0
20190605251,2513,7,8,1
20190605252,2523,2,4,2
20190605253,2533,5,2,3
20190605254,2543,4,0,4
20190605255,2553,9,2,7
20190605256,2563,6,9,3
20190605257,2573,1,0,1
20190605258,2583,4,6,2
20190605259,2593,0,3,3
20190605260,2603,1,6,5
20190605261,2613,1,1,0
20190605262,2623,0,9,9
20190605263,2633,3,4,1
20190605264,2643,8,6,2
20190605265,2653,2,7,5
20190605266,2663,1,1,0
20190605267,2673,5,7,2
20190605268,2683,9,1,8
20190605269,2693,0,4,4
20190605270,2703,5,3,2
20190605271,2713,9,1,8
20190605272,2723,4,9,5
20190605273,2733,6,8,2
20190605274,2743,6,3,3
20190605275,2753,3,3,0
20190605276,2763,9,9,0
20190605277,2773,4,7,3
20190605278,2783,2,1,1
20190605279,2793,0,2,2
20190605280,2803,1,7,6
20190605281,2813,6,2,4
20190605282,2823,0,4,4
20190605283,2833,2,5,3
20190605284,2843,5,8,3
20190605285,2853,9,9,0
20190605286,2863,6,5,1
20190605287,2873,2,6,4
20190605288,2883,7,7,0
20190606001,14,8,4,4
20190606002,24,2,0,2
20190606003,34,3,0,3
20190606004,44,1,0,1
20190606005,54,4,0,4
20190606006,64,1,2,1
20190606007,74,7,8,1
20190606008,84,9,5,4
20190606009,94,5,5,0
20190606010,104,7,1,6
20190606011,114,1,4,3
20190606012,124,0,0,0
20190606013,134,9,9,0
20190606014,144,6,9,3
20190606015,154,5,9,4
20190606016,164,7,1,6
20190606017,174,3,1,2
20190606018,184,5,7,2
20190606019,194,9,3,6
20190606020,204,4,5,1
20190606021,214,8,5,3
20190606022,224,0,7,7
20190606023,234,2,9,7
20190606024,244,3,7,4
20190606025,254,4,4,0
20190606026,264,2,7,5
20190606027,274,4,7,3
20190606028,284,9,5,4
20190606029,294,7,0,7
20190606030,304,9,8,1
20190606031,314,2,7,5
20190606032,324,4,9,5
20190606033,334,0,8,8
20190606034,344,9,8,1
20190606035,354,0,9,9
20190606036,364,0,9,9
20190606037,374,5,5,0
20190606038,384,6,8,2
20190606039,394,8,2,6
20190606040,404,1,5,4
20190606041,414,7,4,3
20190606042,424,5,6,1
20190606043,434,1,3,2
20190606044,444,4,7,3
20190606045,454,3,1,2
20190606046,464,2,7,5
20190606047,474,1,5,4
20190606048,484,3,9,6
20190606049,494,5,9,4
20190606050,504,8,1,7
20190606051,514,3,2,1
20190606052,524,9,7,2
20190606053,534,6,4,2
20190606054,544,0,5,5
20190606055,554,7,6,1
20190606056,564,1,7,6
20190606057,574,0,3,3
20190606058,584,0,5,5
20190606059,594,9,5,4
20190606060,604,3,4,1
20190606061,614,4,0,4
20190606062,624,6,0,6
20190606063,634,4,7,3
20190606064,644,6,3,3
20190606065,654,7,3,4
20190606066,664,8,6,2
20190606067,674,0,2,2
20190606068,684,1,9,8
20190606069,694,0,1,1
20190606070,704,7,5,2
20190606071,714,7,6,1
20190606072,724,1,1,0
20190606073,734,4,5,1
20190606074,744,8,1,7
20190606075,754,7,8,1
20190606076,764,8,5,3
20190606077,774,3,7,4
20190606078,784,4,3,1
20190606079,794,4,4,0
20190606080,804,1,3,2
20190606081,814,8,5,3
20190606082,824,0,2,2
20190606083,834,5,2,3
20190606084,844,2,7,5
20190606085,854,8,5,3
20190606086,864,6,7,1
20190606087,874,4,5,1
20190606088,884,9,5,4
20190606089,894,2,5,3
20190606090,904,2,1,1
20190606091,914,9,9,0
20190606092,924,1,7,6
20190606093,934,0,7,7
20190606094,944,7,1,6
20190606095,954,0,7,7
20190606096,964,0,0,0
20190606097,974,0,5,5
20190606098,984,6,4,2
20190606099,994,0,3,3
20190606100,1004,8,9,1
20190606101,1014,3,9,6
20190606102,1024,3,0,3
20190606103,1034,1,5,4
20190606104,1044,7,5,2
20190606105,1054,6,5,1
20190606106,1064,7,7,0
20190606107,1074,4,1,3
20190606108,1084,2,7,5
20190606109,1094,4,7,3
20190606110,1104,6,0,6
20190606111,1114,6,8,2
20190606112,1124,8,8,0
20190606113,1134,5,2,3
20190606114,1144,1,8,7
20190606115,1154,1,5,4
20190606116,1164,2,4,2
20190606117,1174,7,7,0
20190606118,1184,3,1,2
20190606119,1194,6,4,2
20190606120,1204,3,4,1
20190606121,1214,7,0,7
20190606122,1224,8,3,5
20190606123,1234,0,3,3
20190606124,1244,5,7,2
20190606125,1254,5,2,3
20190606126,1264,3,7,4
20190606127,1274,8,5,3
20190606128,1284,3,8,5
20190606129,1294,4,5,1
20190606130,1304,2,9,7
20190606131,1314,0,6,6
20190606132,1324,6,5,1
20190606133,1334,2,4,2
20190606134,1344,0,1,1
20190606135,1354,3,8,5
20190606136,1364,7,3,4
20190606137,1374,7,4,3
20190606138,1384,2,4,2
20190606139,1394,4,9,5
20190606140,1404,1,6,5
20190606141,1414,9,9,0
20190606142,1424,0,2,2
20190606143,1434,2,5,3
20190606144,1444,2,1,1
20190606145,1454,7,6,1
20190606146,1464,4,8,4
20190606147,1474,1,4,3
20190606148,1484,4,5,1
20190606149,1494,3,7,4
20190606150,1504,5,5,0
20190606151,1514,9,7,2
20190606152,1524,0,5,5
20190606153,1534,5,1,4
20190606154,1544,8,1,7
20190606155,1554,2,2,0
20190606156,1564,6,5,1
20190606157,1574,8,2,6
20190606158,1584,3,8,5
20190606159,1594,0,7,7
20190606160,1604,1,3,2
20190606161,1614,5,0,5
20190606162,1624,5,3,2
20190606163,1634,8,9,1
20190606164,1644,7,4,3
20190606165,1654,9,9,0
20190606166,1664,2,4,2
20190606167,1674,3,8,5
20190606168,1684,2,8,6
20190606169,1694,7,1,6
20190606170,1704,8,6,2
20190606171,1714,6,8,2
20190606172,1724,2,7,5
20190606173,1734,7,1,6
20190606174,1744,3,4,1
20190606175,1754,2,7,5
20190606176,1764,6,2,4
20190606177,1774,4,6,2
20190606178,1784,2,5,3
20190606179,1794,1,1,0
20190606180,1804,0,8,8
20190606181,1814,0,9,9
20190606182,1824,9,5,4
20190606183,1834,3,6,3
20190606184,1844,1,6,5
20190606185,1854,5,4,1
20190606186,1864,7,6,1
20190606187,1874,3,3,0
20190606188,1884,7,3,4
20190606189,1894,4,3,1
20190606190,1904,7,7,0
20190606191,1914,5,7,2
20190606192,1924,7,2,5
20190606193,1934,9,1,8
20190606194,1944,5,6,1
20190606195,1954,9,4,5
20190606196,1964,1,9,8
20190606197,1974,0,4,4
20190606198,1984,0,5,5
20190606199,1994,8,2,6
20190606200,2004,3,6,3
20190606201,2014,3,5,2
20190606202,2024,9,9,0
20190606203,2034,2,3,1
20190606204,2044,9,5,4
20190606205,2054,3,4,1
20190606206,2064,7,2,5
20190606207,2074,7,4,3
20190606208,2084,5,4,1
20190606209,2094,0,4,4
20190606210,2104,4,9,5
20190606211,2114,6,7,1
20190606212,2124,4,6,2
20190606213,2134,3,5,2
20190606214,2144,7,3,4
20190606215,2154,8,2,6
20190606216,2164,9,7,2
20190606217,2174,7,0,7
20190606218,2184,6,8,2
20190606219,2194,6,0,6
20190606220,2204,2,2,0
20190606221,2214,2,4,2
20190606222,2224,8,4,4
20190606223,2234,0,7,7
20190606224,2244,8,5,3
20190606225,2254,4,6,2
20190606226,2264,3,9,6
20190606227,2274,7,4,3
20190606228,2284,8,7,1
20190606229,2294,9,3,6
20190606230,2304,0,4,4
20190606231,2314,0,7,7
20190606232,2324,0,5,5
20190606233,2334,4,4,0
20190606234,2344,4,4,0
20190606235,2354,8,1,7
20190606236,2364,6,9,3
20190606237,2374,5,3,2
20190606238,2384,6,1,5
20190606239,2394,2,2,0
20190606240,2404,6,4,2
20190606241,2414,0,6,6
20190606242,2424,9,7,2
20190606243,2434,1,2,1
20190606244,2444,8,3,5
20190606245,2454,5,8,3
20190606246,2464,4,0,4
20190606247,2474,9,3,6
20190606248,2484,4,5,1
20190606249,2494,3,4,1
20190606250,2504,1,2,1
20190606251,2514,1,7,6
20190606252,2524,9,5,4
20190606253,2534,0,4,4
20190606254,2544,0,1,1
20190606255,2554,6,4,2
20190606256,2564,4,5,1
20190606257,2574,9,1,8
20190606258,2584,2,6,4
20190606259,2594,1,8,7
20190606260,2604,3,6,3
20190606261,2614,7,9,2
20190606262,2624,0,0,0
20190606263,2634,2,3,1
20190606264,2644,5,4,1
20190606265,2654,3,4,1
20190606266,2664,3,0,3
20190606267,2674,5,9,4
20190606268,2684,3,9,6
20190606269,2694,0,1,1
20190606270,2704,4,0,4
20190606271,2714,1,6,5
20190606272,2724,6,7,1
20190606273,2734,1,8,7
20190606274,2744,8,4,4
20190606275,2754,2,3,1
20190606276,2764,9,8,1
20190606277,2774,8,9,1
20190606278,2784,4,6,2
20190606279,2794,3,4,1
20190606280,2804,8,7,1
20190606281,2814,2,7,5
20190606282,2824,9,5,4
20190606283,2834,3,6,3
20190606284,2844,6,4,2
20190606285,2854,3,5,2
20190606286,2864,3,2,1
20190606287,2874,7,8,1
20190606288,2884,3,1,2
20190607001,15,2,4,2
20190607002,25,9,8,1
20190607003,35,3,1,2
20190607004,45,5,3,2
20190607005,55,1,4,3
20190607006,65,2,8,6
20190607007,75,2,0,2
20190607008,85,1,5,4
20190607009,95,6,9,3
20190607010,105,8,6,2
20190607011,115,7,2,5
20190607012,125,3,4,1
20190607013,135,9,7,2
20190607014,145,7,8,1
20190607015,155,9,3,6
20190607016,165,5,1,4
20190607017,175,9,7,2
20190607018,185,0,4,4
20190607019,195,4,8,4
20190607020,205,7,6,1
20190607021,215,9,7,2
20190607022,225,1,4,3
20190607023,235,2,6,4
20190607024,245,1,2,1
20190607025,255,0,6,6
20190607026,265,6,2,4
20190607027,275,9,4,5
20190607028,285,0,1,1
20190607029,295,9,8,1
20190607030,305,8,0,8
20190607031,315,0,5,5
20190607032,325,0,7,7
20190607033,335,0,3,3
20190607034,345,7,5,2
20190607035,355,4,7,3
20190607036,365,0,0,0
20190607037,375,3,8,5
20190607038,385,2,7,5
20190607039,395,6,5,1
20190607040,405,9,2,7
20190607041,415,2,7,5
20190607042,425,5,2,3
20190607043,435,3,0,3
20190607044,445,7,7,0
20190607045,455,2,3,1
20190607046,465,8,7,1
20190607047,475,2,6,4
20190607048,485,8,4,4
20190607049,495,8,3,5
20190607050,505,3,2,1
20190607051,515,9,1,8
20190607052,525,6,5,1
20190607053,535,7,1,6
20190607054,545,0,1,1
20190607055,555,0,5,5
20190607056,565,0,2,2
20190607057,575,2,5,3
20190607058,585,5,4,1
20190607059,595,1,0,1
20190607060,605,0,1,1
20190607061,615,1,8,7
20190607062,625,0,9,9
20190607063,635,1,2,1
20190607064,645,5,7,2
20190607065,655,0,7,7
20190607066,665,9,9,0
20190607067,675,3,8,5
20190607068,685,5,7,2
20190607069,695,2,0,2
20190607070,705,3,4,1
20190607071,715,7,0,7
20190607072,725,0,9,9
20190607073,735,9,9,0
20190607074,745,8,8,0
20190607075,755,1,7,6
20190607076,765,5,1,4
20190607077,775,5,4,1
20190607078,785,4,0,4
20190607079,795,7,6,1
20190607080,805,7,7,0
20190607081,815,8,4,4
20190607082,825,0,9,9
20190607083,835,0,7,7
20190607084,845,0,5,5
20190607085,855,8,0,8
20190607086,865,5,5,0
20190607087,875,0,1,1
20190607088,885,5,0,5
20190607089,895,0,7,7
20190607090,905,1,2,1
20190607091,915,7,6,1
20190607092,925,4,8,4
20190607093,935,0,4,4
20190607094,945,9,8,1
20190607095,955,1,4,3
20190607096,965,8,9,1
20190607097,975,0,8,8
20190607098,985,3,2,1
20190607099,995,6,5,1
20190607100,1005,0,8,8
20190607101,1015,2,3,1
20190607102,1025,7,2,5
20190607103,1035,2,1,1
20190607104,1045,2,2,0
20190607105,1055,9,3,6
20190607106,1065,6,8,2
20190607107,1075,1,8,7
20190607108,1085,0,4,4
20190607109,1095,1,2,1
20190607110,1105,3,0,3
20190607111,1115,6,5,1
20190607112,1125,0,6,6
20190607113,1135,5,3,2
20190607114,1145,1,3,2
20190607115,1155,4,9,5
20190607116,1165,4,8,4
20190607117,1175,6,5,1
20190607118,1185,1,7,6
20190607119,1195,7,2,5
20190607120,1205,7,9,2
20190607121,1215,4,8,4
20190607122,1225,7,3,4
20190607123,1235,1,2,1
20190607124,1245,7,5,2
20190607125,1255,9,0,9
20190607126,1265,7,1,6
20190607127,1275,2,7,5
20190607128,1285,8,7,1
20190607129,1295,9,3,6
20190607130,1305,2,1,1
20190607131,1315,1,1,0
20190607132,1325,6,3,3
20190607133,1335,2,7,5
20190607134,1345,5,4,1
20190607135,1355,7,7,0
20190607136,1365,4,0,4
20190607137,1375,3,0,3
20190607138,1385,9,4,5
20190607139,1395,7,1,6
20190607140,1405,9,6,3
20190607141,1415,2,4,2
20190607142,1425,3,4,1
20190607143,1435,5,2,3
20190607144,1445,2,1,1
20190607145,1455,9,2,7
20190607146,1465,9,4,5
20190607147,1475,7,1,6
20190607148,1485,2,7,5
20190607149,1495,7,1,6
20190607150,1505,9,2,7
20190607151,1515,7,1,6
20190607152,1525,3,5,2
20190607153,1535,3,4,1
20190607154,1545,7,6,1
20190607155,1555,3,2,1
20190607156,1565,6,2,4
20190607157,1575,4,3,1
20190607158,1585,6,2,4
20190607159,1595,0,2,2
20190607160,1605,3,4,1
20190607161,1615,6,5,1
20190607162,1625,5,8,3
20190607163,1635,7,8,1
20190607164,1645,5,5,0
20190607165,1655,4,6,2
20190607166,1665,1,4,3
20190607167,1675,4,0,4
20190607168,1685,9,4,5
20190607169,1695,9,5,4
20190607170,1705,8,0,8
20190607171,1715,6,8,2
20190607172,1725,8,2,6
20190607173,1735,6,6,0
20190607174,1745,9,1,8
20190607175,1755,3,3,0
20190607176,1765,6,9,3
20190607177,1775,4,6,2
20190607178,1785,7,7,0
20190607179,1795,9,5,4
20190607180,1805,1,9,8
20190607181,1815,9,9,0
20190607182,1825,7,5,2
20190607183,1835,7,5,2
20190607184,1845,5,1,4
20190607185,1855,1,3,2
20190607186,1865,2,8,6
20190607187,1875,0,0,0
20190607188,1885,1,7,6
20190607189,1895,9,7,2
20190607190,1905,8,6,2
20190607191,1915,6,8,2
20190607192,1925,0,1,1
20190607193,1935,4,1,3
20190607194,1945,2,8,6
20190607195,1955,5,1,4
20190607196,1965,3,3,0
20190607197,1975,0,8,8
20190607198,1985,9,8,1
20190607199,1995,8,8,0
20190607200,2005,8,2,6
20190607201,2015,1,1,0
20190607202,2025,5,5,0
20190607203,2035,1,1,0
20190607204,2045,3,1,2
20190607205,2055,8,6,2
20190607206,2065,9,4,5
20190607207,2075,9,2,7
20190607208,2085,8,9,1
20190607209,2095,8,7,1
20190607210,2105,8,0,8
20190607211,2115,7,7,0
20190607212,2125,0,2,2
20190607213,2135,4,8,4
20190607214,2145,1,5,4
20190607215,2155,8,5,3
20190607216,2165,2,0,2
20190607217,2175,8,8,0
20190607218,2185,6,4,2
20190607219,2195,8,2,6
20190607220,2205,8,3,5
20190607221,2215,1,4,3
20190607222,2225,6,1,5
20190607223,2235,6,5,1
20190607224,2245,7,5,2
20190607225,2255,5,4,1
20190607226,2265,1,9,8
20190607227,2275,7,2,5
20190607228,2285,7,4,3
20190607229,2295,8,4,4
20190607230,2305,7,7,0
20190607231,2315,1,4,3
20190607232,2325,1,6,5
20190607233,2335,0,5,5
20190607234,2345,8,5,3
20190607235,2355,0,1,1
20190607236,2365,7,1,6
20190607237,2375,9,1,8
20190607238,2385,3,4,1
20190607239,2395,6,4,2
20190607240,2405,9,0,9
20190607241,2415,2,8,6
20190607242,2425,0,7,7
20190607243,2435,5,3,2
20190607244,2445,2,6,4
20190607245,2455,6,8,2
20190607246,2465,2,9,7
20190607247,2475,1,9,8
20190607248,2485,8,1,7
20190607249,2495,6,9,3
20190607250,2505,3,4,1
20190607251,2515,6,3,3
20190607252,2525,9,9,0
20190607253,2535,2,2,0
20190607254,2545,9,4,5
20190607255,2555,3,9,6
20190607256,2565,6,9,3
20190607257,2575,4,1,3
20190607258,2585,4,5,1
20190607259,2595,0,0,0
20190607260,2605,5,7,2
20190607261,2615,4,7,3
20190607262,2625,5,9,4
20190607263,2635,8,8,0
20190607264,2645,3,5,2
20190607265,2655,1,9,8
20190607266,2665,0,5,5
20190607267,2675,3,9,6
20190607268,2685,9,3,6
20190607269,2695,8,2,6
20190607270,2705,0,3,3
20190607271,2715,3,5,2
20190607272,2725,1,6,5
20190607273,2735,4,5,1
20190607274,2745,0,6,6
20190607275,2755,8,0,8
20190607276,2765,3,6,3
20190607277,2775,0,2,2
20190607278,2785,1,5,4
20190607279,2795,6,0,6
20190607280,2805,7,8,1
20190607281,2815,6,4,2
20190607282,2825,2,3,1
20190607283,2835,5,2,3
20190607284,2845,1,9,8
20190607285,2855,7,0,7
20190607286,2865,5,4,1
20190607287,2875,3,4,1
20190607288,2885,9,4,5
20190608001,16,3,5,2
20190608002,26,0,1,1
20190608003,36,0,5,5
20190608004,46,9,0,9
20190608005,56,6,1,5
20190608006,66,1,4,3
20190608007,76,8,1,7
20190608008,86,7,3,4
20190608009,96,3,0,3
20190608010,106,9,0,9
20190608011,116,6,5,1
20190608012,126,7,6,1
20190608013,136,0,2,2
20190608014,146,2,3,1
20190608015,156,0,9,9
20190608016,166,5,9,4
20190608017,176,2,3,1
20190608018,186,0,2,2
20190608019,196,7,9,2
20190608020,206,6,4,2
20190608021,216,1,5,4
20190608022,226,0,6,6
20190608023,236,6,2,4
20190608024,246,4,4,0
20190608025,256,9,2,7
20190608026,266,9,2,7
20190608027,276,4,5,1
20190608028,286,5,6,1
20190608029,296,6,8,2
20190608030,306,3,3,0
20190608031,316,1,0,1
20190608032,326,2,2,0
20190608033,336,7,2,5
20190608034,346,2,9,7
20190608035,356,6,3,3
20190608036,366,7,1,6
20190608037,376,5,2,3
20190608038,386,6,6,0
20190608039,396,9,5,4
20190608040,406,9,2,7
20190608041,416,6,6,0
20190608042,426,8,5,3
20190608043,436,0,1,1
20190608044,446,2,3,1
20190608045,456,3,7,4
20190608046,466,7,2,5
20190608047,476,3,2,1
20190608048,486,0,7,7
20190608049,496,1,5,4
20190608050,506,3,1,2
20190608051,516,2,5,3
20190608052,526,3,4,1
20190608053,536,6,8,2
20190608054,546,4,4,0
20190608055,556,8,8,0
20190608056,566,0,7,7
20190608057,576,2,6,4
20190608058,586,9,8,1
20190608059,596,2,2,0
20190608060,606,0,6,6
20190608061,616,4,6,2
20190608062,626,9,0,9
20190608063,636,2,7,5
20190608064,646,7,0,7
20190608065,656,5,3,2
20190608066,666,2,9,7
20190608067,676,6,1,5
20190608068,686,0,7,7
20190608069,696,5,4,1
20190608070,706,6,3,3
20190608071,716,9,7,2
20190608072,726,1,7,6
20190608073,736,7,1,6
20190608074,746,4,7,3
20190608075,756,7,0,7
20190608076,766,3,7,4
20190608077,776,5,9,4
20190608078,786,4,6,2
20190608079,796,6,4,2
20190608080,806,8,4,4
20190608081,816,9,2,7
20190608082,826,0,6,6
20190608083,836,6,9,3
20190608084,846,3,6,3
20190608085,856,1,1,0
20190608086,866,2,6,4
20190608087,876,8,4,4
20190608088,886,6,8,2
20190608089,896,8,0,8
20190608090,906,4,3,1
20190608091,916,6,0,6
20190608092,926,9,8,1
20190608093,936,4,2,2
20190608094,946,5,8,3
20190608095,956,6,7,1
20190608096,966,8,5,3
20190608097,976,3,1,2
20190608098,986,2,2,0
20190608099,996,9,2,7
20190608100,1006,3,7,4
20190608101,1016,0,1,1
20190608102,1026,0,6,6
20190608103,1036,2,0,2
20190608104,1046,4,1,3
20190608105,1056,9,6,3
20190608106,1066,3,3,0
20190608107,1076,1,0,1
20190608108,1086,8,6,2
20190608109,1096,6,3,3
20190608110,1106,9,9,0
20190608111,1116,4,1,3
20190608112,1126,8,4,4
20190608113,1136,2,3,1
20190608114,1146,4,3,1
20190608115,1156,9,1,8
20190608116,1166,5,6,1
20190608117,1176,1,3,2
20190608118,1186,5,5,0
20190608119,1196,1,5,4
20190608120,1206,5,2,3
20190608121,1216,6,5,1
20190608122,1226,5,9,4
20190608123,1236,8,2,6
20190608124,1246,8,8,0
20190608125,1256,3,5,2
20190608126,1266,6,2,4
20190608127,1276,1,0,1
20190608128,1286,6,1,5
20190608129,1296,8,9,1
20190608130,1306,2,4,2
20190608131,1316,3,6,3
20190608132,1326,6,6,0
20190608133,1336,4,3,1
20190608134,1346,0,8,8
20190608135,1356,9,6,3
20190608136,1366,9,4,5
20190608137,1376,4,5,1
20190608138,1386,5,3,2
20190608139,1396,0,0,0
20190608140,1406,9,7,2
20190608141,1416,3,4,1
20190608142,1426,0,9,9
20190608143,1436,3,8,5
20190608144,1446,0,7,7
20190608145,1456,0,7,7
20190608146,1466,5,7,2
20190608147,1476,4,6,2
20190608148,1486,6,1,5
20190608149,1496,8,4,4
20190608150,1506,9,3,6
20190608151,1516,7,9,2
20190608152,1526,8,2,6
20190608153,1536,7,6,1
20190608154,1546,2,5,3
20190608155,1556,4,5,1
20190608156,1566,2,9,7
20190608157,1576,7,3,4
20190608158,1586,9,9,0
20190608159,1596,0,9,9
20190608160,1606,6,7,1
20190608161,1616,6,9,3
20190608162,1626,7,8,1
20190608163,1636,8,6,2
20190608164,1646,8,8,0
20190608165,1656,1,2,1
20190608166,1666,5,5,0
20190608167,1676,5,4,1
20190608168,1686,5,3,2
20190608169,1696,8,1,7
20190608170,1706,3,3,0
20190608171,1716,7,5,2
20190608172,1726,8,6,2
20190608173,1736,5,2,3
20190608174,1746,4,3,1
20190608175,1756,2,8,6
20190608176,1766,9,2,7
20190608177,1776,1,4,3
20190608178,1786,9,7,2
20190608179,1796,8,9,1
20190608180,1806,6,2,4
20190608181,1816,6,8,2
20190608182,1826,1,0,1
20190608183,1836,0,7,7
20190608184,1846,2,9,7
20190608185,1856,8,4,4
20190608186,1866,2,3,1
20190608187,1876,1,5,4
20190608188,1886,0,6,6
20190608189,1896,0,2,2
20190608190,1906,1,4,3
20190608191,1916,8,0,8
20190608192,1926,2,5,3
20190608193,1936,7,4,3
20190608194,1946,5,3,2
20190608195,1956,1,3,2
20190608196,1966,4,5,1
20190608197,1976,6,0,6
20190608198,1986,1,2,1
20190608199,1996,1,2,1
20190608200,2006,8,2,6
20190608201,2016,7,0,7
20190608202,2026,3,7,4
20190608203,2036,5,1,4
20190608204,2046,6,4,2
20190608205,2056,6,0,6
20190608206,2066,7,9,2
20190608207,2076,2,6,4
20190608208,2086,7,8,1
20190608209,2096,6,8,2
20190608210,2106,4,7,3
20190608211,2116,1,7,6
20190608212,2126,9,4,5
20190608213,2136,4,3,1
20190608214,2146,7,9,2
20190608215,2156,4,2,2
20190608216,2166,2,5,3
20190608217,2176,0,8,8
20190608218,2186,1,3,2
20190608219,2196,8,6,2
20190608220,2206,0,5,5
20190608221,2216,9,0,9
20190608222,2226,1,9,8
20190608223,2236,1,4,3
20190608224,2246,9,2,7
20190608225,2256,5,9,4
20190608226,2266,4,8,4
20190608227,2276,6,7,1
20190608228,2286,8,0,8
20190608229,2296,1,2,1
20190608230,2306,9,5,4
20190608231,2316,3,9,6
20190608232,2326,4,0,4
20190608233,2336,4,1,3
20190608234,2346,6,7,1
20190608235,2356,0,1,1
20190608236,2366,2,0,2
20190608237,2376,7,9,2
20190608238,2386,7,7,0
20190608239,2396,3,5,2
20190608240,2406,6,2,4
20190608241,2416,3,2,1
20190608242,2426,0,1,1
20190608243,2436,1,3,2
20190608244,2446,6,6,0
20190608245,2456,0,3,3
20190608246,2466,8,4,4
20190608247,2476,9,5,4
20190608248,2486,7,4,3
20190608249,2496,6,8,2
20190608250,2506,1,0,1
20190608251,2516,4,3,1
20190608252,2526,2,8,6
20190608253,2536,2,8,6
20190608254,2546,5,4,1
20190608255,2556,8,7,1
20190608256,2566,1,0,1
20190608257,2576,0,2,2
20190608258,2586,7,5,2
20190608259,2596,9,3,6
20190608260,2606,4,7,3
20190608261,2616,3,3,0
20190608262,2626,1,3,2
20190608263,2636,9,2,7
20190608264,2646,5,5,0
20190608265,2656,2,5,3
20190608266,2666,4,8,4
20190608267,2676,2,9,7
20190608268,2686,8,3,5
20190608269,2696,9,0,9
20190608270,2706,3,3,0
20190608271,2716,4,9,5
20190608272,2726,2,7,5
20190608273,2736,2,5,3
20190608274,2746,6,6,0
20190608275,2756,3,5,2
20190608276,2766,5,0,5
20190608277,2776,4,5,1
20190608278,2786,2,4,2
20190608279,2796,5,9,4
20190608280,2806,4,9,5
20190608281,2816,8,2,6
20190608282,2826,6,6,0
20190608283,2836,3,2,1
20190608284,2846,9,6,3
20190608285,2856,8,7,1
20190608286,2866,7,7,0
20190608287,2876,7,0,7
20190608288,2886,8,6,2
20190609001,17,7,1,6
20190609002,27,3,9,6
20190609003,37,7,4,3
20190609004,47,6,6,0
20190609005,57,3,7,4
20190609006,67,9,7,2
20190609007,77,1,0,1
20190609008,87,8,8,0
20190609009,97,8,1,7
20190609010,107,5,1,4
20190609011,117,5,7,2
20190609012,127,2,4,2
20190609013,137,3,5,2
20190609014,147,9,6,3
20190609015,157,6,2,4
20190609016,167,1,4,3
20190609017,177,8,2,6
20190609018,187,1,7,6
20190609019,197,5,4,1
20190609020,207,7,9,2
20190609021,217,0,1,1
20190609022,227,8,6,2
20190609023,237,9,2,7
20190609024,247,9,7,2
20190609025,257,0,7,7
20190609026,267,9,1,8
20190609027,277,5,2,3
20190609028,287,7,2,5
20190609029,297,3,5,2
20190609030,307,2,6,4
20190609031,317,7,3,4
20190609032,327,5,1,4
20190609033,337,2,5,3
20190609034,347,4,4,0
20190609035,357,7,3,4
20190609036,367,4,9,5
20190609037,377,8,5,3
20190609038,387,5,7,2
20190609039,397,8,3,5
20190609040,407,8,4,4
20190609041,417,7,7,0
20190609042,427,3,9,6
20190609043,437,4,3,1
20190609044,447,9,4,5
20190609045,457,9,5,4
20190609046,467,7,5,2
20190609047,477,4,1,3
20190609048,487,8,1,7
20190609049,497,5,3,2
20190609050,507,9,8,1
20190609051,517,2,4,2
20190609052,527,0,0,0
20190609053,537,9,4,5
20190609054,547,5,5,0
20190609055,557,4,2,2
20190609056,567,8,8,0
20190609057,577,9,3,6
20190609058,587,5,0,5
20190609059,597,0,9,9
20190609060,607,5,6,1
20190609061,617,9,4,5
20190609062,627,6,5,1
20190609063,637,1,2,1
20190609064,647,3,2,1
20190609065,657,9,0,9
20190609066,667,5,2,3
20190609067,677,8,1,7
20190609068,687,9,0,9
20190609069,697,7,6,1
20190609070,707,2,8,6
20190609071,717,5,0,5
20190609072,727,8,1,7
20190609073,737,6,5,1
20190609074,747,8,0,8
20190609075,757,2,2,0
20190609076,767,7,0,7
20190609077,777,1,3,2
20190609078,787,2,7,5
20190609079,797,8,4,4
20190609080,807,9,8,1
20190609081,817,5,6,1
20190609082,827,9,1,8
20190609083,837,9,3,6
20190609084,847,6,5,1
20190609085,857,4,8,4
20190609086,867,3,1,2
20190609087,877,9,9,0
20190609088,887,8,3,5
20190609089,897,8,6,2
20190609090,907,3,2,1
20190609091,917,3,2,1
20190609092,927,2,6,4
20190609093,937,6,8,2
20190609094,947,6,3,3
20190609095,957,0,3,3
20190609096,967,3,4,1
20190609097,977,5,9,4
20190609098,987,3,4,1
20190609099,997,2,5,3
20190609100,1007,8,3,5
20190609101,1017,0,2,2
20190609102,1027,2,2,0
20190609103,1037,3,5,2
20190609104,1047,3,9,6
20190609105,1057,8,2,6
20190609106,1067,8,4,4
20190609107,1077,6,0,6
20190609108,1087,4,4,0
20190609109,1097,7,9,2
20190609110,1107,8,1,7
20190609111,1117,5,8,3
20190609112,1127,9,7,2
20190609113,1137,3,7,4
20190609114,1147,7,8,1
20190609115,1157,2,7,5
20190609116,1167,2,2,0
20190609117,1177,4,6,2
20190609118,1187,2,4,2
20190609119,1197,6,0,6
20190609120,1207,7,1,6
20190609121,1217,7,0,7
20190609122,1227,3,3,0
20190609123,1237,7,9,2
20190609124,1247,7,7,0
20190609125,1257,3,5,2
20190609126,1267,5,5,0
20190609127,1277,7,8,1
20190609128,1287,7,0,7
20190609129,1297,9,7,2
20190609130,1307,9,3,6
20190609131,1317,6,7,1
20190609132,1327,7,9,2
20190609133,1337,1,2,1
20190609134,1347,3,7,4
20190609135,1357,8,5,3
20190609136,1367,9,3,6
20190609137,1377,6,8,2
20190609138,1387,1,1,0
20190609139,1397,4,2,2
20190609140,1407,0,5,5
20190609141,1417,3,7,4
20190609142,1427,0,0,0
20190609143,1437,6,1,5
20190609144,1447,5,9,4
20190609145,1457,4,3,1
20190609146,1467,1,6,5
20190609147,1477,0,5,5
20190609148,1487,6,6,0
20190609149,1497,2,8,6
20190609150,1507,3,4,1
20190609151,1517,5,0,5
20190609152,1527,3,9,6
20190609153,1537,3,9,6
20190609154,1547,1,5,4
20190609155,1557,8,9,1
20190609156,1567,0,0,0
20190609157,1577,6,0,6
20190609158,1587,1,8,7
20190609159,1597,0,1,1
20190609160,1607,2,3,1
20190609161,1617,3,4,1
20190609162,1627,8,4,4
20190609163,1637,8,6,2
20190609164,1647,9,9,0
20190609165,1657,4,4,0
20190609166,1667,2,4,2
20190609167,1677,6,1,5
20190609168,1687,6,3,3
20190609169,1697,3,6,3
20190609170,1707,3,3,0
20190609171,1717,2,1,1
20190609172,1727,7,8,1
20190609173,1737,1,5,4
20190609174,1747,1,4,3
20190609175,1757,2,5,3
20190609176,1767,2,2,0
20190609177,1777,5,4,1
20190609178,1787,5,8,3
20190609179,1797,0,0,0
20190609180,1807,9,2,7
20190609181,1817,5,0,5
20190609182,1827,4,0,4
20190609183,1837,3,1,2
20190609184,1847,7,0,7
20190609185,1857,8,2,6
20190609186,1867,7,6,1
20190609187,1877,3,7,4
20190609188,1887,3,7,4
20190609189,1897,4,0,4
20190609190,1907,8,2,6
20190609191,1917,0,6,6
20190609192,1927,3,9,6
20190609193,1937,3,3,0
20190609194,1947,6,8,2
20190609195,1957,5,0,5
20190609196,1967,4,8,4
20190609197,1977,3,3,0
20190609198,1987,2,3,1
20190609199,1997,0,3,3
20190609200,2007,5,7,2
20190609201,2017,7,1,6
20190609202,2027,4,0,4
20190609203,2037,6,2,4
20190609204,2047,1,6,5
20190609205,2057,1,4,3
20190609206,2067,3,7,4
20190609207,2077,6,0,6
20190609208,2087,7,2,5
20190609209,2097,2,3,1
20190609210,2107,0,2,2
20190609211,2117,4,0,4
20190609212,2127,2,6,4
20190609213,2137,4,2,2
20190609214,2147,5,9,4
20190609215,2157,8,7,1
20190609216,2167,3,9,6
20190609217,2177,4,8,4
20190609218,2187,2,9,7
20190609219,2197,8,9,1
20190609220,2207,7,9,2
20190609221,2217,0,6,6
20190609222,2227,4,4,0
20190609223,2237,8,0,8
20190609224,2247,4,8,4
20190609225,2257,5,3,2
20190609226,2267,4,7,3
20190609227,2277,0,5,5
20190609228,2287,4,0,4
20190609229,2297,2,1,1
20190609230,2307,0,0,0
20190609231,2317,2,1,1
20190609232,2327,1,4,3
20190609233,2337,3,7,4
20190609234,2347,2,1,1
20190609235,2357,3,1,2
20190609236,2367,0,8,8
20190609237,2377,5,7,2
20190609238,2387,2,2,0
20190609239,2397,3,7,4
20190609240,2407,2,8,6
20190609241,2417,6,9,3
20190609242,2427,0,1,1
20190609243,2437,8,5,3
20190609244,2447,6,4,2
20190609245,2457,4,8,4
20190609246,2467,0,5,5
20190609247,2477,2,7,5
20190609248,2487,0,7,7
20190609249,2497,9,9,0
20190609250,2507,0,8,8
20190609251,2517,0,6,6
20190609252,2527,5,4,1
20190609253,2537,2,2,0
20190609254,2547,5,2,3
20190609255,2557,6,4,2
20190609256,2567,2,7,5
20190609257,2577,0,2,2
20190609258,2587,4,8,4
20190609259,2597,8,4,4
20190609260,2607,1,9,8
20190609261,2617,0,5,5
20190609262,2627,0,8,8
20190609263,2637,2,6,4
20190609264,2647,5,3,2
20190609265,2657,3,3,0
20190609266,2667,2,1,1
20190609267,2677,6,3,3
20190609268,2687,7,5,2
20190609269,2697,1,6,5
20190609270,2707,7,7,0
20190609271,2717,3,1,2
20190609272,2727,7,5,2
20190609273,2737,5,4,1
20190609274,2747,4,0,4
20190609275,2757,7,8,1
20190609276,2767,6,0,6
20190609277,2777,3,4,1
20190609278,2787,4,8,4
20190609279,2797,1,4,3
20190609280,2807,1,9,8
20190609281,2817,0,6,6
20190609282,2827,8,5,3
20190609283,2837,7,9,2
20190609284,2847,3,2,1
20190609285,2857,0,8,8
20190609286,2867,7,5,2
20190609287,2877,9,9,0
20190609288,2887,1,8,7
20190610001,11,7,4,3
20190610002,21,4,6,2
20190610003,31,6,9,3
20190610004,41,9,1,8
20190610005,51,6,9,3
20190610006,61,4,8,4
20190610007,71,3,4,1
20190610008,81,1,0,1
20190610009,91,6,2,4
20190610010,101,5,6,1
20190610011,111,9,9,0
20190610012,121,1,0,1
20190610013,131,0,0,0
20190610014,141,7,9,2
20190610015,151,8,2,6
20190610016,161,3,4,1
20190610017,171,8,3,5
20190610018,181,8,1,7
20190610019,191,2,6,4
20190610020,201,3,2,1
20190610021,211,0,6,6
20190610022,221,8,6,2
20190610023,231,4,5,1
20190610024,241,2,8,6
20190610025,251,6,8,2
20190610026,261,6,4,2
20190610027,271,8,7,1
20190610028,281,7,0,7
20190610029,291,2,6,4
20190610030,301,4,0,4
20190610031,311,4,0,4
20190610032,321,3,6,3
20190610033,331,9,1,8
20190610034,341,0,5,5
20190610035,351,7,4,3
20190610036,361,0,6,6
20190610037,371,5,9,4
20190610038,381,9,2,7
20190610039,391,7,6,1
20190610040,401,3,9,6
20190610041,411,1,8,7
20190610042,421,9,6,3
20190610043,431,6,7,1
20190610044,441,8,5,3
20190610045,451,5,9,4
20190610046,461,0,8,8
20190610047,471,8,0,8
20190610048,481,2,2,0
20190610049,491,6,8,2
20190610050,501,5,6,1
20190610051,511,7,5,2
20190610052,521,9,3,6
20190610053,531,0,0,0
20190610054,541,3,8,5
20190610055,551,2,4,2
20190610056,561,1,4,3
20190610057,571,6,6,0
20190610058,581,8,7,1
20190610059,591,7,7,0
20190610060,601,7,5,2
20190610061,611,5,4,1
20190610062,621,1,5,4
20190610063,631,3,3,0
20190610064,641,2,6,4
20190610065,651,4,5,1
20190610066,661,9,6,3
20190610067,671,5,8,3
20190610068,681,9,2,7
20190610069,691,1,8,7
20190610070,701,6,9,3
20190610071,711,6,5,1
20190610072,721,1,0,1
20190610073,731,2,9,7
20190610074,741,3,0,3
20190610075,751,9,0,9
20190610076,761,2,9,7
20190610077,771,8,6,2
20190610078,781,2,1,1
20190610079,791,6,8,2
20190610080,801,0,2,2
20190610081,811,8,4,4
20190610082,821,3,7,4
20190610083,831,2,8,6
20190610084,841,9,1,8
20190610085,851,1,8,7
20190610086,861,9,3,6
20190610087,871,0,9,9
20190610088,881,8,1,7
20190610089,891,5,6,1
20190610090,901,1,2,1
20190610091,911,6,8,2
20190610092,921,1,2,1
20190610093,931,1,5,4
20190610094,941,4,9,5
20190610095,951,6,8,2
20190610096,961,9,3,6
20190610097,971,2,3,1
20190610098,981,3,1,2
20190610099,991,3,8,5
20190610100,1001,8,9,1
20190610101,1011,8,1,7
20190610102,1021,0,5,5
20190610103,1031,6,6,0
20190610104,1041,2,5,3
20190610105,1051,7,7,0
20190610106,1061,5,9,4
20190610107,1071,2,0,2
20190610108,1081,1,7,6
20190610109,1091,9,7,2
20190610110,1101,5,2,3
20190610111,1111,1,4,3
20190610112,1121,5,0,5
20190610113,1131,0,5,5
20190610114,1141,5,5,0
20190610115,1151,5,8,3
20190610116,1161,0,2,2
20190610117,1171,1,7,6
20190610118,1181,4,9,5
20190610119,1191,8,7,1
20190610120,1201,0,9,9
20190610121,1211,9,8,1
20190610122,1221,4,0,4
20190610123,1231,8,4,4
20190610124,1241,1,1,0
20190610125,1251,3,6,3
20190610126,1261,5,1,4
20190610127,1271,0,8,8
20190610128,1281,0,4,4
20190610129,1291,1,6,5
20190610130,1301,4,8,4
20190610131,1311,3,6,3
20190610132,1321,4,8,4
20190610133,1331,5,9,4
20190610134,1341,3,8,5
20190610135,1351,3,2,1
20190610136,1361,5,6,1
20190610137,1371,0,9,9
20190610138,1381,4,2,2
20190610139,1391,6,2,4
20190610140,1401,3,7,4
20190610141,1411,8,8,0
20190610142,1421,7,2,5
20190610143,1431,8,2,6
20190610144,1441,6,9,3
20190610145,1451,1,1,0
20190610146,1461,7,4,3
20190610147,1471,5,7,2
20190610148,1481,9,1,8
20190610149,1491,6,9,3
20190610150,1501,9,0,9
20190610151,1511,4,0,4
20190610152,1521,5,3,2
20190610153,1531,1,2,1
20190610154,1541,3,0,3
20190610155,1551,9,0,9
20190610156,1561,5,4,1
20190610157,1571,3,4,1
20190610158,1581,4,6,2
20190610159,1591,8,8,0
20190610160,1601,2,2,0
20190610161,1611,4,4,0
20190610162,1621,5,0,5
20190610163,1631,9,0,9
20190610164,1641,7,6,1
20190610165,1651,5,6,1
20190610166,1661,2,8,6
20190610167,1671,0,0,0
20190610168,1681,7,1,6
20190610169,1691,9,9,0
20190610170,1701,8,6,2
20190610171,1711,6,5,1
20190610172,1721,1,7,6
20190610173,1731,3,2,1
20190610174,1741,1,9,8
20190610175,1751,2,0,2
20190610176,1761,7,3,4
20190610177,1771,4,6,2
20190610178,1781,2,0,2
20190610179,1791,9,3,6
20190610180,1801,0,3,3
20190610181,1811,2,5,3
20190610182,1821,6,2,4
20190610183,1831,2,0,2
20190610184,1841,1,5,4
20190610185,1851,0,9,9
20190610186,1861,7,3,4
20190610187,1871,7,5,2
20190610188,1881,9,3,6
20190610189,1891,1,9,8
20190610190,1901,3,3,0
20190610191,1911,1,9,8
20190610192,1921,5,4,1
20190610193,1931,2,0,2
20190610194,1941,1,0,1
20190610195,1951,2,3,1
20190610196,1961,2,9,7
20190610197,1971,0,2,2
20190610198,1981,8,3,5
20190610199,1991,0,0,0
20190610200,2001,5,1,4
20190610201,2011,2,5,3
20190610202,2021,6,9,3
20190610203,2031,4,7,3
20190610204,2041,1,7,6
20190610205,2051,9,4,5
20190610206,2061,0,2,2
20190610207,2071,5,2,3
20190610208,2081,2,4,2
20190610209,2091,4,0,4
20190610210,2101,9,1,8
20190610211,2111,7,6,1
20190610212,2121,1,5,4
20190610213,2131,1,9,8
20190610214,2141,1,7,6
20190610215,2151,3,5,2
20190610216,2161,3,7,4
20190610217,2171,7,8,1
20190610218,2181,8,1,7
20190610219,2191,0,4,4
20190610220,2201,7,4,3
20190610221,2211,8,7,1
20190610222,2221,5,9,4
20190610223,2231,4,6,2
20190610224,2241,8,9,1
20190610225,2251,7,3,4
20190610226,2261,2,7,5
20190610227,2271,8,2,6
20190610228,2281,3,7,4
20190610229,2291,5,4,1
20190610230,2301,8,5,3
20190610231,2311,6,5,1
20190610232,2321,8,7,1
20190610233,2331,6,8,2
20190610234,2341,4,3,1
20190610235,2351,5,2,3
20190610236,2361,7,8,1
20190610237,2371,9,2,7
20190610238,2381,3,0,3
20190610239,2391,9,4,5
20190610240,2401,9,7,2
20190610241,2411,2,0,2
20190610242,2421,1,3,2
20190610243,2431,8,7,1
20190610244,2441,5,5,0
20190610245,2451,1,7,6
20190610246,2461,1,1,0
20190610247,2471,2,9,7
20190610248,2481,0,6,6
20190610249,2491,8,6,2
20190610250,2501,9,6,3
20190610251,2511,8,3,5
20190610252,2521,2,8,6
20190610253,2531,4,4,0
20190610254,2541,2,9,7
20190610255,2551,3,6,3
20190610256,2561,5,4,1
20190610257,2571,4,8,4
20190610258,2581,6,6,0
20190610259,2591,9,9,0
20190610260,2601,1,5,4
20190610261,2611,7,2,5
20190610262,2621,6,2,4
20190610263,2631,5,5,0
20190610264,2641,4,6,2
20190610265,2651,0,2,2
20190610266,2661,2,8,6
20190610267,2671,6,5,1
20190610268,2681,8,0,8
20190610269,2691,9,6,3
20190610270,2701,6,8,2
20190610271,2711,0,5,5
20190610272,2721,2,2,0
20190610273,2731,8,5,3
20190610274,2741,8,7,1
20190610275,2751,5,3,2
20190610276,2761,3,4,1
20190610277,2771,3,2,1
20190610278,2781,4,3,1
20190610279,2791,9,4,5
20190610280,2801,5,7,2
20190610281,2811,1,4,3
20190610282,2821,3,5,2
20190610283,2831,5,7,2
20190610284,2841,9,6,3
20190610285,2851,2,4,2
20190610286,2861,5,6,1
20190610287,2871,9,3,6
20190610288,2881,2,0,2
20190611001,12,3,9,6
20190611002,22,0,9,9
20190611003,32,8,5,3
20190611004,42,6,0,6
20190611005,52,9,9,0
20190611006,62,6,0,6
20190611007,72,3,0,3
20190611008,82,0,0,0
20190611009,92,4,1,3
20190611010,102,8,9,1
20190611011,112,9,5,4
20190611012,122,1,6,5
20190611013,132,9,2,7
20190611014,142,6,5,1
20190611015,152,3,4,1
20190611016,162,7,0,7
20190611017,172,2,2,0
20190611018,182,1,5,4
20190611019,192,5,4,1
20190611020,202,5,2,3
20190611021,212,9,5,4
20190611022,222,5,2,3
20190611023,232,1,7,6
20190611024,242,4,6,2
20190611025,252,3,2,1
20190611026,262,6,3,3
20190611027,272,2,5,3
20190611028,282,5,9,4
20190611029,292,6,0,6
20190611030,302,9,0,9
20190611031,312,3,6,3
20190611032,322,8,8,0
20190611033,332,1,8,7
20190611034,342,2,1,1
20190611035,352,4,6,2
20190611036,362,2,4,2
20190611037,372,8,4,4
20190611038,382,7,1,6
20190611039,392,4,7,3
20190611040,402,9,2,7
20190611041,412,6,1,5
20190611042,422,5,8,3
20190611043,432,4,3,1
20190611044,442,1,8,7
20190611045,452,9,9,0
20190611046,462,2,7,5
20190611047,472,2,2,0
20190611048,482,1,0,1
20190611049,492,8,1,7
20190611050,502,0,8,8
20190611051,512,6,6,0
20190611052,522,8,5,3
20190611053,532,0,7,7
20190611054,542,1,5,4
20190611055,552,9,6,3
20190611056,562,8,6,2
20190611057,572,6,2,4
20190611058,582,2,9,7
20190611059,592,4,1,3
20190611060,602,9,9,0
20190611061,612,9,3,6
20190611062,622,5,0,5
20190611063,632,8,4,4
20190611064,642,4,4,0
20190611065,652,4,6,2
20190611066,662,9,3,6
20190611067,672,3,3,0
20190611068,682,3,8,5
20190611069,692,8,7,1
20190611070,702,8,2,6
20190611071,712,2,6,4
20190611072,722,4,3,1
20190611073,732,1,7,6
20190611074,742,7,7,0
20190611075,752,2,1,1
20190611076,762,3,5,2
20190611077,772,5,1,4
20190611078,782,5,6,1
20190611079,792,3,6,3
20190611080,802,9,5,4
20190611081,812,8,1,7
20190611082,822,5,3,2
20190611083,832,7,9,2
20190611084,842,7,0,7
20190611085,852,8,7,1
20190611086,862,5,6,1
20190611087,872,4,8,4
20190611088,882,0,6,6
20190611089,892,6,8,2
20190611090,902,9,9,0
20190611091,912,8,5,3
20190611092,922,0,6,6
20190611093,932,2,5,3
20190611094,942,8,8,0
20190611095,952,2,0,2
20190611096,962,8,1,7
20190611097,972,5,7,2
20190611098,982,8,2,6
20190611099,992,5,5,0
20190611100,1002,8,0,8
20190611101,1012,3,1,2
20190611102,1022,3,3,0
20190611103,1032,3,6,3
20190611104,1042,4,6,2
20190611105,1052,5,3,2
20190611106,1062,1,0,1
20190611107,1072,5,6,1
20190611108,1082,7,3,4
20190611109,1092,0,1,1
20190611110,1102,4,6,2
20190611111,1112,0,7,7
20190611112,1122,1,1,0
20190611113,1132,8,0,8
20190611114,1142,9,8,1
20190611115,1152,5,7,2
20190611116,1162,6,1,5
20190611117,1172,3,1,2
20190611118,1182,3,3,0
20190611119,1192,0,7,7
20190611120,1202,4,8,4
20190611121,1212,5,1,4
20190611122,1222,3,8,5
20190611123,1232,0,3,3
20190611124,1242,4,7,3
20190611125,1252,2,2,0
20190611126,1262,6,1,5
20190611127,1272,7,6,1
20190611128,1282,0,0,0
20190611129,1292,4,9,5
20190611130,1302,9,9,0
20190611131,1312,6,5,1
20190611132,1322,7,1,6
20190611133,1332,3,2,1
20190611134,1342,8,0,8
20190611135,1352,7,5,2
20190611136,1362,2,4,2
20190611137,1372,2,9,7
20190611138,1382,9,5,4
20190611139,1392,1,4,3
20190611140,1402,6,5,1
20190611141,1412,5,1,4
20190611142,1422,1,5,4
20190611143,1432,4,7,3
20190611144,1442,0,2,2
20190611145,1452,1,4,3
20190611146,1462,2,1,1
20190611147,1472,0,2,2
20190611148,1482,6,7,1
20190611149,1492,4,3,1
20190611150,1502,0,8,8
20190611151,1512,0,6,6
20190611152,1522,8,9,1
20190611153,1532,1,7,6
20190611154,1542,9,0,9
20190611155,1552,2,6,4
20190611156,1562,3,7,4
20190611157,1572,2,8,6
20190611158,1582,8,2,6
20190611159,1592,6,0,6
20190611160,1602,1,2,1
20190611161,1612,8,0,8
20190611162,1622,9,5,4
20190611163,1632,7,0,7
20190611164,1642,9,1,8
20190611165,1652,3,8,5
20190611166,1662,3,7,4
20190611167,1672,4,9,5
20190611168,1682,2,3,1
20190611169,1692,8,3,5
20190611170,1702,9,8,1
20190611171,1712,8,0,8
20190611172,1722,5,2,3
20190611173,1732,8,8,0
20190611174,1742,6,9,3
20190611175,1752,0,0,0
20190611176,1762,1,1,0
20190611177,1772,9,4,5
20190611178,1782,5,7,2
20190611179,1792,2,1,1
20190611180,1802,6,8,2
20190611181,1812,9,7,2
20190611182,1822,9,7,2
20190611183,1832,4,3,1
20190611184,1842,5,3,2
20190611185,1852,4,8,4
20190611186,1862,2,3,1
20190611187,1872,7,0,7
20190611188,1882,7,7,0
20190611189,1892,0,1,1
20190611190,1902,7,0,7
20190611191,1912,7,9,2
20190611192,1922,7,1,6
20190611193,1932,1,6,5
20190611194,1942,1,2,1
20190611195,1952,7,0,7
20190611196,1962,8,1,7
20190611197,1972,4,7,3
20190611198,1982,8,9,1
20190611199,1992,9,3,6
20190611200,2002,8,6,2
20190611201,2012,0,4,4
20190611202,2022,5,0,5
20190611203,2032,2,7,5
20190611204,2042,0,5,5
20190611205,2052,4,1,3
20190611206,2062,8,1,7
20190611207,2072,1,7,6
20190611208,2082,3,0,3
20190611209,2092,0,2,2
20190611210,2102,5,5,0
20190611211,2112,3,1,2
20190611212,2122,5,3,2
20190611213,2132,0,5,5
20190611214,2142,7,5,2
20190611215,2152,5,5,0
20190611216,2162,9,7,2
20190611217,2172,2,2,0
20190611218,2182,2,2,0
20190611219,2192,7,5,2
20190611220,2202,3,0,3
20190611221,2212,2,8,6
20190611222,2222,2,3,1
20190611223,2232,3,2,1
20190611224,2242,5,3,2
20190611225,2252,3,1,2
20190611226,2262,7,7,0
20190611227,2272,7,9,2
20190611228,2282,4,2,2
20190611229,2292,5,8,3
20190611230,2302,5,2,3
20190611231,2312,0,9,9
20190611232,2322,7,5,2
20190611233,2332,2,5,3
20190611234,2342,2,5,3
20190611235,2352,4,0,4
20190611236,2362,8,5,3
20190611237,2372,8,6,2
20190611238,2382,1,8,7
20190611239,2392,8,9,1
20190611240,2402,0,7,7
20190611241,2412,4,3,1
20190611242,2422,0,5,5
20190611243,2432,4,1,3
20190611244,2442,2,1,1
20190611245,2452,7,4,3
20190611246,2462,5,8,3
20190611247,2472,2,1,1
20190611248,2482,7,6,1
20190611249,2492,5,1,4
20190611250,2502,4,7,3
20190611251,2512,5,5,0
20190611252,2522,9,6,3
20190611253,2532,9,7,2
20190611254,2542,6,1,5
20190611255,2552,0,7,7
20190611256,2562,3,4,1
20190611257,2572,7,8,1
20190611258,2582,9,8,1
20190611259,2592,8,6,2
20190611260,2602,6,8,2
20190611261,2612,4,8,4
20190611262,2622,5,3,2
20190611263,2632,3,3,0
20190611264,2642,2,7,5
20190611265,2652,0,0,0
20190611266,2662,1,3,2
20190611267,2672,4,8,4
20190611268,2682,3,1,2
20190611269,2692,9,0,9
20190611270,2702,6,2,4
20190611271,2712,8,4,4
20190611272,2722,2,7,5
20190611273,2732,7,0,7
20190611274,2742,2,6,4
20190611275,2752,0,1,1
20190611276,2762,3,8,5
20190611277,2772,3,8,5
20190611278,2782,6,2,4
20190611279,2792,6,7,1
20190611280,2802,2,2,0
20190611281,2812,8,8,0
20190611282,2822,2,5,3
20190611283,2832,1,5,4
20190611284,2842,6,7,1
20190611285,2852,6,9,3
20190611286,2862,8,4,4
20190611287,2872,1,4,3
20190611288,2882,1,4,3
20190612001,13,1,5,4
20190612002,23,7,8,1
20190612003,33,7,1,6
20190612004,43,7,2,5
20190612005,53,1,3,2
20190612006,63,6,8,2
20190612007,73,9,0,9
20190612008,83,2,6,4
20190612009,93,4,2,2
20190612010,103,1,6,5
20190612011,113,9,3,6
20190612012,123,1,6,5
20190612013,133,7,0,7
20190612014,143,2,9,7
20190612015,153,5,3,2
20190612016,163,0,8,8
20190612017,173,0,0,0
20190612018,183,8,1,7
20190612019,193,6,7,1
20190612020,203,4,4,0
20190612021,213,1,3,2
20190612022,223,6,4,2
20190612023,233,6,0,6
20190612024,243,4,5,1
20190612025,253,9,8,1
20190612026,263,4,3,1
20190612027,273,6,0,6
20190612028,283,8,7,1
20190612029,293,0,3,3
20190612030,303,3,6,3
20190612031,313,4,3,1
20190612032,323,5,6,1
20190612033,333,1,6,5
20190612034,343,1,5,4
20190612035,353,0,4,4
20190612036,363,4,1,3
20190612037,373,8,5,3
20190612038,383,3,2,1
20190612039,393,9,2,7
20190612040,403,5,4,1
20190612041,413,4,1,3
20190612042,423,2,7,5
20190612043,433,4,8,4
20190612044,443,3,0,3
20190612045,453,3,4,1
20190612046,463,3,1,2
20190612047,473,4,2,2
20190612048,483,0,8,8
20190612049,493,4,9,5
20190612050,503,9,6,3
20190612051,513,1,3,2
20190612052,523,3,1,2
20190612053,533,5,9,4
20190612054,543,0,9,9
20190612055,553,2,1,1
20190612056,563,6,3,3
20190612057,573,4,6,2
20190612058,583,0,8,8
20190612059,593,0,5,5
20190612060,603,5,8,3
20190612061,613,0,7,7
20190612062,623,2,6,4
20190612063,633,6,9,3
20190612064,643,7,6,1
20190612065,653,1,4,3
20190612066,663,3,7,4
20190612067,673,4,0,4
20190612068,683,2,1,1
20190612069,693,5,1,4
20190612070,703,4,1,3
20190612071,713,2,8,6
20190612072,723,7,6,1
20190612073,733,0,2,2
20190612074,743,8,9,1
20190612075,753,7,8,1
20190612076,763,6,8,2
20190612077,773,3,9,6
20190612078,783,7,5,2
20190612079,793,9,1,8
20190612080,803,3,1,2
20190612081,813,2,4,2
20190612082,823,2,1,1
20190612083,833,4,6,2
20190612084,843,8,2,6
20190612085,853,5,8,3
20190612086,863,5,1,4
20190612087,873,3,6,3
20190612088,883,3,5,2
20190612089,893,3,6,3
20190612090,903,2,1,1
20190612091,913,4,6,2
20190612092,923,6,4,2
20190612093,933,8,1,7
20190612094,943,6,7,1
20190612095,953,8,5,3
20190612096,963,0,7,7
20190612097,973,2,6,4
20190612098,983,6,5,1
20190612099,993,9,5,4
20190612100,1003,3,5,2
20190612101,1013,8,4,4
20190612102,1023,4,2,2
20190612103,1033,5,5,0
20190612104,1043,0,8,8
20190612105,1053,2,8,6
20190612106,1063,7,9,2
20190612107,1073,9,4,5
20190612108,1083,1,3,2
20190612109,1093,2,3,1
20190612110,1103,8,3,5
20190612111,1113,6,8,2
20190612112,1123,7,0,7
20190612113,1133,7,6,1
20190612114,1143,9,3,6
20190612115,1153,8,0,8
20190612116,1163,5,6,1
20190612117,1173,0,6,6
20190612118,1183,0,0,0
20190612119,1193,4,5,1
20190612120,1203,0,9,9
20190612121,1213,5,1,4
20190612122,1223,4,6,2
20190612123,1233,9,3,6
20190612124,1243,7,4,3
20190612125,1253,9,7,2
20190612126,1263,5,1,4
20190612127,1273,1,8,7
20190612128,1283,2,3,1
20190612129,1293,1,6,5
20190612130,1303,6,6,0
20190612131,1313,3,8,5
20190612132,1323,9,0,9
20190612133,1333,9,1,8
20190612134,1343,6,9,3
20190612135,1353,8,3,5
20190612136,1363,0,5,5
20190612137,1373,6,7,1
20190612138,1383,1,0,1
20190612139,1393,6,7,1
20190612140,1403,3,5,2
20190612141,1413,4,3,1
20190612142,1423,6,3,3
20190612143,1433,0,2,2
20190612144,1443,8,0,8
20190612145,1453,0,2,2
20190612146,1463,1,9,8
20190612147,1473,6,2,4
20190612148,1483,2,2,0
20190612149,1493,8,6,2
20190612150,1503,9,7,2
20190612151,1513,3,4,1
20190612152,1523,7,0,7
20190612153,1533,4,6,2
20190612154,1543,9,5,4
20190612155,1553,5,7,2
20190612156,1563,3,7,4
20190612157,1573,4,9,5
20190612158,1583,4,8,4
20190612159,1593,3,1,2
20190612160,1603,1,1,0
20190612161,1613,3,4,1
20190612162,1623,1,0,1
20190612163,1633,7,2,5
20190612164,1643,7,6,1
20190612165,1653,0,1,1
20190612166,1663,9,2,7
20190612167,1673,0,0,0
20190612168,1683,4,7,3
20190612169,1693,3,9,6
20190612170,1703,3,7,4
20190612171,1713,3,0,3
20190612172,1723,4,5,1
20190612173,1733,6,1,5
20190612174,1743,8,0,8
20190612175,1753,7,9,2
20190612176,1763,2,9,7
20190612177,1773,6,9,3
20190612178,1783,4,4,0
20190612179,1793,1,1,0
20190612180,1803,9,0,9
20190612181,1813,9,3,6
20190612182,1823,3,5,2
20190612183,1833,7,5,2
20190612184,1843,3,6,3
20190612185,1853,4,9,5
20190612186,1863,6,5,1
20190612187,1873,6,9,3
20190612188,1883,5,0,5
20190612189,1893,1,4,3
20190612190,1903,7,3,4
20190612191,1913,5,5,0
20190612192,1923,3,7,4
20190612193,1933,9,8,1
20190612194,1943,4,2,2
20190612195,1953,0,0,0
20190612196,1963,0,3,3
20190612197,1973,6,1,5
20190612198,1983,0,0,0
20190612199,1993,6,2,4
20190612200,2003,9,0,9
20190612201,2013,8,0,8
20190612202,2023,5,4,1
20190612203,2033,9,3,6
20190612204,2043,9,7,2
20190612205,2053,3,6,3
20190612206,2063,4,0,4
20190612207,2073,9,8,1
20190612208,2083,3,7,4
20190612209,2093,9,2,7
20190612210,2103,1,7,6
20190612211,2113,3,9,6
20190612212,2123,5,0,5
20190612213,2133,3,9,6
20190612214,2143,6,4,2
20190612215,2153,0,3,3
20190612216,2163,9,1,8
20190612217,2173,3,7,4
20190612218,2183,7,8,1
20190612219,2193,2,7,5
20190612220,2203,8,3,5
20190612221,2213,9,8,1
20190612222,2223,2,5,3
20190612223,2233,0,5,5
20190612224,2243,2,6,4
20190612225,2253,3,2,1
20190612226,2263,6,4,2
20190612227,2273,0,1,1
20190612228,2283,0,7,7
20190612229,2293,4,1,3
20190612230,2303,7,6,1
20190612231,2313,3,8,5
20190612232,2323,8,2,6
20190612233,2333,4,2,2
20190612234,2343,4,9,5
20190612235,2353,9,5,4
20190612236,2363,1,2,1
20190612237,2373,3,3,0
20190612238,2383,6,1,5
20190612239,2393,5,3,2
20190612240,2403,8,9,1
20190612241,2413,8,5,3
20190612242,2423,1,8,7
20190612243,2433,3,0,3
20190612244,2443,2,3,1
20190612245,2453,1,8,7
20190612246,2463,6,3,3
20190612247,2473,9,6,3
20190612248,2483,2,4,2
20190612249,2493,9,4,5
20190612250,2503,0,0,0
20190612251,2513,2,2,0
20190612252,2523,9,1,8
20190612253,2533,7,1,6
20190612254,2543,7,8,1
20190612255,2553,6,6,0
20190612256,2563,0,9,9
20190612257,2573,0,9,9
20190612258,2583,9,2,7
20190612259,2593,1,2,1
20190612260,2603,0,2,2
20190612261,2613,9,0,9
20190612262,2623,9,4,5
20190612263,2633,1,2,1
20190612264,2643,5,0,5
20190612265,2653,4,5,1
20190612266,2663,9,9,0
20190612267,2673,7,1,6
20190612268,2683,7,8,1
20190612269,2693,1,1,0
20190612270,2703,6,4,2
20190612271,2713,4,6,2
20190612272,2723,9,9,0
20190612273,2733,5,4,1
20190612274,2743,9,7,2
20190612275,2753,8,6,2
20190612276,2763,8,8,0
20190612277,2773,9,1,8
20190612278,2783,5,5,0
20190612279,2793,6,0,6
20190612280,2803,7,7,0
20190612281,2813,4,8,4
20190612282,2823,5,2,3
20190612283,2833,2,4,2
20190612284,2843,1,8,7
20190612285,2853,2,8,6
20190612286,2863,4,7,3
20190612287,2873,1,6,5
20190612288,2883,2,8,6
20190613001,14,0,3,3
20190613002,24,2,5,3
20190613003,34,0,7,7
20190613004,44,7,3,4
20190613005,54,0,1,1
20190613006,64,2,8,6
20190613007,74,0,2,2
20190613008,84,9,4,5
20190613009,94,6,2,4
20190613010,104,3,6,3
20190613011,114,7,0,7
20190613012,124,9,5,4
20190613013,134,1,3,2
20190613014,144,8,1,7
20190613015,154,9,9,0
20190613016,164,7,5,2
20190613017,174,9,9,0
20190613018,184,6,7,1
20190613019,194,4,6,2
20190613020,204,9,3,6
20190613021,214,0,0,0
20190613022,224,4,8,4
20190613023,234,1,5,4
20190613024,244,5,2,3
20190613025,254,2,6,4
20190613026,264,8,5,3
20190613027,274,4,0,4
20190613028,284,0,6,6
20190613029,294,8,5,3
20190613030,304,7,9,2
20190613031,314,0,6,6
20190613032,324,1,9,8
20190613033,334,9,7,2
20190613034,344,7,7,0
20190613035,354,3,7,4
20190613036,364,4,2,2
20190613037,374,4,1,3
20190613038,384,8,6,2
20190613039,394,3,1,2
20190613040,404,5,4,1
20190613041,414,6,5,1
20190613042,424,5,8,3
20190613043,434,7,5,2
20190613044,444,3,2,1
20190613045,454,9,8,1
20190613046,464,6,4,2
20190613047,474,8,0,8
20190613048,484,8,1,7
20190613049,494,4,1,3
20190613050,504,0,8,8
20190613051,514,8,7,1
20190613052,524,8,3,5
20190613053,534,7,3,4
20190613054,544,0,2,2
20190613055,554,8,4,4
20190613056,564,7,9,2
20190613057,574,8,5,3
20190613058,584,3,8,5
20190613059,594,9,9,0
20190613060,604,5,5,0
20190613061,614,6,4,2
20190613062,624,3,5,2
20190613063,634,5,0,5
20190613064,644,0,5,5
20190613065,654,2,7,5
20190613066,664,0,6,6
20190613067,674,5,0,5
20190613068,684,4,4,0
20190613069,694,2,5,3
20190613070,704,9,5,4
20190613071,714,1,4,3
20190613072,724,6,0,6
20190613073,734,0,8,8
20190613074,744,4,0,4
20190613075,754,0,0,0
20190613076,764,2,4,2
20190613077,774,1,7,6
20190613078,784,4,8,4
20190613079,794,8,9,1
20190613080,804,3,3,0
20190613081,814,6,9,3
20190613082,824,5,1,4
20190613083,834,0,9,9
20190613084,844,8,1,7
20190613085,854,6,0,6
20190613086,864,8,7,1
20190613087,874,1,6,5
20190613088,884,4,4,0
20190613089,894,0,1,1
20190613090,904,4,9,5
20190613091,914,4,7,3
20190613092,924,8,4,4
20190613093,934,9,8,1
20190613094,944,1,1,0
20190613095,954,2,6,4
20190613096,964,6,2,4
20190613097,974,9,2,7
20190613098,984,6,7,1
20190613099,994,8,7,1
20190613100,1004,5,3,2
20190613101,1014,6,1,5
20190613102,1024,8,4,4
20190613103,1034,0,2,2
20190613104,1044,1,1,0
20190613105,1054,3,8,5
20190613106,1064,7,8,1
20190613107,1074,2,8,6
20190613108,1084,0,2,2
20190613109,1094,6,6,0
20190613110,1104,8,6,2
20190613111,1114,0,8,8
20190613112,1124,2,8,6
20190613113,1134,8,8,0
20190613114,1144,1,6,5
20190613115,1154,7,7,0
20190613116,1164,4,2,2
20190613117,1174,6,1,5
20190613118,1184,6,1,5
20190613119,1194,3,7,4
20190613120,1204,9,3,6
20190613121,1214,2,5,3
20190613122,1224,7,7,0
20190613123,1234,6,8,2
20190613124,1244,3,5,2
20190613125,1254,6,1,5
20190613126,1264,2,8,6
20190613127,1274,5,0,5
20190613128,1284,3,3,0
20190613129,1294,8,6,2
20190613130,1304,0,1,1
20190613131,1314,7,6,1
20190613132,1324,7,0,7
20190613133,1334,2,9,7
20190613134,1344,6,2,4
20190613135,1354,1,8,7
20190613136,1364,4,2,2
20190613137,1374,0,8,8
20190613138,1384,1,1,0
20190613139,1394,3,7,4
20190613140,1404,3,7,4
20190613141,1414,8,5,3
20190613142,1424,6,7,1
20190613143,1434,8,1,7
20190613144,1444,5,5,0
20190613145,1454,5,2,3
20190613146,1464,9,7,2
20190613147,1474,2,2,0
20190613148,1484,6,4,2
20190613149,1494,6,2,4
20190613150,1504,5,4,1
20190613151,1514,7,4,3
20190613152,1524,1,0,1
20190613153,1534,9,5,4
20190613154,1544,1,1,0
20190613155,1554,5,2,3
20190613156,1564,7,6,1
20190613157,1574,9,2,7
20190613158,1584,3,6,3
20190613159,1594,9,9,0
20190613160,1604,9,1,8
20190613161,1614,1,1,0
20190613162,1624,0,3,3
20190613163,1634,3,8,5
20190613164,1644,1,2,1
20190613165,1654,6,8,2
20190613166,1664,8,7,1
20190613167,1674,4,8,4
20190613168,1684,5,8,3
20190613169,1694,5,5,0
20190613170,1704,4,6,2
20190613171,1714,8,0,8
20190613172,1724,6,0,6
20190613173,1734,3,6,3
20190613174,1744,3,6,3
20190613175,1754,3,3,0
20190613176,1764,3,1,2
20190613177,1774,2,3,1
20190613178,1784,8,8,0
20190613179,1794,3,7,4
20190613180,1804,8,4,4
20190613181,1814,0,4,4
20190613182,1824,3,2,1
20190613183,1834,9,5,4
20190613184,1844,3,4,1
20190613185,1854,1,8,7
20190613186,1864,8,9,1
20190613187,1874,0,3,3
20190613188,1884,0,2,2
20190613189,1894,6,3,3
20190613190,1904,9,0,9
20190613191,1914,9,1,8
20190613192,1924,4,4,0
20190613193,1934,1,1,0
20190613194,1944,8,1,7
20190613195,1954,2,4,2
20190613196,1964,8,9,1
20190613197,1974,8,4,4
20190613198,1984,2,1,1
20190613199,1994,1,7,6
20190613200,2004,7,3,4
20190613201,2014,3,9,6
20190613202,2024,4,2,2
20190613203,2034,7,6,1
20190613204,2044,1,9,8
20190613205,2054,7,3,4
20190613206,2064,6,3,3
20190613207,2074,8,4,4
20190613208,2084,8,2,6
20190613209,2094,3,6,3
20190613210,2104,4,5,1
20190613211,2114,5,7,2
20190613212,2124,2,5,3
20190613213,2134,8,0,8
20190613214,2144,3,2,1
20190613215,2154,3,7,4
20190613216,2164,1,9,8
20190613217,2174,2,8,6
20190613218,2184,2,6,4
20190613219,2194,5,7,2
20190613220,2204,4,8,4
20190613221,2214,8,7,1
20190613222,2224,5,6,1
20190613223,2234,0,1,1
20190613224,2244,2,7,5
20190613225,2254,6,0,6
20190613226,2264,6,5,1
20190613227,2274,8,0,8
20190613228,2284,9,8,1
20190613229,2294,3,9,6
20190613230,2304,0,3,3
20190613231,2314,5,0,5
20190613232,2324,9,7,2
20190613233,2334,8,1,7
20190613234,2344,6,2,4
20190613235,2354,2,8,6
20190613236,2364,0,8,8
20190613237,2374,7,9,2
20190613238,2384,2,8,6
20190613239,2394,8,1,7
20190613240,2404,5,2,3
20190613241,2414,8,8,0
20190613242,2424,7,0,7
20190613243,2434,3,5,2
20190613244,2444,2,2,0
20190613245,2454,2,7,5
20190613246,2464,1,2,1
20190613247,2474,6,0,6
20190613248,2484,2,3,1
20190613249,2494,0,7,7
20190613250,2504,2,3,1
20190613251,2514,6,4,2
20190613252,2524,8,6,2
20190613253,2534,7,0,7
20190613254,2544,8,6,2
20190613255,2554,2,6,4
20190613256,2564,2,6,4
20190613257,2574,4,5,1
20190613258,2584,3,2,1
20190613259,2594,0,1,1
20190613260,2604,3,3,0
20190613261,2614,8,0,8
20190613262,2624,0,7,7
20190613263,2634,4,7,3
20190613264,2644,0,1,1
20190613265,2654,1,6,5
20190613266,2664,7,1,6
20190613267,2674,8,6,2
20190613268,2684,7,8,1
20190613269,2694,0,7,7
20190613270,2704,5,6,1
20190613271,2714,9,4,5
20190613272,2724,9,8,1
20190613273,2734,0,7,7
20190613274,2744,3,2,1
20190613275,2754,1,5,4
20190613276,2764,5,5,0
20190613277,2774,7,0,7
20190613278,2784,4,1,3
20190613279,2794,9,4,5
20190613280,2804,6,2,4
20190613281,2814,8,2,6
20190613282,2824,5,6,1
20190613283,2834,0,0,0
20190613284,2844,2,4,2
20190613285,2854,0,2,2
20190613286,2864,9,6,3
20190613287,2874,6,8,2
20190613288,2884,3,8,5
20190614001,15,2,7,5
20190614002,25,2,3,1
20190614003,35,3,5,2
20190614004,45,4,9,5
20190614005,55,9,8,1
20190614006,65,1,8,7
20190614007,75,9,9,0
20190614008,85,5,8,3
20190614009,95,3,5,2
20190614010,105,1,5,4
20190614011,115,3,2,1
20190614012,125,2,5,3
20190614013,135,3,5,2
20190614014,145,4,9,5
20190614015,155,9,9,0
20190614016,165,0,6,6
20190614017,175,8,2,6
20190614018,185,4,5,1
20190614019,195,1,6,5
20190614020,205,1,4,3
20190614021,215,3,2,1
20190614022,225,6,2,4
20190614023,235,6,4,2
20190614024,245,5,2,3
20190614025,255,9,7,2
20190614026,265,6,3,3
20190614027,275,4,9,5
20190614028,285,5,8,3
20190614029,295,7,6,1
20190614030,305,6,7,1
20190614031,315,1,5,4
20190614032,325,7,9,2
20190614033,335,7,7,0
20190614034,345,6,4,2
20190614035,355,3,4,1
20190614036,365,3,3,0
20190614037,375,9,7,2
20190614038,385,6,5,1
20190614039,395,9,6,3
20190614040,405,0,1,1
20190614041,415,4,0,4
20190614042,425,9,6,3
20190614043,435,9,2,7
20190614044,445,2,0,2
20190614045,455,8,4,4
20190614046,465,8,1,7
20190614047,475,0,3,3
20190614048,485,4,0,4
20190614049,495,4,2,2
20190614050,505,6,8,2
20190614051,515,4,7,3
20190614052,525,5,9,4
20190614053,535,3,8,5
20190614054,545,2,6,4
20190614055,555,9,3,6
20190614056,565,5,4,1
20190614057,575,6,3,3
20190614058,585,6,2,4
20190614059,595,0,0,0
20190614060,605,9,7,2
20190614061,615,8,2,6
20190614062,625,4,4,0
20190614063,635,2,8,6
20190614064,645,2,9,7
20190614065,655,4,1,3
20190614066,665,5,7,2
20190614067,675,3,5,2
20190614068,685,6,8,2
20190614069,695,8,5,3
20190614070,705,1,7,6
20190614071,715,2,3,1
20190614072,725,4,2,2
20190614073,735,0,3,3
20190614074,745,8,7,1
20190614075,755,6,2,4
20190614076,765,4,5,1
20190614077,775,0,9,9
20190614078,785,9,7,2
20190614079,795,5,4,1
20190614080,805,2,0,2
20190614081,815,6,6,0
20190614082,825,7,5,2
20190614083,835,0,3,3
20190614084,845,6,0,6
20190614085,855,3,2,1
20190614086,865,5,6,1
20190614087,875,4,5,1
20190614088,885,2,6,4
20190614089,895,3,5,2
20190614090,905,8,8,0
20190614091,915,5,9,4
20190614092,925,4,7,3
20190614093,935,0,8,8
20190614094,945,1,7,6
20190614095,955,6,3,3
20190614096,965,5,6,1
20190614097,975,2,7,5
20190614098,985,3,0,3
20190614099,995,4,4,0
20190614100,1005,7,9,2
20190614101,1015,8,6,2
20190614102,1025,4,7,3
20190614103,1035,8,5,3
20190614104,1045,2,4,2
20190614105,1055,5,2,3
20190614106,1065,4,1,3
20190614107,1075,9,4,5
20190614108,1085,8,5,3
20190614109,1095,1,9,8
20190614110,1105,3,4,1
20190614111,1115,4,0,4
20190614112,1125,7,5,2
20190614113,1135,2,0,2
20190614114,1145,5,3,2
20190614115,1155,2,8,6
20190614116,1165,0,9,9
20190614117,1175,1,3,2
20190614118,1185,2,1,1
20190614119,1195,8,1,7
20190614120,1205,8,7,1
20190614121,1215,8,0,8
20190614122,1225,9,5,4
20190614123,1235,2,8,6
20190614124,1245,3,8,5
20190614125,1255,5,1,4
20190614126,1265,7,5,2
20190614127,1275,4,6,2
20190614128,1285,2,1,1
20190614129,1295,7,1,6
20190614130,1305,5,3,2
20190614131,1315,5,6,1
20190614132,1325,4,7,3
20190614133,1335,0,0,0
20190614134,1345,5,5,0
20190614135,1355,5,4,1
20190614136,1365,1,7,6
20190614137,1375,7,8,1
20190614138,1385,5,6,1
20190614139,1395,1,9,8
20190614140,1405,6,2,4
20190614141,1415,5,4,1
20190614142,1425,8,8,0
20190614143,1435,5,8,3
20190614144,1445,8,9,1
20190614145,1455,5,2,3
20190614146,1465,6,1,5
20190614147,1475,9,2,7
20190614148,1485,9,1,8
20190614149,1495,7,9,2
20190614150,1505,5,6,1
20190614151,1515,7,5,2
20190614152,1525,4,2,2
20190614153,1535,9,1,8
20190614154,1545,2,7,5
20190614155,1555,8,8,0
20190614156,1565,0,8,8
20190614157,1575,7,0,7
20190614158,1585,6,1,5
20190614159,1595,3,4,1
20190614160,1605,6,2,4
20190614161,1615,5,0,5
20190614162,1625,6,2,4
20190614163,1635,0,0,0
20190614164,1645,5,7,2
20190614165,1655,2,8,6
20190614166,1665,3,8,5
20190614167,1675,1,4,3
20190614168,1685,9,2,7
20190614169,1695,2,1,1
20190614170,1705,6,4,2
20190614171,1715,2,6,4
20190614172,1725,9,7,2
20190614173,1735,6,1,5
20190614174,1745,8,5,3
20190614175,1755,0,4,4
20190614176,1765,0,4,4
20190614177,1775,5,8,3
20190614178,1785,0,0,0
20190614179,1795,2,5,3
20190614180,1805,9,2,7
20190614181,1815,5,8,3
20190614182,1825,0,3,3
20190614183,1835,3,9,6
20190614184,1845,3,8,5
20190614185,1855,0,4,4
20190614186,1865,8,6,2
20190614187,1875,4,5,1
20190614188,1885,9,4,5
20190614189,1895,9,1,8
20190614190,1905,5,6,1
20190614191,1915,8,3,5
20190614192,1925,6,6,0
20190614193,1935,8,8,0
20190614194,1945,9,0,9
20190614195,1955,6,5,1
20190614196,1965,8,9,1
20190614197,1975,6,0,6
20190614198,1985,3,1,2
20190614199,1995,3,1,2
20190614200,2005,8,5,3
20190614201,2015,6,3,3
20190614202,2025,5,8,3
20190614203,2035,4,5,1
20190614204,2045,5,6,1
20190614205,2055,0,5,5
20190614206,2065,8,9,1
20190614207,2075,8,1,7
20190614208,2085,1,8,7
20190614209,2095,4,5,1
20190614210,2105,0,2,2
20190614211,2115,7,7,0
20190614212,2125,2,0,2
20190614213,2135,1,3,2
20190614214,2145,7,5,2
20190614215,2155,5,7,2
20190614216,2165,7,9,2
20190614217,2175,8,8,0
20190614218,2185,6,6,0
20190614219,2195,8,1,7
20190614220,2205,0,9,9
20190614221,2215,6,3,3
20190614222,2225,8,6,2
20190614223,2235,4,8,4
20190614224,2245,9,8,1
20190614225,2255,7,7,0
20190614226,2265,5,9,4
20190614227,2275,2,6,4
20190614228,2285,3,6,3
20190614229,2295,9,5,4
20190614230,2305,5,5,0
20190614231,2315,8,9,1
20190614232,2325,4,0,4
20190614233,2335,5,1,4
20190614234,2345,8,7,1
20190614235,2355,7,1,6
20190614236,2365,4,8,4
20190614237,2375,4,8,4
20190614238,2385,8,8,0
20190614239,2395,7,3,4
20190614240,2405,5,5,0
20190614241,2415,1,1,0
20190614242,2425,9,9,0
20190614243,2435,1,7,6
20190614244,2445,6,0,6
20190614245,2455,2,9,7
20190614246,2465,9,2,7
20190614247,2475,4,2,2
20190614248,2485,5,8,3
20190614249,2495,5,3,2
20190614250,2505,0,2,2
20190614251,2515,3,1,2
20190614252,2525,7,6,1
20190614253,2535,3,4,1
20190614254,2545,3,4,1
20190614255,2555,0,9,9
20190614256,2565,0,2,2
20190614257,2575,3,9,6
20190614258,2585,8,7,1
20190614259,2595,9,8,1
20190614260,2605,7,5,2
20190614261,2615,7,4,3
20190614262,2625,5,7,2
20190614263,2635,0,3,3
20190614264,2645,8,8,0
20190614265,2655,3,8,5
20190614266,2665,3,7,4
20190614267,2675,8,6,2
20190614268,2685,1,1,0
20190614269,2695,4,1,3
20190614270,2705,3,1,2
20190614271,2715,4,4,0
20190614272,2725,2,9,7
20190614273,2735,2,4,2
20190614274,2745,0,8,8
20190614275,2755,3,5,2
20190614276,2765,3,4,1
20190614277,2775,1,7,6
20190614278,2785,2,2,0
20190614279,2795,2,1,1
20190614280,2805,9,8,1
20190614281,2815,8,6,2
20190614282,2825,3,9,6
20190614283,2835,3,2,1
20190614284,2845,3,9,6
20190614285,2855,8,5,3
20190614286,2865,5,0,5
20190614287,2875,2,6,4
20190614288,2885,5,2,3
20190615001,16,8,8,0
20190615002,26,8,0,8
20190615003,36,7,1,6
20190615004,46,7,6,1
20190615005,56,0,2,2
20190615006,66,8,2,6
20190615007,76,5,8,3
20190615008,86,8,8,0
20190615009,96,1,6,5
20190615010,106,1,1,0
20190615011,116,4,0,4
20190615012,126,6,5,1
20190615013,136,7,9,2
20190615014,146,1,5,4
20190615015,156,2,9,7
20190615016,166,2,6,4
20190615017,176,4,8,4
20190615018,186,1,6,5
20190615019,196,3,9,6
20190615020,206,0,2,2
20190615021,216,4,8,4
20190615022,226,8,1,7
20190615023,236,1,2,1
20190615024,246,9,1,8
20190615025,256,1,9,8
20190615026,266,9,8,1
20190615027,276,8,5,3
20190615028,286,3,0,3
20190615029,296,6,2,4
20190615030,306,9,4,5
20190615031,316,6,3,3
20190615032,326,6,4,2
20190615033,336,2,3,1
20190615034,346,5,4,1
20190615035,356,2,0,2
20190615036,366,1,8,7
20190615037,376,9,2,7
20190615038,386,0,4,4
20190615039,396,5,8,3
20190615040,406,3,0,3
20190615041,416,1,0,1
20190615042,426,7,0,7
20190615043,436,1,6,5
20190615044,446,7,6,1
20190615045,456,0,4,4
20190615046,466,1,1,0
20190615047,476,2,2,0
20190615048,486,8,9,1
20190615049,496,0,0,0
20190615050,506,0,3,3
20190615051,516,4,2,2
20190615052,526,4,9,5
20190615053,536,1,3,2
20190615054,546,5,8,3
20190615055,556,7,3,4
20190615056,566,0,0,0
20190615057,576,6,9,3
20190615058,586,1,3,2
20190615059,596,9,7,2
20190615060,606,0,4,4
20190615061,616,7,4,3
20190615062,626,5,9,4
20190615063,636,0,8,8
20190615064,646,1,2,1
20190615065,656,7,7,0
20190615066,666,3,4,1
20190615067,676,3,5,2
20190615068,686,7,3,4
20190615069,696,3,6,3
20190615070,706,7,1,6
20190615071,716,1,1,0
20190615072,726,1,2,1
20190615073,736,3,9,6
20190615074,746,9,1,8
20190615075,756,9,1,8
20190615076,766,7,7,0
20190615077,776,7,6,1
20190615078,786,4,1,3
20190615079,796,5,8,3
20190615080,806,1,5,4
20190615081,816,3,0,3
20190615082,826,7,4,3
20190615083,836,0,0,0
20190615084,846,4,8,4
20190615085,856,8,9,1
20190615086,866,9,0,9
20190615087,876,3,5,2
20190615088,886,1,8,7
20190615089,896,8,0,8
20190615090,906,3,0,3
20190615091,916,2,3,1
20190615092,926,7,8,1
20190615093,936,0,4,4
20190615094,946,9,9,0
20190615095,956,2,0,2
20190615096,966,9,5,4
20190615097,976,9,6,3
20190615098,986,9,9,0
20190615099,996,2,8,6
20190615100,1006,3,0,3
20190615101,1016,5,0,5
20190615102,1026,3,2,1
20190615103,1036,2,6,4
20190615104,1046,6,3,3
20190615105,1056,2,3,1
20190615106,1066,8,8,0
20190615107,1076,1,7,6
20190615108,1086,2,5,3
20190615109,1096,0,9,9
20190615110,1106,1,9,8
20190615111,1116,1,4,3
20190615112,1126,3,7,4
20190615113,1136,7,3,4
20190615114,1146,4,9,5
20190615115,1156,1,2,1
20190615116,1166,5,4,1
20190615117,1176,4,0,4
20190615118,1186,8,7,1
20190615119,1196,6,7,1
20190615120,1206,2,5,3
20190615121,1216,7,1,6
20190615122,1226,7,4,3
20190615123,1236,6,6,0
20190615124,1246,5,1,4
20190615125,1256,2,8,6
20190615126,1266,2,1,1
20190615127,1276,5,7,2
20190615128,1286,1,5,4
20190615129,1296,0,3,3
20190615130,1306,9,7,2
20190615131,1316,1,8,7
20190615132,1326,5,2,3
20190615133,1336,5,2,3
20190615134,1346,0,6,6
20190615135,1356,4,3,1
20190615136,1366,1,7,6
20190615137,1376,6,4,2
20190615138,1386,6,2,4
20190615139,1396,9,1,8
20190615140,1406,5,6,1
20190615141,1416,6,9,3
20190615142,1426,5,0,5
20190615143,1436,1,3,2
20190615144,1446,5,1,4
20190615145,1456,1,8,7
20190615146,1466,1,8,7
20190615147,1476,7,5,2
20190615148,1486,8,1,7
20190615149,1496,9,6,3
20190615150,1506,0,2,2
20190615151,1516,9,1,8
20190615152,1526,3,8,5
20190615153,1536,6,8,2
20190615154,1546,5,0,5
20190615155,1556,5,9,4
20190615156,1566,5,4,1
20190615157,1576,0,1,1
20190615158,1586,1,7,6
20190615159,1596,4,4,0
20190615160,1606,1,0,1
20190615161,1616,0,6,6
20190615162,1626,0,3,3
20190615163,1636,7,1,6
20190615164,1646,8,4,4
20190615165,1656,5,7,2
20190615166,1666,6,3,3
20190615167,1676,3,2,1
20190615168,1686,8,5,3
20190615169,1696,8,4,4
20190615170,1706,2,8,6
20190615171,1716,1,6,5
20190615172,1726,6,6,0
20190615173,1736,0,5,5
20190615174,1746,1,5,4
20190615175,1756,2,2,0
20190615176,1766,8,7,1
20190615177,1776,3,7,4
20190615178,1786,8,2,6
20190615179,1796,2,1,1
20190615180,1806,8,0,8
20190615181,1816,2,5,3
20190615182,1826,4,3,1
20190615183,1836,4,1,3
20190615184,1846,9,3,6
20190615185,1856,3,0,3
20190615186,1866,8,7,1
20190615187,1876,5,6,1
20190615188,1886,1,7,6
20190615189,1896,3,9,6
20190615190,1906,6,0,6
20190615191,1916,2,4,2
20190615192,1926,1,8,7
20190615193,1936,6,1,5
20190615194,1946,7,3,4
20190615195,1956,3,5,2
20190615196,1966,2,6,4
20190615197,1976,1,0,1
20190615198,1986,3,4,1
20190615199,1996,9,0,9
20190615200,2006,5,9,4
20190615201,2016,2,4,2
20190615202,2026,2,6,4
20190615203,2036,3,5,2
20190615204,2046,7,4,3
20190615205,2056,9,1,8
20190615206,2066,3,1,2
20190615207,2076,7,5,2
20190615208,2086,6,7,1
20190615209,2096,0,6,6
20190615210,2106,1,5,4
20190615211,2116,0,0,0
20190615212,2126,8,8,0
20190615213,2136,9,9,0
20190615214,2146,1,4,3
20190615215,2156,3,4,1
20190615216,2166,8,1,7
20190615217,2176,4,4,0
20190615218,2186,9,7,2
20190615219,2196,1,3,2
20190615220,2206,0,5,5
20190615221,2216,9,2,7
20190615222,2226,8,4,4
20190615223,2236,1,4,3
20190615224,2246,2,6,4
20190615225,2256,2,0,2
20190615226,2266,7,5,2
20190615227,2276,4,8,4
20190615228,2286,4,4,0
20190615229,2296,9,3,6
20190615230,2306,9,7,2
20190615231,2316,6,1,5
20190615232,2326,8,6,2
20190615233,2336,9,0,9
20190615234,2346,9,3,6
20190615235,2356,8,9,1
20190615236,2366,2,4,2
20190615237,2376,4,4,0
20190615238,2386,3,1,2
20190615239,2396,0,3,3
20190615240,2406,6,8,2
20190615241,2416,0,1,1
20190615242,2426,6,4,2
20190615243,2436,7,0,7
20190615244,2446,9,6,3
20190615245,2456,5,8,3
20190615246,2466,6,2,4
20190615247,2476,7,7,0
20190615248,2486,8,3,5
20190615249,2496,5,8,3
20190615250,2506,6,7,1
20190615251,2516,1,4,3
20190615252,2526,0,5,5
20190615253,2536,8,0,8
20190615254,2546,0,7,7
20190615255,2556,9,3,6
20190615256,2566,7,0,7
20190615257,2576,2,6,4
20190615258,2586,1,9,8
20190615259,2596,4,1,3
20190615260,2606,0,8,8
20190615261,2616,6,4,2
20190615262,2626,2,5,3
20190615263,2636,7,4,3
20190615264,2646,8,8,0
20190615265,2656,7,4,3
20190615266,2666,7,9,2
20190615267,2676,5,2,3
20190615268,2686,3,1,2
20190615269,2696,7,9,2
20190615270,2706,0,2,2
20190615271,2716,8,1,7
20190615272,2726,7,1,6
20190615273,2736,7,3,4
20190615274,2746,2,0,2
20190615275,2756,6,3,3
20190615276,2766,5,3,2
20190615277,2776,6,4,2
20190615278,2786,8,1,7
20190615279,2796,8,9,1
20190615280,2806,7,8,1
20190615281,2816,9,5,4
20190615282,2826,2,5,3
20190615283,2836,8,9,1
20190615284,2846,3,7,4
20190615285,2856,2,6,4
20190615286,2866,6,2,4
20190615287,2876,9,6,3
20190615288,2886,3,9,6
20190616001,17,2,2,0
20190616002,27,1,4,3
20190616003,37,6,1,5
20190616004,47,5,5,0
20190616005,57,9,0,9
20190616006,67,8,5,3
20190616007,77,2,2,0
20190616008,87,4,8,4
20190616009,97,8,8,0
20190616010,107,1,9,8
20190616011,117,5,2,3
20190616012,127,0,2,2
20190616013,137,2,3,1
20190616014,147,0,1,1
20190616015,157,4,2,2
20190616016,167,1,5,4
20190616017,177,9,5,4
20190616018,187,2,7,5
20190616019,197,4,3,1
20190616020,207,3,6,3
20190616021,217,8,5,3
20190616022,227,4,2,2
20190616023,237,3,6,3
20190616024,247,8,0,8
20190616025,257,6,4,2
20190616026,267,4,7,3
20190616027,277,9,8,1
20190616028,287,6,3,3
20190616029,297,2,5,3
20190616030,307,0,6,6
20190616031,317,8,2,6
20190616032,327,5,5,0
20190616033,337,6,5,1
20190616034,347,4,3,1
20190616035,357,3,2,1
20190616036,367,3,7,4
20190616037,377,5,2,3
20190616038,387,0,9,9
20190616039,397,9,1,8
20190616040,407,5,2,3
20190616041,417,0,7,7
20190616042,427,8,4,4
20190616043,437,4,9,5
20190616044,447,2,5,3
20190616045,457,9,5,4
20190616046,467,4,2,2
20190616047,477,3,9,6
20190616048,487,3,6,3
20190616049,497,6,6,0
20190616050,507,9,2,7
20190616051,517,1,4,3
20190616052,527,8,8,0
20190616053,537,2,8,6
20190616054,547,7,2,5
20190616055,557,4,1,3
20190616056,567,0,4,4
20190616057,577,3,4,1
20190616058,587,8,5,3
20190616059,597,4,9,5
20190616060,607,8,3,5
20190616061,617,0,0,0
20190616062,627,7,8,1
20190616063,637,2,7,5
20190616064,647,3,4,1
20190616065,657,7,2,5
20190616066,667,8,0,8
20190616067,677,1,6,5
20190616068,687,6,9,3
20190616069,697,0,0,0
20190616070,707,3,5,2
20190616071,717,2,7,5
20190616072,727,2,4,2
20190616073,737,4,7,3
20190616074,747,7,2,5
20190616075,757,0,2,2
20190616076,767,9,8,1
20190616077,777,5,5,0
20190616078,787,7,4,3
20190616079,797,8,3,5
20190616080,807,0,9,9
20190616081,817,7,6,1
20190616082,827,8,0,8
20190616083,837,5,1,4
20190616084,847,9,0,9
20190616085,857,8,5,3
20190616086,867,7,6,1
20190616087,877,4,9,5
20190616088,887,0,9,9
20190616089,897,2,6,4
20190616090,907,0,4,4
20190616091,917,8,5,3
20190616092,927,1,9,8
20190616093,937,7,2,5
20190616094,947,3,2,1
20190616095,957,3,1,2
20190616096,967,2,9,7
20190616097,977,7,1,6
20190616098,987,4,0,4
20190616099,997,3,5,2
20190616100,1007,0,2,2
20190616101,1017,1,2,1
20190616102,1027,6,8,2
20190616103,1037,3,2,1
20190616104,1047,0,2,2
20190616105,1057,9,1,8
20190616106,1067,3,2,1
20190616107,1077,6,9,3
20190616108,1087,0,9,9
20190616109,1097,5,4,1
20190616110,1107,0,7,7
20190616111,1117,6,5,1
20190616112,1127,4,3,1
20190616113,1137,4,8,4
20190616114,1147,2,8,6
20190616115,1157,3,1,2
20190616116,1167,0,6,6
20190616117,1177,5,6,1
20190616118,1187,2,6,4
20190616119,1197,1,5,4
20190616120,1207,3,1,2
20190616121,1217,2,9,7
20190616122,1227,1,5,4
20190616123,1237,9,0,9
20190616124,1247,8,3,5
20190616125,1257,3,3,0
20190616126,1267,7,6,1
20190616127,1277,5,7,2
20190616128,1287,8,5,3
20190616129,1297,7,2,5
20190616130,1307,0,1,1
20190616131,1317,4,4,0
20190616132,1327,0,3,3
20190616133,1337,7,3,4
20190616134,1347,1,6,5
20190616135,1357,6,9,3
20190616136,1367,7,6,1
20190616137,1377,1,4,3
20190616138,1387,8,3,5
20190616139,1397,5,6,1
20190616140,1407,8,9,1
20190616141,1417,8,1,7
20190616142,1427,3,9,6
20190616143,1437,6,3,3
20190616144,1447,9,8,1
20190616145,1457,7,4,3
20190616146,1467,5,6,1
20190616147,1477,5,2,3
20190616148,1487,7,5,2
20190616149,1497,8,3,5
20190616150,1507,1,7,6
20190616151,1517,2,1,1
20190616152,1527,3,7,4
20190616153,1537,6,2,4
20190616154,1547,1,3,2
20190616155,1557,8,6,2
20190616156,1567,5,3,2
20190616157,1577,1,5,4
20190616158,1587,8,1,7
20190616159,1597,7,4,3
20190616160,1607,9,7,2
20190616161,1617,3,0,3
20190616162,1627,7,9,2
20190616163,1637,0,6,6
20190616164,1647,1,4,3
20190616165,1657,3,1,2
20190616166,1667,3,9,6
20190616167,1677,7,1,6
20190616168,1687,2,2,0
20190616169,1697,0,5,5
20190616170,1707,2,3,1
20190616171,1717,4,8,4
20190616172,1727,7,1,6
20190616173,1737,9,9,0
20190616174,1747,9,6,3
20190616175,1757,7,5,2
20190616176,1767,8,3,5
20190616177,1777,2,7,5
20190616178,1787,3,9,6
20190616179,1797,5,8,3
20190616180,1807,1,9,8
20190616181,1817,6,6,0
20190616182,1827,5,6,1
20190616183,1837,8,1,7
20190616184,1847,8,0,8
20190616185,1857,3,9,6
20190616186,1867,4,0,4
20190616187,1877,5,9,4
20190616188,1887,6,2,4
20190616189,1897,5,1,4
20190616190,1907,4,2,2
20190616191,1917,4,8,4
20190616192,1927,1,3,2
20190616193,1937,1,1,0
20190616194,1947,0,6,6
20190616195,1957,4,6,2
20190616196,1967,2,9,7
20190616197,1977,2,3,1
20190616198,1987,3,8,5
20190616199,1997,1,9,8
20190616200,2007,9,7,2
20190616201,2017,7,2,5
20190616202,2027,7,6,1
20190616203,2037,0,1,1
20190616204,2047,6,3,3
20190616205,2057,8,6,2
20190616206,2067,9,5,4
20190616207,2077,6,6,0
20190616208,2087,6,9,3
20190616209,2097,2,8,6
20190616210,2107,9,2,7
20190616211,2117,2,8,6
20190616212,2127,1,1,0
20190616213,2137,1,8,7
20190616214,2147,9,3,6
20190616215,2157,5,9,4
20190616216,2167,3,7,4
20190616217,2177,5,7,2
20190616218,2187,0,3,3
20190616219,2197,2,8,6
20190616220,2207,9,2,7
20190616221,2217,0,2,2
20190616222,2227,6,0,6
20190616223,2237,4,1,3
20190616224,2247,5,3,2
20190616225,2257,9,3,6
20190616226,2267,2,3,1
20190616227,2277,7,9,2
20190616228,2287,3,7,4
20190616229,2297,0,5,5
20190616230,2307,0,2,2
20190616231,2317,5,2,3
20190616232,2327,0,2,2
20190616233,2337,9,0,9
20190616234,2347,2,6,4
20190616235,2357,9,0,9
20190616236,2367,6,8,2
20190616237,2377,0,3,3
20190616238,2387,6,1,5
20190616239,2397,4,4,0
20190616240,2407,8,9,1
20190616241,2417,3,4,1
20190616242,2427,2,3,1
20190616243,2437,4,5,1
20190616244,2447,8,1,7
20190616245,2457,1,6,5
20190616246,2467,2,7,5
20190616247,2477,9,5,4
20190616248,2487,2,4,2
20190616249,2497,5,4,1
20190616250,2507,7,1,6
20190616251,2517,2,8,6
20190616252,2527,2,3,1
20190616253,2537,9,4,5
20190616254,2547,4,8,4
20190616255,2557,8,9,1
20190616256,2567,8,6,2
20190616257,2577,4,5,1
20190616258,2587,3,5,2
20190616259,2597,4,2,2
20190616260,2607,4,2,2
20190616261,2617,3,6,3
20190616262,2627,2,9,7
20190616263,2637,7,8,1
20190616264,2647,8,6,2
20190616265,2657,6,2,4
20190616266,2667,3,1,2
20190616267,2677,6,6,0
20190616268,2687,1,0,1
20190616269,2697,7,6,1
20190616270,2707,1,2,1
20190616271,2717,5,6,1
20190616272,2727,0,2,2
20190616273,2737,1,1,0
20190616274,2747,1,7,6
20190616275,2757,6,3,3
20190616276,2767,3,2,1
20190616277,2777,8,0,8
20190616278,2787,2,5,3
20190616279,2797,3,1,2
20190616280,2807,2,6,4
20190616281,2817,1,9,8
20190616282,2827,1,7,6
20190616283,2837,4,9,5
20190616284,2847,1,9,8
20190616285,2857,3,6,3
20190616286,2867,4,3,1
20190616287,2877,0,7,7
20190616288,2887,9,9,0
20190617001,11,7,5,2
20190617002,21,9,8,1
20190617003,31,2,9,7
20190617004,41,7,5,2
20190617005,51,0,2,2
20190617006,61,2,7,5
20190617007,71,9,0,9
20190617008,81,3,9,6
20190617009,91,2,1,1
20190617010,101,2,2,0
20190617011,111,3,0,3
20190617012,121,5,5,0
20190617013,131,4,4,0
20190617014,141,5,6,1
20190617015,151,5,7,2
20190617016,161,9,1,8
20190617017,171,2,0,2
20190617018,181,2,9,7
20190617019,191,8,1,7
20190617020,201,2,4,2
20190617021,211,7,5,2
20190617022,221,1,2,1
20190617023,231,2,6,4
20190617024,241,8,8,0
20190617025,251,8,3,5
20190617026,261,6,2,4
20190617027,271,4,1,3
20190617028,281,3,1,2
20190617029,291,8,3,5
20190617030,301,6,8,2
20190617031,311,1,1,0
20190617032,321,0,8,8
20190617033,331,3,8,5
20190617034,341,7,6,1
20190617035,351,2,2,0
20190617036,361,3,6,3
20190617037,371,1,2,1
20190617038,381,5,6,1
20190617039,391,7,4,3
20190617040,401,6,2,4
20190617041,411,4,7,3
20190617042,421,4,0,4
20190617043,431,3,9,6
20190617044,441,3,4,1
20190617045,451,3,1,2
20190617046,461,4,1,3
20190617047,471,0,3,3
20190617048,481,9,9,0
20190617049,491,5,9,4
20190617050,501,5,5,0
20190617051,511,3,7,4
20190617052,521,2,4,2
20190617053,531,7,8,1
20190617054,541,3,8,5
20190617055,551,3,4,1
20190617056,561,3,5,2
20190617057,571,3,2,1
20190617058,581,2,9,7
20190617059,591,9,8,1
20190617060,601,9,8,1
20190617061,611,5,9,4
20190617062,621,9,5,4
20190617063,631,6,5,1
20190617064,641,9,8,1
20190617065,651,8,3,5
20190617066,661,6,8,2
20190617067,671,9,3,6
20190617068,681,2,6,4
20190617069,691,2,3,1
20190617070,701,8,1,7
20190617071,711,9,8,1
20190617072,721,1,5,4
20190617073,731,0,0,0
20190617074,741,0,4,4
20190617075,751,6,8,2
20190617076,761,1,1,0
20190617077,771,2,2,0
20190617078,781,3,5,2
20190617079,791,9,5,4
20190617080,801,5,2,3
20190617081,811,8,0,8
20190617082,821,8,3,5
20190617083,831,7,2,5
20190617084,841,0,1,1
20190617085,851,6,6,0
20190617086,861,1,4,3
20190617087,871,1,4,3
20190617088,881,1,3,2
20190617089,891,6,8,2
20190617090,901,7,6,1
20190617091,911,6,5,1
20190617092,921,9,8,1
20190617093,931,9,9,0
20190617094,941,7,1,6
20190617095,951,4,0,4
20190617096,961,6,9,3
20190617097,971,9,8,1
20190617098,981,7,2,5
20190617099,991,9,6,3
20190617100,1001,0,9,9
20190617101,1011,4,2,2
20190617102,1021,8,3,5
20190617103,1031,3,8,5
20190617104,1041,1,4,3
20190617105,1051,2,0,2
20190617106,1061,9,4,5
20190617107,1071,2,2,0
20190617108,1081,3,1,2
20190617109,1091,0,6,6
20190617110,1101,9,6,3
20190617111,1111,1,3,2
20190617112,1121,2,2,0
20190617113,1131,6,9,3
20190617114,1141,7,6,1
20190617115,1151,1,6,5
20190617116,1161,8,5,3
20190617117,1171,8,1,7
20190617118,1181,3,0,3
20190617119,1191,5,9,4
20190617120,1201,6,4,2
20190617121,1211,2,2,0
20190617122,1221,4,0,4
20190617123,1231,6,7,1
20190617124,1241,2,0,2
20190617125,1251,4,2,2
20190617126,1261,4,5,1
20190617127,1271,0,4,4
20190617128,1281,1,1,0
20190617129,1291,2,4,2
20190617130,1301,4,5,1
20190617131,1311,2,9,7
20190617132,1321,1,3,2
20190617133,1331,4,6,2
20190617134,1341,2,9,7
20190617135,1351,8,7,1
20190617136,1361,5,2,3
20190617137,1371,3,8,5
20190617138,1381,4,7,3
20190617139,1391,0,6,6
20190617140,1401,9,1,8
20190617141,1411,3,1,2
20190617142,1421,8,5,3
20190617143,1431,5,8,3
20190617144,1441,3,4,1
20190617145,1451,1,4,3
20190617146,1461,0,4,4
20190617147,1471,1,6,5
20190617148,1481,5,2,3
20190617149,1491,2,8,6
20190617150,1501,2,4,2
20190617151,1511,0,3,3
20190617152,1521,4,9,5
20190617153,1531,4,0,4
20190617154,1541,2,2,0
20190617155,1551,8,6,2
20190617156,1561,6,7,1
20190617157,1571,5,7,2
20190617158,1581,2,4,2
20190617159,1591,6,8,2
20190617160,1601,3,2,1
20190617161,1611,2,0,2
20190617162,1621,8,6,2
20190617163,1631,7,6,1
20190617164,1641,1,8,7
20190617165,1651,7,7,0
20190617166,1661,2,2,0
20190617167,1671,7,5,2
20190617168,1681,2,6,4
20190617169,1691,7,6,1
20190617170,1701,9,9,0
20190617171,1711,5,7,2
20190617172,1721,1,3,2
20190617173,1731,8,8,0
20190617174,1741,0,2,2
20190617175,1751,9,5,4
20190617176,1761,7,2,5
20190617177,1771,3,7,4
20190617178,1781,5,1,4
20190617179,1791,4,4,0
20190617180,1801,3,8,5
20190617181,1811,4,3,1
20190617182,1821,3,7,4
20190617183,1831,3,7,4
20190617184,1841,2,2,0
20190617185,1851,8,8,0
20190617186,1861,7,5,2
20190617187,1871,1,2,1
20190617188,1881,9,8,1
20190617189,1891,6,9,3
20190617190,1901,8,1,7
20190617191,1911,4,9,5
20190617192,1921,4,1,3
20190617193,1931,8,5,3
20190617194,1941,9,5,4
20190617195,1951,2,0,2
20190617196,1961,4,5,1
20190617197,1971,3,2,1
20190617198,1981,7,9,2
20190617199,1991,4,0,4
20190617200,2001,0,4,4
20190617201,2011,3,3,0
20190617202,2021,9,4,5
20190617203,2031,7,0,7
20190617204,2041,2,6,4
20190617205,2051,8,3,5
20190617206,2061,9,4,5
20190617207,2071,6,5,1
20190617208,2081,9,0,9
20190617209,2091,4,5,1
20190617210,2101,3,4,1
20190617211,2111,1,6,5
20190617212,2121,1,0,1
20190617213,2131,6,1,5
20190617214,2141,7,6,1
20190617215,2151,6,4,2
20190617216,2161,2,8,6
20190617217,2171,7,0,7
20190617218,2181,9,9,0
20190617219,2191,7,1,6
20190617220,2201,2,9,7
20190617221,2211,5,2,3
20190617222,2221,1,0,1
20190617223,2231,1,3,2
20190617224,2241,0,8,8
20190617225,2251,1,4,3
20190617226,2261,8,3,5
20190617227,2271,2,6,4
20190617228,2281,1,6,5
20190617229,2291,1,9,8
20190617230,2301,9,9,0
20190617231,2311,6,8,2
20190617232,2321,8,5,3
20190617233,2331,6,3,3
20190617234,2341,3,8,5
20190617235,2351,3,1,2
20190617236,2361,5,0,5
20190617237,2371,2,1,1
20190617238,2381,6,5,1
20190617239,2391,7,2,5
20190617240,2401,0,3,3
20190617241,2411,4,4,0
20190617242,2421,5,4,1
20190617243,2431,7,1,6
20190617244,2441,0,7,7
20190617245,2451,3,1,2
20190617246,2461,4,9,5
20190617247,2471,0,6,6
20190617248,2481,8,6,2
20190617249,2491,3,1,2
20190617250,2501,4,3,1
20190617251,2511,8,9,1
20190617252,2521,6,3,3
20190617253,2531,6,4,2
20190617254,2541,1,0,1
20190617255,2551,8,0,8
20190617256,2561,6,1,5
20190617257,2571,8,6,2
20190617258,2581,4,0,4
20190617259,2591,7,9,2
20190617260,2601,3,1,2
20190617261,2611,0,1,1
20190617262,2621,1,4,3
20190617263,2631,0,0,0
20190617264,2641,5,3,2
20190617265,2651,3,3,0
20190617266,2661,1,3,2
20190617267,2671,8,5,3
20190617268,2681,8,7,1
20190617269,2691,5,7,2
20190617270,2701,0,0,0
20190617271,2711,6,2,4
20190617272,2721,0,3,3
20190617273,2731,7,1,6
20190617274,2741,6,0,6
20190617275,2751,6,6,0
20190617276,2761,4,0,4
20190617277,2771,0,4,4
20190617278,2781,6,9,3
20190617279,2791,6,1,5
20190617280,2801,3,8,5
20190617281,2811,2,7,5
20190617282,2821,6,3,3
20190617283,2831,0,2,2
20190617284,2841,4,7,3
20190617285,2851,8,6,2
20190617286,2861,8,8,0
20190617287,2871,1,1,0
20190617288,2881,4,8,4
20190618001,12,7,4,3
20190618002,22,1,0,1
20190618003,32,1,0,1
20190618004,42,6,9,3
20190618005,52,5,3,2
20190618006,62,2,5,3
20190618007,72,7,7,0
20190618008,82,5,1,4
20190618009,92,4,4,0
20190618010,102,7,1,6
20190618011,112,8,9,1
20190618012,122,7,4,3
20190618013,132,0,4,4
20190618014,142,9,0,9
20190618015,152,5,6,1
20190618016,162,4,0,4
20190618017,172,3,6,3
20190618018,182,0,5,5
20190618019,192,8,0,8
20190618020,202,5,6,1
20190618021,212,4,6,2
20190618022,222,5,5,0
20190618023,232,4,8,4
20190618024,242,2,7,5
20190618025,252,6,3,3
20190618026,262,9,7,2
20190618027,272,9,1,8
20190618028,282,2,7,5
20190618029,292,3,1,2
20190618030,302,2,2,0
20190618031,312,2,9,7
20190618032,322,8,7,1
20190618033,332,5,3,2
20190618034,342,5,8,3
20190618035,352,2,7,5
20190618036,362,3,7,4
20190618037,372,4,0,4
20190618038,382,2,1,1
20190618039,392,9,9,0
20190618040,402,9,3,6
20190618041,412,4,5,1
20190618042,422,8,8,0
20190618043,432,3,7,4
20190618044,442,5,4,1
20190618045,452,1,7,6
20190618046,462,6,9,3
20190618047,472,6,3,3
20190618048,482,3,7,4
20190618049,492,6,5,1
20190618050,502,3,3,0
20190618051,512,9,3,6
20190618052,522,4,6,2
20190618053,532,3,9,6
20190618054,542,8,0,8
20190618055,552,8,1,7
20190618056,562,8,4,4
20190618057,572,1,4,3
20190618058,582,3,5,2
20190618059,592,8,2,6
20190618060,602,1,1,0
20190618061,612,6,2,4
20190618062,622,1,1,0
20190618063,632,9,4,5
20190618064,642,8,6,2
20190618065,652,1,5,4
20190618066,662,6,7,1
20190618067,672,5,8,3
20190618068,682,4,8,4
20190618069,692,8,6,2
20190618070,702,1,3,2
20190618071,712,7,8,1
20190618072,722,0,9,9
20190618073,732,1,3,2
20190618074,742,1,9,8
20190618075,752,7,1,6
20190618076,762,2,1,1
20190618077,772,3,9,6
20190618078,782,2,0,2
20190618079,792,6,6,0
20190618080,802,3,7,4
20190618081,812,9,2,7
20190618082,822,0,4,4
20190618083,832,6,3,3
20190618084,842,4,1,3
20190618085,852,3,7,4
20190618086,862,7,7,0
20190618087,872,9,6,3
20190618088,882,8,1,7
20190618089,892,7,9,2
20190618090,902,9,0,9
20190618091,912,7,3,4
20190618092,922,6,8,2
20190618093,932,8,5,3
20190618094,942,1,5,4
20190618095,952,9,4,5
20190618096,962,9,7,2
20190618097,972,1,8,7
20190618098,982,7,7,0
20190618099,992,2,4,2
20190618100,1002,2,4,2
20190618101,1012,6,5,1
20190618102,1022,3,9,6
20190618103,1032,9,1,8
20190618104,1042,3,5,2
20190618105,1052,3,2,1
20190618106,1062,2,5,3
20190618107,1072,1,4,3
20190618108,1082,4,2,2
20190618109,1092,4,7,3
20190618110,1102,4,5,1
20190618111,1112,0,7,7
20190618112,1122,5,4,1
20190618113,1132,8,9,1
20190618114,1142,0,4,4
20190618115,1152,7,8,1
20190618116,1162,4,5,1
20190618117,1172,3,4,1
20190618118,1182,9,9,0
20190618119,1192,7,1,6
20190618120,1202,8,2,6
20190618121,1212,1,9,8
20190618122,1222,1,3,2
20190618123,1232,4,8,4
20190618124,1242,3,4,1
20190618125,1252,9,4,5
20190618126,1262,3,9,6
20190618127,1272,8,0,8
20190618128,1282,2,2,0
20190618129,1292,8,3,5
20190618130,1302,5,7,2
20190618131,1312,6,4,2
20190618132,1322,2,2,0
20190618133,1332,9,5,4
20190618134,1342,8,1,7
20190618135,1352,5,1,4
20190618136,1362,5,8,3
20190618137,1372,0,4,4
20190618138,1382,1,2,1
20190618139,1392,4,7,3
20190618140,1402,8,4,4
20190618141,1412,4,8,4
20190618142,1422,3,4,1
20190618143,1432,1,3,2
20190618144,1442,1,1,0
20190618145,1452,2,5,3
20190618146,1462,1,6,5
20190618147,1472,3,2,1
20190618148,1482,9,2,7
20190618149,1492,7,5,2
20190618150,1502,2,0,2
20190618151,1512,5,1,4
20190618152,1522,3,7,4
20190618153,1532,4,3,1
20190618154,1542,5,0,5
20190618155,1552,0,4,4
20190618156,1562,1,3,2
20190618157,1572,0,9,9
20190618158,1582,7,5,2
20190618159,1592,7,9,2
20190618160,1602,5,5,0
20190618161,1612,1,0,1
20190618162,1622,6,1,5
20190618163,1632,3,1,2
20190618164,1642,3,9,6
20190618165,1652,3,7,4
20190618166,1662,2,9,7
20190618167,1672,0,3,3
20190618168,1682,9,8,1
20190618169,1692,4,3,1
20190618170,1702,3,6,3
20190618171,1712,3,7,4
20190618172,1722,5,2,3
20190618173,1732,9,3,6
20190618174,1742,4,9,5
20190618175,1752,0,7,7
20190618176,1762,1,5,4
20190618177,1772,6,1,5
20190618178,1782,3,1,2
20190618179,1792,6,4,2
20190618180,1802,1,4,3
20190618181,1812,5,3,2
20190618182,1822,1,6,5
20190618183,1832,1,9,8
20190618184,1842,4,4,0
20190618185,1852,4,0,4
20190618186,1862,0,7,7
20190618187,1872,1,7,6
20190618188,1882,9,2,7
20190618189,1892,9,4,5
20190618190,1902,7,5,2
20190618191,1912,9,6,3
20190618192,1922,9,4,5
20190618193,1932,5,0,5
20190618194,1942,3,6,3
20190618195,1952,6,9,3
20190618196,1962,1,2,1
20190618197,1972,7,2,5
20190618198,1982,4,3,1
20190618199,1992,2,5,3
20190618200,2002,0,2,2
20190618201,2012,1,2,1
20190618202,2022,6,6,0
20190618203,2032,4,6,2
20190618204,2042,9,6,3
20190618205,2052,5,7,2
20190618206,2062,1,8,7
20190618207,2072,6,0,6
20190618208,2082,3,3,0
20190618209,2092,9,3,6
20190618210,2102,9,8,1
20190618211,2112,2,8,6
20190618212,2122,8,7,1
20190618213,2132,6,3,3
20190618214,2142,5,5,0
20190618215,2152,1,5,4
20190618216,2162,2,1,1
20190618217,2172,5,8,3
20190618218,2182,6,4,2
20190618219,2192,8,9,1
20190618220,2202,0,6,6
20190618221,2212,9,0,9
20190618222,2222,4,9,5
20190618223,2232,8,1,7
20190618224,2242,3,4,1
20190618225,2252,2,4,2
20190618226,2262,2,7,5
20190618227,2272,8,8,0
20190618228,2282,7,4,3
20190618229,2292,3,3,0
20190618230,2302,1,6,5
20190618231,2312,2,0,2
20190618232,2322,0,1,1
20190618233,2332,8,9,1
20190618234,2342,6,7,1
20190618235,2352,2,2,0
20190618236,2362,7,5,2
20190618237,2372,7,7,0
20190618238,2382,0,9,9
20190618239,2392,4,4,0
20190618240,2402,6,0,6
20190618241,2412,1,4,3
20190618242,2422,6,6,0
20190618243,2432,1,7,6
20190618244,2442,5,0,5
20190618245,2452,2,8,6
20190618246,2462,7,3,4
20190618247,2472,1,1,0
20190618248,2482,1,6,5
20190618249,2492,3,7,4
20190618250,2502,9,5,4
20190618251,2512,6,3,3
20190618252,2522,9,5,4
20190618253,2532,5,3,2
20190618254,2542,1,7,6
20190618255,2552,6,6,0
20190618256,2562,8,7,1
20190618257,2572,3,7,4
20190618258,2582,7,1,6
20190618259,2592,7,1,6
20190618260,2602,2,4,2
20190618261,2612,8,4,4
20190618262,2622,0,2,2
20190618263,2632,3,9,6
20190618264,2642,5,0,5
20190618265,2652,4,5,1
20190618266,2662,0,0,0
20190618267,2672,2,6,4
20190618268,2682,7,7,0
20190618269,2692,8,8,0
20190618270,2702,6,4,2
20190618271,2712,7,9,2
20190618272,2722,2,2,0
20190618273,2732,5,2,3
20190618274,2742,2,6,4
20190618275,2752,2,7,5
20190618276,2762,7,3,4
20190618277,2772,7,4,3
20190618278,2782,6,1,5
20190618279,2792,1,2,1
20190618280,2802,2,2,0
20190618281,2812,2,0,2
20190618282,2822,8,3,5
20190618283,2832,2,5,3
20190618284,2842,2,5,3
20190618285,2852,6,9,3
20190618286,2862,0,8,8
20190618287,2872,4,9,5
20190618288,2882,9,0,9
20190619001,13,3,9,6
20190619002,23,0,6,6
20190619003,33,5,1,4
20190619004,43,6,3,3
20190619005,53,5,4,1
20190619006,63,3,4,1
20190619007,73,9,5,4
20190619008,83,0,3,3
20190619009,93,6,1,5
20190619010,103,5,5,0
20190619011,113,4,3,1
20190619012,123,5,8,3
20190619013,133,4,1,3
20190619014,143,7,6,1
20190619015,153,6,8,2
20190619016,163,1,2,1
20190619017,173,6,9,3
20190619018,183,1,8,7
20190619019,193,5,1,4
20190619020,203,9,9,0
20190619021,213,9,5,4
20190619022,223,2,1,1
20190619023,233,7,7,0
20190619024,243,5,8,3
20190619025,253,2,7,5
20190619026,263,9,7,2
20190619027,273,4,6,2
20190619028,283,2,0,2
20190619029,293,8,0,8
20190619030,303,5,4,1
20190619031,313,2,0,2
20190619032,323,4,7,3
20190619033,333,7,2,5
20190619034,343,3,9,6
20190619035,353,6,9,3
20190619036,363,3,3,0
20190619037,373,9,4,5
20190619038,383,3,6,3
20190619039,393,1,7,6
20190619040,403,6,2,4
20190619041,413,7,5,2
20190619042,423,5,6,1
20190619043,433,7,9,2
20190619044,443,4,2,2
20190619045,453,3,8,5
20190619046,463,1,2,1
20190619047,473,0,2,2
20190619048,483,2,0,2
20190619049,493,3,0,3
20190619050,503,1,8,7
20190619051,513,7,7,0
20190619052,523,3,3,0
20190619053,533,4,1,3
20190619054,543,7,8,1
20190619055,553,4,0,4
20190619056,563,4,0,4
20190619057,573,9,0,9
20190619058,583,0,0,0
20190619059,593,9,6,3
20190619060,603,2,2,0
20190619061,613,7,5,2
20190619062,623,6,6,0
20190619063,633,7,8,1
20190619064,643,4,1,3
20190619065,653,1,6,5
20190619066,663,7,5,2
20190619067,673,5,7,2
20190619068,683,0,5,5
20190619069,693,9,7,2
20190619070,703,7,6,1
20190619071,713,7,3,4
20190619072,723,9,5,4
20190619073,733,2,7,5
20190619074,743,1,3,2
20190619075,753,5,7,2
20190619076,763,2,0,2
20190619077,773,0,5,5
20190619078,783,5,2,3
20190619079,793,1,1,0
20190619080,803,8,8,0
20190619081,813,2,5,3
20190619082,823,4,8,4
20190619083,833,8,3,5
20190619084,843,8,8,0
20190619085,853,2,3,1
20190619086,863,0,6,6
20190619087,873,3,9,6
20190619088,883,9,5,4
20190619089,893,6,8,2
20190619090,903,5,4,1
20190619091,913,8,0,8
20190619092,923,8,7,1
20190619093,933,3,0,3
20190619094,943,1,9,8
20190619095,953,7,4,3
20190619096,963,8,7,1
20190619097,973,0,7,7
20190619098,983,4,2,2
20190619099,993,9,6,3
20190619100,1003,8,1,7
20190619101,1013,1,5,4
20190619102,1023,8,0,8
20190619103,1033,0,0,0
20190619104,1043,8,6,2
20190619105,1053,2,9,7
20190619106,1063,7,8,1
20190619107,1073,9,4,5
20190619108,1083,0,7,7
20190619109,1093,1,3,2
20190619110,1103,6,7,1
20190619111,1113,5,7,2
20190619112,1123,4,0,4
20190619113,1133,9,3,6
20190619114,1143,2,3,1
20190619115,1153,7,7,0
20190619116,1163,0,1,1
20190619117,1173,8,5,3
20190619118,1183,2,6,4
20190619119,1193,4,3,1
20190619120,1203,7,6,1
20190619121,1213,2,3,1
20190619122,1223,5,2,3
20190619123,1233,6,6,0
20190619124,1243,4,8,4
20190619125,1253,8,5,3
20190619126,1263,3,7,4
20190619127,1273,7,2,5
20190619128,1283,1,6,5
20190619129,1293,4,5,1
20190619130,1303,2,4,2
20190619131,1313,0,3,3
20190619132,1323,4,8,4
20190619133,1333,5,8,3
20190619134,1343,7,4,3
20190619135,1353,4,7,3
20190619136,1363,9,7,2
20190619137,1373,4,9,5
20190619138,1383,7,3,4
20190619139,1393,7,6,1
20190619140,1403,4,6,2
20190619141,1413,8,5,3
20190619142,1423,4,9,5
20190619143,1433,9,0,9
20190619144,1443,5,0,5
20190619145,1453,4,7,3
20190619146,1463,1,8,7
20190619147,1473,2,3,1
20190619148,1483,3,4,1
20190619149,1493,2,0,2
20190619150,1503,5,3,2
20190619151,1513,4,4,0
20190619152,1523,6,5,1
20190619153,1533,6,1,5
20190619154,1543,2,5,3
20190619155,1553,1,1,0
20190619156,1563,8,9,1
20190619157,1573,4,2,2
20190619158,1583,0,8,8
20190619159,1593,1,2,1
20190619160,1603,2,5,3
20190619161,1613,6,9,3
20190619162,1623,4,3,1
20190619163,1633,4,1,3
20190619164,1643,2,9,7
20190619165,1653,7,5,2
20190619166,1663,1,2,1
20190619167,1673,0,4,4
20190619168,1683,0,7,7
20190619169,1693,0,8,8
20190619170,1703,6,2,4
20190619171,1713,6,5,1
20190619172,1723,4,2,2
20190619173,1733,7,4,3
20190619174,1743,0,0,0
20190619175,1753,2,1,1
20190619176,1763,8,5,3
20190619177,1773,3,6,3
20190619178,1783,0,7,7
20190619179,1793,0,7,7
20190619180,1803,7,8,1
20190619181,1813,1,8,7
20190619182,1823,2,0,2
20190619183,1833,3,8,5
20190619184,1843,6,3,3
20190619185,1853,1,2,1
20190619186,1863,7,5,2
20190619187,1873,4,6,2
20190619188,1883,7,2,5
20190619189,1893,8,2,6
20190619190,1903,9,7,2
20190619191,1913,2,7,5
20190619192,1923,2,6,4
20190619193,1933,8,6,2
20190619194,1943,3,0,3
20190619195,1953,2,3,1
20190619196,1963,9,0,9
20190619197,1973,1,0,1
20190619198,1983,8,8,0
20190619199,1993,7,0,7
20190619200,2003,0,3,3
20190619201,2013,7,9,2
20190619202,2023,2,3,1
20190619203,2033,6,4,2
20190619204,2043,4,9,5
20190619205,2053,6,7,1
20190619206,2063,4,1,3
20190619207,2073,5,7,2
20190619208,2083,5,1,4
20190619209,2093,6,6,0
20190619210,2103,0,2,2
20190619211,2113,0,6,6
20190619212,2123,0,9,9
20190619213,2133,7,1,6
20190619214,2143,6,0,6
20190619215,2153,6,1,5
20190619216,2163,3,0,3
20190619217,2173,4,6,2
20190619218,2183,8,2,6
20190619219,2193,8,7,1
20190619220,2203,0,7,7
20190619221,2213,4,3,1
20190619222,2223,4,4,0
20190619223,2233,0,7,7
20190619224,2243,6,1,5
20190619225,2253,3,9,6
20190619226,2263,7,1,6
20190619227,2273,2,0,2
20190619228,2283,8,2,6
20190619229,2293,1,7,6
20190619230,2303,6,3,3
20190619231,2313,0,3,3
20190619232,2323,1,5,4
20190619233,2333,5,2,3
20190619234,2343,1,7,6
20190619235,2353,2,6,4
20190619236,2363,2,0,2
20190619237,2373,5,2,3
20190619238,2383,1,4,3
20190619239,2393,8,5,3
20190619240,2403,5,5,0
20190619241,2413,4,3,1
20190619242,2423,3,4,1
20190619243,2433,3,0,3
20190619244,2443,3,1,2
20190619245,2453,2,2,0
20190619246,2463,2,7,5
20190619247,2473,5,0,5
20190619248,2483,6,4,2
20190619249,2493,8,4,4
20190619250,2503,8,6,2
20190619251,2513,8,5,3
20190619252,2523,9,1,8
20190619253,2533,4,4,0
20190619254,2543,4,8,4
20190619255,2553,7,0,7
20190619256,2563,9,4,5
20190619257,2573,8,2,6
20190619258,2583,1,9,8
20190619259,2593,6,1,5
20190619260,2603,2,5,3
20190619261,2613,1,8,7
20190619262,2623,6,1,5
20190619263,2633,5,0,5
20190619264,2643,4,0,4
20190619265,2653,8,2,6
20190619266,2663,4,1,3
20190619267,2673,9,0,9
20190619268,2683,6,7,1
20190619269,2693,4,4,0
20190619270,2703,3,8,5
20190619271,2713,0,4,4
20190619272,2723,7,1,6
20190619273,2733,5,5,0
20190619274,2743,6,8,2
20190619275,2753,2,5,3
20190619276,2763,9,5,4
20190619277,2773,7,8,1
20190619278,2783,0,0,0
20190619279,2793,0,8,8
20190619280,2803,8,3,5
20190619281,2813,5,5,0
20190619282,2823,5,1,4
20190619283,2833,3,5,2
20190619284,2843,1,7,6
20190619285,2853,9,3,6
20190619286,2863,2,5,3
20190619287,2873,3,7,4
20190619288,2883,0,9,9
20190620001,14,6,8,2
20190620002,24,7,6,1
20190620003,34,7,5,2
20190620004,44,8,1,7
20190620005,54,4,8,4
20190620006,64,6,5,1
20190620007,74,3,3,0
20190620008,84,7,2,5
20190620009,94,7,1,6
20190620010,104,2,0,2
20190620011,114,3,1,2
20190620012,124,2,8,6
20190620013,134,6,4,2
20190620014,144,8,0,8
20190620015,154,2,9,7
20190620016,164,4,3,1
20190620017,174,0,7,7
20190620018,184,4,4,0
20190620019,194,6,7,1
20190620020,204,0,7,7
20190620021,214,0,3,3
20190620022,224,0,1,1
20190620023,234,3,8,5
20190620024,244,1,4,3
20190620025,254,2,4,2
20190620026,264,1,7,6
20190620027,274,9,3,6
20190620028,284,6,7,1
20190620029,294,8,2,6
20190620030,304,2,4,2
20190620031,314,4,2,2
20190620032,324,3,8,5
20190620033,334,5,4,1
20190620034,344,7,2,5
20190620035,354,2,0,2
20190620036,364,2,4,2
20190620037,374,0,6,6
20190620038,384,4,6,2
20190620039,394,1,4,3
20190620040,404,0,8,8
20190620041,414,4,3,1
20190620042,424,3,7,4
20190620043,434,9,3,6
20190620044,444,7,3,4
20190620045,454,7,8,1
20190620046,464,1,8,7
20190620047,474,1,8,7
20190620048,484,5,8,3
20190620049,494,4,1,3
20190620050,504,1,0,1
20190620051,514,9,4,5
20190620052,524,3,8,5
20190620053,534,4,4,0
20190620054,544,0,0,0
20190620055,554,4,2,2
20190620056,564,7,2,5
20190620057,574,3,9,6
20190620058,584,0,0,0
20190620059,594,9,6,3
20190620060,604,7,4,3
20190620061,614,9,0,9
20190620062,624,5,1,4
20190620063,634,2,4,2
20190620064,644,7,7,0
20190620065,654,5,3,2
20190620066,664,1,2,1
20190620067,674,7,6,1
20190620068,684,0,8,8
20190620069,694,8,9,1
20190620070,704,2,9,7
20190620071,714,1,5,4
20190620072,724,4,7,3
20190620073,734,5,4,1
20190620074,744,3,4,1
20190620075,754,5,4,1
20190620076,764,0,1,1
20190620077,774,0,5,5
20190620078,784,8,8,0
20190620079,794,8,0,8
20190620080,804,8,9,1
20190620081,814,8,9,1
20190620082,824,4,5,1
20190620083,834,2,7,5
20190620084,844,6,3,3
20190620085,854,4,3,1
20190620086,864,6,0,6
20190620087,874,6,0,6
20190620088,884,1,5,4
20190620089,894,9,4,5
20190620090,904,4,8,4
20190620091,914,3,6,3
20190620092,924,5,1,4
20190620093,934,2,9,7
20190620094,944,9,0,9
20190620095,954,6,7,1
20190620096,964,1,3,2
20190620097,974,1,3,2
20190620098,984,5,8,3
20190620099,994,8,9,1
20190620100,1004,2,6,4
20190620101,1014,8,9,1
20190620102,1024,3,0,3
20190620103,1034,9,2,7
20190620104,1044,9,9,0
20190620105,1054,6,7,1
20190620106,1064,1,2,1
20190620107,1074,8,7,1
20190620108,1084,5,7,2
20190620109,1094,7,7,0
20190620110,1104,7,6,1
20190620111,1114,3,7,4
20190620112,1124,4,8,4
20190620113,1134,5,2,3
20190620114,1144,0,8,8
20190620115,1154,3,9,6
20190620116,1164,3,6,3
20190620117,1174,0,3,3
20190620118,1184,2,0,2
20190620119,1194,5,9,4
20190620120,1204,9,4,5
20190620121,1214,0,3,3
20190620122,1224,6,2,4
20190620123,1234,0,2,2
20190620124,1244,9,2,7
20190620125,1254,5,9,4
20190620126,1264,0,6,6
20190620127,1274,9,1,8
20190620128,1284,9,8,1
20190620129,1294,3,6,3
20190620130,1304,6,2,4
20190620131,1314,9,0,9
20190620132,1324,8,9,1
20190620133,1334,8,5,3
20190620134,1344,4,7,3
20190620135,1354,0,9,9
20190620136,1364,7,5,2
20190620137,1374,1,7,6
20190620138,1384,3,1,2
20190620139,1394,8,3,5
20190620140,1404,9,2,7
20190620141,1414,3,3,0
20190620142,1424,8,2,6
20190620143,1434,2,2,0
20190620144,1444,1,8,7
20190620145,1454,5,2,3
20190620146,1464,0,4,4
20190620147,1474,4,0,4
20190620148,1484,1,1,0
20190620149,1494,0,3,3
20190620150,1504,5,7,2
20190620151,1514,1,8,7
20190620152,1524,3,8,5
20190620153,1534,4,4,0
20190620154,1544,0,6,6
20190620155,1554,2,2,0
20190620156,1564,2,1,1
20190620157,1574,1,8,7
20190620158,1584,1,2,1
20190620159,1594,4,1,3
20190620160,1604,8,5,3
20190620161,1614,5,5,0
20190620162,1624,3,2,1
20190620163,1634,7,9,2
20190620164,1644,3,8,5
20190620165,1654,4,4,0
20190620166,1664,7,7,0
20190620167,1674,5,0,5
20190620168,1684,3,4,1
20190620169,1694,7,6,1
20190620170,1704,0,1,1
20190620171,1714,3,9,6
20190620172,1724,4,2,2
20190620173,1734,1,5,4
20190620174,1744,2,6,4
20190620175,1754,1,9,8
20190620176,1764,0,1,1
20190620177,1774,7,2,5
20190620178,1784,5,0,5
20190620179,1794,4,8,4
20190620180,1804,1,2,1
20190620181,1814,4,6,2
20190620182,1824,9,9,0
20190620183,1834,8,6,2
20190620184,1844,6,7,1
20190620185,1854,5,9,4
20190620186,1864,7,4,3
20190620187,1874,9,5,4
20190620188,1884,2,6,4
20190620189,1894,4,1,3
20190620190,1904,9,3,6
20190620191,1914,4,3,1
20190620192,1924,3,4,1
20190620193,1934,1,8,7
20190620194,1944,5,4,1
20190620195,1954,9,7,2
20190620196,1964,7,5,2
20190620197,1974,5,2,3
20190620198,1984,4,6,2
20190620199,1994,7,0,7
20190620200,2004,6,1,5
20190620201,2014,4,8,4
20190620202,2024,5,8,3
20190620203,2034,4,9,5
20190620204,2044,6,8,2
20190620205,2054,8,0,8
20190620206,2064,8,0,8
20190620207,2074,0,0,0
20190620208,2084,7,9,2
20190620209,2094,7,8,1
20190620210,2104,6,7,1
20190620211,2114,5,3,2
20190620212,2124,7,6,1
20190620213,2134,9,4,5
20190620214,2144,5,9,4
20190620215,2154,4,4,0
20190620216,2164,7,5,2
20190620217,2174,7,6,1
20190620218,2184,5,9,4
20190620219,2194,8,2,6
20190620220,2204,5,4,1
20190620221,2214,1,8,7
20190620222,2224,6,4,2
20190620223,2234,5,8,3
20190620224,2244,7,2,5
20190620225,2254,2,2,0
20190620226,2264,3,5,2
20190620227,2274,8,1,7
20190620228,2284,9,1,8
20190620229,2294,6,5,1
20190620230,2304,9,1,8
20190620231,2314,6,5,1
20190620232,2324,6,9,3
20190620233,2334,2,4,2
20190620234,2344,0,2,2
20190620235,2354,0,3,3
20190620236,2364,4,2,2
20190620237,2374,5,1,4
20190620238,2384,9,8,1
20190620239,2394,7,5,2
20190620240,2404,3,2,1
20190620241,2414,5,8,3
20190620242,2424,9,2,7
20190620243,2434,8,4,4
20190620244,2444,8,0,8
20190620245,2454,6,1,5
20190620246,2464,0,6,6
20190620247,2474,0,3,3
20190620248,2484,3,7,4
20190620249,2494,2,5,3
20190620250,2504,0,1,1
20190620251,2514,1,5,4
20190620252,2524,9,8,1
20190620253,2534,3,0,3
20190620254,2544,2,1,1
20190620255,2554,2,3,1
20190620256,2564,3,9,6
20190620257,2574,9,9,0
20190620258,2584,1,2,1
20190620259,2594,3,5,2
20190620260,2604,1,2,1
20190620261,2614,2,1,1
20190620262,2624,5,5,0
20190620263,2634,5,4,1
20190620264,2644,7,2,5
20190620265,2654,4,9,5
20190620266,2664,2,4,2
20190620267,2674,6,0,6
20190620268,2684,4,4,0
20190620269,2694,5,6,1
20190620270,2704,1,6,5
20190620271,2714,8,3,5
20190620272,2724,4,6,2
20190620273,2734,7,4,3
20190620274,2744,4,7,3
20190620275,2754,9,3,6
20190620276,2764,4,0,4
20190620277,2774,8,6,2
20190620278,2784,7,9,2
20190620279,2794,5,7,2
20190620280,2804,2,9,7
20190620281,2814,9,8,1
20190620282,2824,7,9,2
20190620283,2834,2,3,1
20190620284,2844,1,5,4
20190620285,2854,4,4,0
20190620286,2864,2,4,2
20190620287,2874,0,2,2
20190620288,2884,7,4,3
20190621001,15,2,4,2
20190621002,25,4,2,2
20190621003,35,4,7,3
20190621004,45,3,6,3
20190621005,55,0,6,6
20190621006,65,0,9,9
20190621007,75,9,4,5
20190621008,85,5,3,2
20190621009,95,1,8,7
20190621010,105,5,2,3
20190621011,115,7,1,6
20190621012,125,1,2,1
20190621013,135,7,4,3
20190621014,145,9,0,9
20190621015,155,3,0,3
20190621016,165,6,4,2
20190621017,175,3,4,1
20190621018,185,9,4,5
20190621019,195,6,4,2
20190621020,205,8,2,6
20190621021,215,2,5,3
20190621022,225,0,1,1
20190621023,235,4,9,5
20190621024,245,7,1,6
20190621025,255,5,0,5
20190621026,265,7,7,0
20190621027,275,1,3,2
20190621028,285,6,6,0
20190621029,295,0,0,0
20190621030,305,3,2,1
20190621031,315,7,5,2
20190621032,325,2,3,1
20190621033,335,3,2,1
20190621034,345,7,0,7
20190621035,355,3,6,3
20190621036,365,2,9,7
20190621037,375,6,5,1
20190621038,385,9,7,2
20190621039,395,7,9,2
20190621040,405,6,1,5
20190621041,415,5,4,1
20190621042,425,5,2,3
20190621043,435,0,6,6
20190621044,445,6,7,1
20190621045,455,9,6,3
20190621046,465,7,4,3
20190621047,475,1,0,1
20190621048,485,9,7,2
20190621049,495,8,3,5
20190621050,505,7,3,4
20190621051,515,6,6,0
20190621052,525,7,6,1
20190621053,535,2,0,2
20190621054,545,8,5,3
20190621055,555,2,1,1
20190621056,565,1,0,1
20190621057,575,6,0,6
20190621058,585,1,3,2
20190621059,595,1,5,4
20190621060,605,1,9,8
20190621061,615,8,7,1
20190621062,625,2,6,4
20190621063,635,0,4,4
20190621064,645,6,1,5
20190621065,655,9,3,6
20190621066,665,0,8,8
20190621067,675,6,6,0
20190621068,685,6,5,1
20190621069,695,4,0,4
20190621070,705,2,1,1
20190621071,715,6,2,4
20190621072,725,6,1,5
20190621073,735,6,9,3
20190621074,745,9,2,7
20190621075,755,9,6,3
20190621076,765,7,7,0
20190621077,775,8,9,1
20190621078,785,1,6,5
20190621079,795,2,5,3
20190621080,805,0,4,4
20190621081,815,7,1,6
20190621082,825,5,3,2
20190621083,835,0,6,6
20190621084,845,9,7,2
20190621085,855,5,3,2
20190621086,865,2,0,2
20190621087,875,4,9,5
20190621088,885,1,9,8
20190621089,895,1,5,4
20190621090,905,8,5,3
20190621091,915,5,9,4
20190621092,925,7,1,6
20190621093,935,0,0,0
20190621094,945,0,3,3
20190621095,955,9,2,7
20190621096,965,7,3,4
20190621097,975,6,7,1
20190621098,985,8,8,0
20190621099,995,5,9,4
20190621100,1005,5,4,1
20190621101,1015,9,6,3
20190621102,1025,5,4,1
20190621103,1035,7,9,2
20190621104,1045,7,9,2
20190621105,1055,8,1,7
20190621106,1065,1,6,5
20190621107,1075,4,6,2
20190621108,1085,9,4,5
20190621109,1095,4,9,5
20190621110,1105,2,3,1
20190621111,1115,6,3,3
20190621112,1125,5,6,1
20190621113,1135,6,8,2
20190621114,1145,4,3,1
20190621115,1155,5,0,5
20190621116,1165,6,2,4
20190621117,1175,3,4,1
20190621118,1185,5,5,0
20190621119,1195,0,6,6
20190621120,1205,1,1,0
20190621121,1215,7,7,0
20190621122,1225,3,2,1
20190621123,1235,9,2,7
20190621124,1245,5,6,1
20190621125,1255,8,5,3
20190621126,1265,2,8,6
20190621127,1275,7,1,6
20190621128,1285,5,6,1
20190621129,1295,5,1,4
20190621130,1305,0,1,1
20190621131,1315,2,4,2
20190621132,1325,5,9,4
20190621133,1335,2,9,7
20190621134,1345,3,7,4
20190621135,1355,1,4,3
20190621136,1365,1,0,1
20190621137,1375,1,5,4
20190621138,1385,8,9,1
20190621139,1395,7,1,6
20190621140,1405,4,3,1
20190621141,1415,2,3,1
20190621142,1425,8,7,1
20190621143,1435,4,9,5
20190621144,1445,1,8,7
20190621145,1455,0,4,4
20190621146,1465,3,7,4
20190621147,1475,5,3,2
20190621148,1485,7,7,0
20190621149,1495,1,0,1
20190621150,1505,6,2,4
20190621151,1515,2,0,2
20190621152,1525,6,6,0
20190621153,1535,6,6,0
20190621154,1545,1,5,4
20190621155,1555,1,1,0
20190621156,1565,0,3,3
20190621157,1575,5,0,5
20190621158,1585,2,2,0
20190621159,1595,1,7,6
20190621160,1605,0,1,1
20190621161,1615,5,2,3
20190621162,1625,6,0,6
20190621163,1635,2,6,4
20190621164,1645,8,4,4
20190621165,1655,0,5,5
20190621166,1665,9,0,9
20190621167,1675,3,6,3
20190621168,1685,6,2,4
20190621169,1695,1,4,3
20190621170,1705,7,5,2
20190621171,1715,3,4,1
20190621172,1725,9,0,9
20190621173,1735,2,9,7
20190621174,1745,1,0,1
20190621175,1755,4,4,0
20190621176,1765,9,7,2
20190621177,1775,1,0,1
20190621178,1785,0,5,5
20190621179,1795,7,3,4
20190621180,1805,5,4,1
20190621181,1815,5,8,3
20190621182,1825,8,3,5
20190621183,1835,7,3,4
20190621184,1845,2,9,7
20190621185,1855,4,0,4
20190621186,1865,6,1,5
20190621187,1875,5,8,3
20190621188,1885,2,1,1
20190621189,1895,2,0,2
20190621190,1905,9,3,6
20190621191,1915,7,9,2
20190621192,1925,5,5,0
20190621193,1935,0,9,9
20190621194,1945,7,1,6
20190621195,1955,0,5,5
20190621196,1965,7,2,5
20190621197,1975,5,0,5
20190621198,1985,1,7,6
20190621199,1995,6,0,6
20190621200,2005,1,7,6
20190621201,2015,1,4,3
20190621202,2025,0,1,1
20190621203,2035,8,3,5
20190621204,2045,5,2,3
20190621205,2055,5,4,1
20190621206,2065,4,0,4
20190621207,2075,1,3,2
20190621208,2085,5,3,2
20190621209,2095,7,0,7
20190621210,2105,0,9,9
20190621211,2115,4,5,1
20190621212,2125,4,3,1
20190621213,2135,0,1,1
20190621214,2145,7,9,2
20190621215,2155,9,3,6
20190621216,2165,0,1,1
20190621217,2175,8,2,6
20190621218,2185,0,5,5
20190621219,2195,6,0,6
20190621220,2205,4,2,2
20190621221,2215,3,1,2
20190621222,2225,1,5,4
20190621223,2235,5,3,2
20190621224,2245,0,4,4
20190621225,2255,4,6,2
20190621226,2265,0,9,9
20190621227,2275,0,9,9
20190621228,2285,4,8,4
20190621229,2295,2,6,4
20190621230,2305,5,3,2
20190621231,2315,4,2,2
20190621232,2325,8,9,1
20190621233,2335,0,2,2
20190621234,2345,5,6,1
20190621235,2355,9,7,2
20190621236,2365,0,1,1
20190621237,2375,7,6,1
20190621238,2385,0,8,8
20190621239,2395,0,5,5
20190621240,2405,5,4,1
20190621241,2415,5,4,1
20190621242,2425,8,6,2
20190621243,2435,0,1,1
20190621244,2445,9,4,5
20190621245,2455,8,3,5
20190621246,2465,3,1,2
20190621247,2475,7,8,1
20190621248,2485,8,7,1
20190621249,2495,1,4,3
20190621250,2505,2,6,4
20190621251,2515,6,8,2
20190621252,2525,4,1,3
20190621253,2535,9,7,2
20190621254,2545,6,0,6
20190621255,2555,6,8,2
20190621256,2565,3,9,6
20190621257,2575,1,4,3
20190621258,2585,4,7,3
20190621259,2595,1,2,1
20190621260,2605,9,6,3
20190621261,2615,0,5,5
20190621262,2625,6,5,1
20190621263,2635,6,5,1
20190621264,2645,2,1,1
20190621265,2655,1,8,7
20190621266,2665,9,8,1
20190621267,2675,3,1,2
20190621268,2685,3,8,5
20190621269,2695,9,3,6
20190621270,2705,2,4,2
20190621271,2715,4,7,3
20190621272,2725,7,8,1
20190621273,2735,3,8,5
20190621274,2745,4,6,2
20190621275,2755,6,8,2
20190621276,2765,8,5,3
20190621277,2775,5,3,2
20190621278,2785,1,1,0
20190621279,2795,4,9,5
20190621280,2805,4,5,1
20190621281,2815,3,6,3
20190621282,2825,5,9,4
20190621283,2835,7,7,0
20190621284,2845,2,5,3
20190621285,2855,8,0,8
20190621286,2865,6,3,3
20190621287,2875,8,5,3
20190621288,2885,4,6,2
20190622001,16,3,2,1
20190622002,26,3,8,5
20190622003,36,1,4,3
20190622004,46,2,9,7
20190622005,56,5,5,0
20190622006,66,0,2,2
20190622007,76,6,6,0
20190622008,86,1,6,5
20190622009,96,7,9,2
20190622010,106,5,9,4
20190622011,116,1,0,1
20190622012,126,4,4,0
20190622013,136,7,9,2
20190622014,146,2,8,6
20190622015,156,2,2,0
20190622016,166,8,7,1
20190622017,176,9,5,4
20190622018,186,5,6,1
20190622019,196,0,9,9
20190622020,206,4,1,3
20190622021,216,2,4,2
20190622022,226,4,1,3
20190622023,236,6,0,6
20190622024,246,5,4,1
20190622025,256,3,6,3
20190622026,266,4,1,3
20190622027,276,0,2,2
20190622028,286,3,1,2
20190622029,296,8,0,8
20190622030,306,5,7,2
20190622031,316,7,2,5
20190622032,326,2,0,2
20190622033,336,9,7,2
20190622034,346,6,6,0
20190622035,356,5,5,0
20190622036,366,9,6,3
20190622037,376,7,6,1
20190622038,386,1,8,7
20190622039,396,4,6,2
20190622040,406,4,2,2
20190622041,416,3,0,3
20190622042,426,1,2,1
20190622043,436,8,6,2
20190622044,446,2,2,0
20190622045,456,6,3,3
20190622046,466,2,0,2
20190622047,476,0,8,8
20190622048,486,4,4,0
20190622049,496,2,9,7
20190622050,506,2,7,5
20190622051,516,6,6,0
20190622052,526,3,2,1
20190622053,536,2,7,5
20190622054,546,8,4,4
20190622055,556,4,3,1
20190622056,566,2,4,2
20190622057,576,4,0,4
20190622058,586,4,8,4
20190622059,596,0,9,9
20190622060,606,9,0,9
20190622061,616,7,1,6
20190622062,626,4,2,2
20190622063,636,9,1,8
20190622064,646,7,8,1
20190622065,656,9,5,4
20190622066,666,2,4,2
20190622067,676,9,9,0
20190622068,686,7,9,2
20190622069,696,3,1,2
20190622070,706,9,0,9
20190622071,716,8,5,3
20190622072,726,3,5,2
20190622073,736,4,8,4
20190622074,746,3,1,2
20190622075,756,0,8,8
20190622076,766,9,5,4
20190622077,776,9,5,4
20190622078,786,0,4,4
20190622079,796,9,9,0
20190622080,806,9,2,7
20190622081,816,9,8,1
20190622082,826,6,1,5
20190622083,836,1,7,6
20190622084,846,3,7,4
20190622085,856,2,7,5
20190622086,866,8,7,1
20190622087,876,9,7,2
20190622088,886,2,2,0
20190622089,896,7,4,3
20190622090,906,5,1,4
20190622091,916,8,1,7
20190622092,926,1,3,2
20190622093,936,1,7,6
20190622094,946,5,1,4
20190622095,956,9,0,9
20190622096,966,1,1,0
20190622097,976,6,6,0
20190622098,986,8,4,4
20190622099,996,6,1,5
20190622100,1006,2,2,0
20190622101,1016,6,5,1
20190622102,1026,8,2,6
20190622103,1036,4,0,4
20190622104,1046,5,7,2
20190622105,1056,0,0,0
20190622106,1066,4,3,1
20190622107,1076,8,4,4
20190622108,1086,4,1,3
20190622109,1096,1,3,2
20190622110,1106,4,6,2
20190622111,1116,6,6,0
20190622112,1126,6,7,1
20190622113,1136,8,3,5
20190622114,1146,0,9,9
20190622115,1156,3,1,2
20190622116,1166,0,7,7
20190622117,1176,7,7,0
20190622118,1186,6,4,2
20190622119,1196,9,2,7
20190622120,1206,1,2,1
20190622121,1216,7,5,2
20190622122,1226,2,0,2
20190622123,1236,3,3,0
20190622124,1246,6,3,3
20190622125,1256,1,8,7
20190622126,1266,1,0,1
20190622127,1276,6,9,3
20190622128,1286,0,1,1
20190622129,1296,5,8,3
20190622130,1306,0,9,9
20190622131,1316,1,2,1
20190622132,1326,9,1,8
20190622133,1336,5,3,2
20190622134,1346,1,3,2
20190622135,1356,4,1,3
20190622136,1366,1,2,1
20190622137,1376,3,5,2
20190622138,1386,9,4,5
20190622139,1396,5,1,4
20190622140,1406,8,5,3
20190622141,1416,9,1,8
20190622142,1426,9,5,4
20190622143,1436,7,5,2
20190622144,1446,0,6,6
20190622145,1456,9,9,0
20190622146,1466,9,9,0
20190622147,1476,2,5,3
20190622148,1486,7,2,5
20190622149,1496,3,4,1
20190622150,1506,9,1,8
20190622151,1516,7,0,7
20190622152,1526,1,5,4
20190622153,1536,4,9,5
20190622154,1546,1,0,1
20190622155,1556,5,5,0
20190622156,1566,1,3,2
20190622157,1576,8,1,7
20190622158,1586,8,2,6
20190622159,1596,7,8,1
20190622160,1606,4,4,0
20190622161,1616,0,6,6
20190622162,1626,7,7,0
20190622163,1636,6,9,3
20190622164,1646,1,9,8
20190622165,1656,4,0,4
20190622166,1666,0,2,2
20190622167,1676,7,1,6
20190622168,1686,0,1,1
20190622169,1696,0,8,8
20190622170,1706,1,6,5
20190622171,1716,7,0,7
20190622172,1726,1,1,0
20190622173,1736,3,4,1
20190622174,1746,0,9,9
20190622175,1756,7,4,3
20190622176,1766,4,4,0
20190622177,1776,4,8,4
20190622178,1786,0,3,3
20190622179,1796,0,3,3
20190622180,1806,2,7,5
20190622181,1816,1,4,3
20190622182,1826,3,9,6
20190622183,1836,7,1,6
20190622184,1846,8,6,2
20190622185,1856,7,6,1
20190622186,1866,4,4,0
20190622187,1876,4,0,4
20190622188,1886,6,7,1
20190622189,1896,9,4,5
20190622190,1906,4,8,4
20190622191,1916,0,7,7
20190622192,1926,4,3,1
20190622193,1936,9,3,6
20190622194,1946,5,6,1
20190622195,1956,5,2,3
20190622196,1966,1,7,6
20190622197,1976,5,5,0
20190622198,1986,0,0,0
20190622199,1996,9,6,3
20190622200,2006,0,9,9
20190622201,2016,9,6,3
20190622202,2026,4,0,4
20190622203,2036,2,2,0
20190622204,2046,5,0,5
20190622205,2056,8,2,6
20190622206,2066,8,2,6
20190622207,2076,5,4,1
20190622208,2086,2,2,0
20190622209,2096,1,0,1
20190622210,2106,8,2,6
20190622211,2116,8,3,5
20190622212,2126,2,8,6
20190622213,2136,5,6,1
20190622214,2146,0,0,0
20190622215,2156,6,4,2
20190622216,2166,4,4,0
20190622217,2176,5,8,3
20190622218,2186,0,7,7
20190622219,2196,2,5,3
20190622220,2206,7,7,0
20190622221,2216,8,6,2
20190622222,2226,1,8,7
20190622223,2236,9,5,4
20190622224,2246,3,5,2
20190622225,2256,3,9,6
20190622226,2266,9,7,2
20190622227,2276,0,2,2
20190622228,2286,7,8,1
20190622229,2296,6,3,3
20190622230,2306,4,6,2
20190622231,2316,3,0,3
20190622232,2326,2,0,2
20190622233,2336,5,0,5
20190622234,2346,2,5,3
20190622235,2356,8,1,7
20190622236,2366,7,7,0
20190622237,2376,9,4,5
20190622238,2386,4,8,4
20190622239,2396,4,1,3
20190622240,2406,4,3,1
20190622241,2416,4,4,0
20190622242,2426,7,1,6
20190622243,2436,9,2,7
20190622244,2446,9,6,3
20190622245,2456,9,6,3
20190622246,2466,4,4,0
20190622247,2476,2,2,0
20190622248,2486,8,0,8
20190622249,2496,0,1,1
20190622250,2506,2,2,0
20190622251,2516,2,6,4
20190622252,2526,9,2,7
20190622253,2536,8,9,1
20190622254,2546,3,8,5
20190622255,2556,9,3,6
20190622256,2566,6,3,3
20190622257,2576,7,7,0
20190622258,2586,9,1,8
20190622259,2596,6,4,2
20190622260,2606,3,0,3
20190622261,2616,2,9,7
20190622262,2626,5,6,1
20190622263,2636,7,7,0
20190622264,2646,9,0,9
20190622265,2656,9,6,3
20190622266,2666,3,3,0
20190622267,2676,8,6,2
20190622268,2686,7,3,4
20190622269,2696,9,5,4
20190622270,2706,4,0,4
20190622271,2716,2,5,3
20190622272,2726,2,2,0
20190622273,2736,6,1,5
20190622274,2746,5,7,2
20190622275,2756,1,8,7
20190622276,2766,7,5,2
20190622277,2776,0,3,3
20190622278,2786,0,6,6
20190622279,2796,7,0,7
20190622280,2806,1,1,0
20190622281,2816,0,1,1
20190622282,2826,2,8,6
20190622283,2836,2,9,7
20190622284,2846,5,2,3
20190622285,2856,3,9,6
20190622286,2866,7,4,3
20190622287,2876,5,3,2
20190622288,2886,6,3,3
20190623001,17,1,7,6
20190623002,27,4,5,1
20190623003,37,0,8,8
20190623004,47,6,3,3
20190623005,57,2,4,2
20190623006,67,5,0,5
20190623007,77,3,2,1
20190623008,87,2,5,3
20190623009,97,4,3,1
20190623010,107,0,5,5
20190623011,117,2,8,6
20190623012,127,9,4,5
20190623013,137,3,9,6
20190623014,147,7,1,6
20190623015,157,5,5,0
20190623016,167,8,8,0
20190623017,177,7,4,3
20190623018,187,2,6,4
20190623019,197,2,4,2
20190623020,207,9,3,6
20190623021,217,4,0,4
20190623022,227,7,7,0
20190623023,237,4,6,2
20190623024,247,4,6,2
20190623025,257,9,0,9
20190623026,267,4,6,2
20190623027,277,8,7,1
20190623028,287,7,7,0
20190623029,297,6,4,2
20190623030,307,3,1,2
20190623031,317,9,8,1
20190623032,327,8,7,1
20190623033,337,4,9,5
20190623034,347,3,4,1
20190623035,357,5,1,4
20190623036,367,0,5,5
20190623037,377,0,0,0
20190623038,387,1,6,5
20190623039,397,6,7,1
20190623040,407,4,6,2
20190623041,417,9,6,3
20190623042,427,0,7,7
20190623043,437,1,7,6
20190623044,447,5,6,1
20190623045,457,5,4,1
20190623046,467,0,1,1
20190623047,477,9,2,7
20190623048,487,1,1,0
20190623049,497,8,2,6
20190623050,507,5,7,2
20190623051,517,4,9,5
20190623052,527,1,6,5
20190623053,537,7,9,2
20190623054,547,5,7,2
20190623055,557,8,2,6
20190623056,567,7,8,1
20190623057,577,6,1,5
20190623058,587,4,0,4
20190623059,597,0,3,3
20190623060,607,5,4,1
20190623061,617,0,1,1
20190623062,627,4,2,2
20190623063,637,1,8,7
20190623064,647,8,8,0
20190623065,657,4,7,3
20190623066,667,4,8,4
20190623067,677,0,5,5
20190623068,687,1,1,0
20190623069,697,6,3,3
20190623070,707,4,1,3
20190623071,717,6,8,2
20190623072,727,1,3,2
20190623073,737,1,0,1
20190623074,747,9,2,7
20190623075,757,2,0,2
20190623076,767,9,4,5
20190623077,777,3,1,2
20190623078,787,8,4,4
20190623079,797,9,0,9
20190623080,807,9,5,4
20190623081,817,3,0,3
20190623082,827,3,9,6
20190623083,837,3,2,1
20190623084,847,3,0,3
20190623085,857,4,4,0
20190623086,867,7,7,0
20190623087,877,8,8,0
20190623088,887,0,5,5
20190623089,897,7,0,7
20190623090,907,5,7,2
20190623091,917,9,1,8
20190623092,927,8,3,5
20190623093,937,0,0,0
20190623094,947,2,6,4
20190623095,957,9,7,2
20190623096,967,4,6,2
20190623097,977,1,5,4
20190623098,987,9,5,4
20190623099,997,5,6,1
20190623100,1007,7,7,0
20190623101,1017,6,6,0
20190623102,1027,0,5,5
20190623103,1037,0,5,5
20190623104,1047,8,6,2
20190623105,1057,9,0,9
20190623106,1067,0,2,2
20190623107,1077,5,7,2
20190623108,1087,6,7,1
20190623109,1097,2,4,2
20190623110,1107,4,7,3
20190623111,1117,5,3,2
20190623112,1127,8,5,3
20190623113,1137,8,2,6
20190623114,1147,3,5,2
20190623115,1157,9,2,7
20190623116,1167,7,2,5
20190623117,1177,8,4,4
20190623118,1187,4,5,1
20190623119,1197,6,3,3
20190623120,1207,6,4,2
20190623121,1217,1,2,1
20190623122,1227,7,3,4
20190623123,1237,2,1,1
20190623124,1247,7,1,6
20190623125,1257,1,5,4
20190623126,1267,1,9,8
20190623127,1277,5,9,4
20190623128,1287,7,0,7
20190623129,1297,9,9,0
20190623130,1307,8,0,8
20190623131,1317,3,4,1
20190623132,1327,8,8,0
20190623133,1337,2,5,3
20190623134,1347,4,7,3
20190623135,1357,6,0,6
20190623136,1367,2,9,7
20190623137,1377,1,6,5
20190623138,1387,9,8,1
20190623139,1397,2,0,2
20190623140,1407,5,1,4
20190623141,1417,7,0,7
20190623142,1427,0,3,3
20190623143,1437,0,4,4
20190623144,1447,8,3,5
20190623145,1457,3,7,4
20190623146,1467,1,4,3
20190623147,1477,9,2,7
20190623148,1487,3,4,1
20190623149,1497,9,8,1
20190623150,1507,4,5,1
20190623151,1517,2,2,0
20190623152,1527,2,5,3
20190623153,1537,7,8,1
20190623154,1547,0,2,2
20190623155,1557,7,7,0
20190623156,1567,1,0,1
20190623157,1577,4,1,3
20190623158,1587,8,8,0
20190623159,1597,3,6,3
20190623160,1607,8,3,5
20190623161,1617,5,0,5
20190623162,1627,0,4,4
20190623163,1637,3,1,2
20190623164,1647,6,0,6
20190623165,1657,6,2,4
20190623166,1667,7,1,6
20190623167,1677,8,3,5
20190623168,1687,7,4,3
20190623169,1697,7,6,1
20190623170,1707,3,8,5
20190623171,1717,9,3,6
20190623172,1727,5,8,3
20190623173,1737,9,7,2
20190623174,1747,3,7,4
20190623175,1757,1,8,7
20190623176,1767,2,0,2
20190623177,1777,5,5,0
20190623178,1787,3,0,3
20190623179,1797,3,4,1
20190623180,1807,1,3,2
20190623181,1817,3,0,3
20190623182,1827,2,6,4
20190623183,1837,0,1,1
20190623184,1847,0,2,2
20190623185,1857,3,5,2
20190623186,1867,9,9,0
20190623187,1877,4,0,4
20190623188,1887,3,3,0
20190623189,1897,7,0,7
20190623190,1907,2,2,0
20190623191,1917,8,8,0
20190623192,1927,2,5,3
20190623193,1937,7,0,7
20190623194,1947,9,4,5
20190623195,1957,6,1,5
20190623196,1967,2,2,0
20190623197,1977,2,9,7
20190623198,1987,7,9,2
20190623199,1997,9,1,8
20190623200,2007,4,0,4
20190623201,2017,1,7,6
20190623202,2027,5,0,5
20190623203,2037,0,3,3
20190623204,2047,5,5,0
20190623205,2057,7,9,2
20190623206,2067,6,3,3
20190623207,2077,7,7,0
20190623208,2087,0,1,1
20190623209,2097,7,8,1
20190623210,2107,8,2,6
20190623211,2117,4,4,0
20190623212,2127,8,5,3
20190623213,2137,0,2,2
20190623214,2147,0,9,9
20190623215,2157,7,8,1
20190623216,2167,1,1,0
20190623217,2177,1,6,5
20190623218,2187,8,0,8
20190623219,2197,1,7,6
20190623220,2207,6,2,4
20190623221,2217,6,2,4
20190623222,2227,5,8,3
20190623223,2237,0,7,7
20190623224,2247,5,8,3
20190623225,2257,6,0,6
20190623226,2267,7,8,1
20190623227,2277,7,6,1
20190623228,2287,6,1,5
20190623229,2297,1,0,1
20190623230,2307,3,2,1
20190623231,2317,0,3,3
20190623232,2327,1,6,5
20190623233,2337,7,1,6
20190623234,2347,5,0,5
20190623235,2357,3,3,0
20190623236,2367,8,4,4
20190623237,2377,2,6,4
20190623238,2387,6,6,0
20190623239,2397,9,6,3
20190623240,2407,7,9,2
20190623241,2417,9,5,4
20190623242,2427,8,0,8
20190623243,2437,8,7,1
20190623244,2447,7,8,1
20190623245,2457,6,8,2
20190623246,2467,3,8,5
20190623247,2477,4,0,4
20190623248,2487,8,3,5
20190623249,2497,8,5,3
20190623250,2507,4,3,1
20190623251,2517,7,0,7
20190623252,2527,5,1,4
20190623253,2537,7,7,0
20190623254,2547,9,3,6
20190623255,2557,2,3,1
20190623256,2567,3,0,3
20190623257,2577,3,2,1
20190623258,2587,8,4,4
20190623259,2597,4,2,2
20190623260,2607,4,3,1
20190623261,2617,4,6,2
20190623262,2627,4,5,1
20190623263,2637,2,4,2
20190623264,2647,1,4,3
20190623265,2657,3,1,2
20190623266,2667,4,0,4
20190623267,2677,2,8,6
20190623268,2687,7,9,2
20190623269,2697,0,5,5
20190623270,2707,3,5,2
20190623271,2717,7,7,0
20190623272,2727,6,4,2
20190623273,2737,4,3,1
20190623274,2747,3,4,1
20190623275,2757,4,4,0
20190623276,2767,2,0,2
20190623277,2777,2,2,0
20190623278,2787,9,5,4
20190623279,2797,2,6,4
20190623280,2807,9,2,7
20190623281,2817,0,5,5
20190623282,2827,1,9,8
20190623283,2837,5,2,3
20190623284,2847,2,5,3
20190623285,2857,4,2,2
20190623286,2867,8,2,6
20190623287,2877,3,4,1
20190623288,2887,2,1,1
20190624001,11,4,7,3
20190624002,21,0,9,9
20190624003,31,6,2,4
20190624004,41,6,1,5
20190624005,51,2,4,2
20190624006,61,0,3,3
20190624007,71,7,3,4
20190624008,81,3,9,6
20190624009,91,4,4,0
20190624010,101,1,4,3
20190624011,111,5,0,5
20190624012,121,8,2,6
20190624013,131,9,4,5
20190624014,141,4,8,4
20190624015,151,9,4,5
20190624016,161,2,0,2
20190624017,171,0,2,2
20190624018,181,2,2,0
20190624019,191,6,3,3
20190624020,201,6,1,5
20190624021,211,5,6,1
20190624022,221,5,3,2
20190624023,231,5,0,5
20190624024,241,1,9,8
20190624025,251,2,1,1
20190624026,261,4,8,4
20190624027,271,2,0,2
20190624028,281,0,3,3
20190624029,291,0,1,1
20190624030,301,1,3,2
20190624031,311,4,8,4
20190624032,321,5,2,3
20190624033,331,8,9,1
20190624034,341,7,0,7
20190624035,351,9,0,9
20190624036,361,8,3,5
20190624037,371,2,3,1
20190624038,381,3,8,5
20190624039,391,1,6,5
20190624040,401,1,7,6
20190624041,411,8,4,4
20190624042,421,2,5,3
20190624043,431,7,2,5
20190624044,441,6,4,2
20190624045,451,6,1,5
20190624046,461,4,6,2
20190624047,471,3,0,3
20190624048,481,0,5,5
20190624049,491,2,1,1
20190624050,501,6,4,2
20190624051,511,8,0,8
20190624052,521,8,6,2
20190624053,531,2,7,5
20190624054,541,7,3,4
20190624055,551,3,2,1
20190624056,561,4,0,4
20190624057,571,6,2,4
20190624058,581,0,4,4
20190624059,591,3,8,5
20190624060,601,8,4,4
20190624061,611,8,0,8
20190624062,621,9,2,7
20190624063,631,4,9,5
20190624064,641,4,2,2
20190624065,651,6,2,4
20190624066,661,8,7,1
20190624067,671,0,9,9
20190624068,681,1,2,1
20190624069,691,8,2,6
20190624070,701,3,6,3
20190624071,711,0,2,2
20190624072,721,5,6,1
20190624073,731,8,8,0
20190624074,741,7,7,0
20190624075,751,5,5,0
20190624076,761,0,3,3
20190624077,771,4,6,2
20190624078,781,9,0,9
20190624079,791,9,0,9
20190624080,801,7,9,2
20190624081,811,2,5,3
20190624082,821,2,3,1
20190624083,831,1,8,7
20190624084,841,5,8,3
20190624085,851,4,7,3
20190624086,861,0,3,3
20190624087,871,5,6,1
20190624088,881,0,7,7
20190624089,891,3,8,5
20190624090,901,1,7,6
20190624091,911,9,6,3
20190624092,921,2,7,5
20190624093,931,4,9,5
20190624094,941,2,5,3
20190624095,951,4,0,4
20190624096,961,3,8,5
20190624097,971,7,8,1
20190624098,981,5,8,3
20190624099,991,3,8,5
20190624100,1001,1,0,1
20190624101,1011,9,2,7
20190624102,1021,4,3,1
20190624103,1031,6,2,4
20190624104,1041,5,6,1
20190624105,1051,6,2,4
20190624106,1061,6,6,0
20190624107,1071,2,0,2
20190624108,1081,7,8,1
20190624109,1091,7,1,6
20190624110,1101,6,5,1
20190624111,1111,9,9,0
20190624112,1121,6,0,6
20190624113,1131,8,1,7
20190624114,1141,7,7,0
20190624115,1151,1,6,5
20190624116,1161,0,4,4
20190624117,1171,4,0,4
20190624118,1181,6,1,5
20190624119,1191,6,7,1
20190624120,1201,1,8,7
20190624121,1211,4,6,2
20190624122,1221,0,6,6
20190624123,1231,7,6,1
20190624124,1241,6,0,6
20190624125,1251,9,4,5
20190624126,1261,3,1,2
20190624127,1271,2,9,7
20190624128,1281,5,5,0
20190624129,1291,0,9,9
20190624130,1301,5,4,1
20190624131,1311,3,5,2
20190624132,1321,8,6,2
20190624133,1331,7,2,5
20190624134,1341,5,0,5
20190624135,1351,2,7,5
20190624136,1361,1,3,2
20190624137,1371,2,1,1
20190624138,1381,6,3,3
20190624139,1391,7,5,2
20190624140,1401,1,0,1
20190624141,1411,6,6,0
20190624142,1421,7,1,6
20190624143,1431,5,1,4
20190624144,1441,7,6,1
20190624145,1451,4,0,4
20190624146,1461,3,9,6
20190624147,1471,1,5,4
20190624148,1481,9,8,1
20190624149,1491,2,5,3
20190624150,1501,5,8,3
20190624151,1511,9,7,2
20190624152,1521,5,7,2
20190624153,1531,2,3,1
20190624154,1541,1,7,6
20190624155,1551,8,2,6
20190624156,1561,5,0,5
20190624157,1571,0,8,8
20190624158,1581,5,9,4
20190624159,1591,2,7,5
20190624160,1601,2,1,1
20190624161,1611,9,2,7
20190624162,1621,6,6,0
20190624163,1631,9,0,9
20190624164,1641,2,1,1
20190624165,1651,0,9,9
20190624166,1661,3,1,2
20190624167,1671,0,9,9
20190624168,1681,2,7,5
20190624169,1691,1,1,0
20190624170,1701,0,3,3
20190624171,1711,1,1,0
20190624172,1721,4,6,2
20190624173,1731,0,9,9
20190624174,1741,4,0,4
20190624175,1751,1,7,6
20190624176,1761,8,4,4
20190624177,1771,0,0,0
20190624178,1781,2,6,4
20190624179,1791,6,1,5
20190624180,1801,5,5,0
20190624181,1811,9,1,8
20190624182,1821,2,4,2
20190624183,1831,6,1,5
20190624184,1841,1,2,1
20190624185,1851,8,4,4
20190624186,1861,3,8,5
20190624187,1871,0,4,4
20190624188,1881,6,6,0
20190624189,1891,6,8,2
20190624190,1901,7,8,1
20190624191,1911,5,7,2
20190624192,1921,5,8,3
20190624193,1931,4,0,4
20190624194,1941,3,7,4
20190624195,1951,9,7,2
20190624196,1961,9,8,1
20190624197,1971,1,5,4
20190624198,1981,5,7,2
20190624199,1991,1,7,6
20190624200,2001,2,1,1
20190624201,2011,4,1,3
20190624202,2021,8,7,1
20190624203,2031,7,2,5
20190624204,2041,0,2,2
20190624205,2051,3,8,5
20190624206,2061,3,5,2
20190624207,2071,1,8,7
20190624208,2081,8,2,6
20190624209,2091,7,2,5
20190624210,2101,6,0,6
20190624211,2111,3,4,1
20190624212,2121,4,7,3
20190624213,2131,0,9,9
20190624214,2141,8,0,8
20190624215,2151,1,9,8
20190624216,2161,4,4,0
20190624217,2171,9,8,1
20190624218,2181,3,7,4
20190624219,2191,2,1,1
20190624220,2201,8,2,6
20190624221,2211,0,8,8
20190624222,2221,6,7,1
20190624223,2231,9,1,8
20190624224,2241,0,4,4
20190624225,2251,4,4,0
20190624226,2261,4,3,1
20190624227,2271,5,3,2
20190624228,2281,6,2,4
20190624229,2291,8,1,7
20190624230,2301,0,5,5
20190624231,2311,3,4,1
20190624232,2321,5,5,0
20190624233,2331,4,6,2
20190624234,2341,7,4,3
20190624235,2351,5,6,1
20190624236,2361,0,7,7
20190624237,2371,9,2,7
20190624238,2381,4,5,1
20190624239,2391,7,8,1
20190624240,2401,6,0,6
20190624241,2411,5,7,2
20190624242,2421,0,5,5
20190624243,2431,2,5,3
20190624244,2441,7,1,6
20190624245,2451,4,4,0
20190624246,2461,4,7,3
20190624247,2471,8,7,1
20190624248,2481,0,5,5
20190624249,2491,3,9,6
20190624250,2501,7,7,0
20190624251,2511,9,1,8
20190624252,2521,4,0,4
20190624253,2531,3,0,3
20190624254,2541,4,9,5
20190624255,2551,7,0,7
20190624256,2561,0,4,4
20190624257,2571,1,0,1
20190624258,2581,4,9,5
20190624259,2591,3,7,4
20190624260,2601,4,0,4
20190624261,2611,4,4,0
20190624262,2621,6,5,1
20190624263,2631,3,1,2
20190624264,2641,3,9,6
20190624265,2651,1,3,2
20190624266,2661,6,0,6
20190624267,2671,0,7,7
20190624268,2681,0,5,5
20190624269,2691,9,3,6
20190624270,2701,2,3,1
20190624271,2711,3,7,4
20190624272,2721,3,3,0
20190624273,2731,8,5,3
20190624274,2741,6,1,5
20190624275,2751,9,7,2
20190624276,2761,2,6,4
20190624277,2771,4,2,2
20190624278,2781,4,0,4
20190624279,2791,5,8,3
20190624280,2801,6,3,3
20190624281,2811,3,3,0
20190624282,2821,2,4,2
20190624283,2831,4,8,4
20190624284,2841,9,0,9
20190624285,2851,0,9,9
20190624286,2861,7,8,1
20190624287,2871,1,7,6
20190624288,2881,5,0,5
20190625001,12,8,3,5
20190625002,22,6,1,5
20190625003,32,9,8,1
20190625004,42,2,3,1
20190625005,52,1,3,2
20190625006,62,9,0,9
20190625007,72,9,6,3
20190625008,82,0,7,7
20190625009,92,9,8,1
20190625010,102,5,9,4
20190625011,112,2,5,3
20190625012,122,2,9,7
20190625013,132,2,1,1
20190625014,142,9,7,2
20190625015,152,8,7,1
20190625016,162,8,0,8
20190625017,172,4,6,2
20190625018,182,3,4,1
20190625019,192,1,7,6
20190625020,202,2,1,1
20190625021,212,6,5,1
20190625022,222,3,0,3
20190625023,232,7,6,1
20190625024,242,2,3,1
20190625025,252,5,8,3
20190625026,262,0,1,1
20190625027,272,2,5,3
20190625028,282,4,2,2
20190625029,292,9,1,8
20190625030,302,5,0,5
20190625031,312,8,2,6
20190625032,322,4,5,1
20190625033,332,5,8,3
20190625034,342,5,6,1
20190625035,352,3,2,1
20190625036,362,1,4,3
20190625037,372,6,0,6
20190625038,382,6,8,2
20190625039,392,0,3,3
20190625040,402,6,0,6
20190625041,412,2,9,7
20190625042,422,3,9,6
20190625043,432,2,4,2
20190625044,442,4,4,0
20190625045,452,6,2,4
20190625046,462,9,3,6
20190625047,472,4,0,4
20190625048,482,4,1,3
20190625049,492,1,4,3
20190625050,502,6,9,3
20190625051,512,6,1,5
20190625052,522,2,7,5
20190625053,532,9,8,1
20190625054,542,3,7,4
20190625055,552,9,8,1
20190625056,562,4,6,2
20190625057,572,1,2,1
20190625058,582,0,3,3
20190625059,592,5,6,1
20190625060,602,9,5,4
20190625061,612,2,1,1
20190625062,622,4,8,4
20190625063,632,5,0,5
20190625064,642,8,5,3
20190625065,652,7,0,7
20190625066,662,3,2,1
20190625067,672,5,8,3
20190625068,682,3,8,5
20190625069,692,7,1,6
20190625070,702,3,0,3
20190625071,712,9,0,9
20190625072,722,7,1,6
20190625073,732,1,7,6
20190625074,742,6,9,3
20190625075,752,8,5,3
20190625076,762,5,8,3
20190625077,772,4,1,3
20190625078,782,4,8,4
20190625079,792,1,4,3
20190625080,802,0,5,5
20190625081,812,3,8,5
20190625082,822,8,0,8
20190625083,832,9,1,8
20190625084,842,5,0,5
20190625085,852,4,4,0
20190625086,862,2,4,2
20190625087,872,7,5,2
20190625088,882,8,8,0
20190625089,892,2,7,5
20190625090,902,5,4,1
20190625091,912,0,3,3
20190625092,922,3,2,1
20190625093,932,7,4,3
20190625094,942,9,6,3
20190625095,952,2,4,2
20190625096,962,7,8,1
20190625097,972,7,0,7
20190625098,982,4,6,2
20190625099,992,7,4,3
20190625100,1002,8,0,8
20190625101,1012,4,3,1
20190625102,1022,9,1,8
20190625103,1032,4,0,4
20190625104,1042,8,9,1
20190625105,1052,4,7,3
20190625106,1062,0,1,1
20190625107,1072,4,3,1
20190625108,1082,1,0,1
20190625109,1092,3,3,0
20190625110,1102,0,7,7
20190625111,1112,9,1,8
20190625112,1122,4,9,5
20190625113,1132,5,9,4
20190625114,1142,9,9,0
20190625115,1152,4,7,3
20190625116,1162,1,1,0
20190625117,1172,6,6,0
20190625118,1182,6,7,1
20190625119,1192,6,4,2
20190625120,1202,6,6,0
20190625121,1212,3,1,2
20190625122,1222,0,3,3
20190625123,1232,0,6,6
20190625124,1242,6,2,4
20190625125,1252,1,5,4
20190625126,1262,7,8,1
20190625127,1272,6,1,5
20190625128,1282,5,1,4
20190625129,1292,8,7,1
20190625130,1302,4,2,2
20190625131,1312,1,6,5
20190625132,1322,6,8,2
20190625133,1332,3,8,5
20190625134,1342,8,3,5
20190625135,1352,1,8,7
20190625136,1362,4,5,1
20190625137,1372,8,6,2
20190625138,1382,7,8,1
20190625139,1392,8,1,7
20190625140,1402,9,6,3
20190625141,1412,7,4,3
20190625142,1422,3,2,1
20190625143,1432,8,7,1
20190625144,1442,8,0,8
20190625145,1452,9,1,8
20190625146,1462,1,7,6
20190625147,1472,8,7,1
20190625148,1482,7,1,6
20190625149,1492,2,7,5
20190625150,1502,6,6,0
20190625151,1512,2,9,7
20190625152,1522,1,3,2
20190625153,1532,1,9,8
20190625154,1542,5,7,2
20190625155,1552,1,6,5
20190625156,1562,7,9,2
20190625157,1572,4,8,4
20190625158,1582,0,0,0
20190625159,1592,6,5,1
20190625160,1602,8,4,4
20190625161,1612,4,2,2
20190625162,1622,0,1,1
20190625163,1632,0,2,2
20190625164,1642,9,2,7
20190625165,1652,7,3,4
20190625166,1662,4,5,1
20190625167,1672,4,5,1
20190625168,1682,5,3,2
20190625169,1692,2,7,5
20190625170,1702,2,1,1
20190625171,1712,2,9,7
20190625172,1722,7,6,1
20190625173,1732,3,0,3
20190625174,1742,9,0,9
20190625175,1752,7,1,6
20190625176,1762,3,7,4
20190625177,1772,0,8,8
20190625178,1782,4,9,5
20190625179,1792,6,0,6
20190625180,1802,3,8,5
20190625181,1812,5,1,4
20190625182,1822,4,0,4
20190625183,1832,7,3,4
20190625184,1842,5,2,3
20190625185,1852,6,4,2
20190625186,1862,4,0,4
20190625187,1872,7,2,5
20190625188,1882,4,6,2
20190625189,1892,3,8,5
20190625190,1902,8,6,2
20190625191,1912,0,9,9
20190625192,1922,3,4,1
20190625193,1932,2,4,2
20190625194,1942,9,6,3
20190625195,1952,2,5,3
20190625196,1962,4,8,4
20190625197,1972,8,3,5
20190625198,1982,3,3,0
20190625199,1992,7,4,3
20190625200,2002,9,9,0
20190625201,2012,6,7,1
20190625202,2022,2,4,2
20190625203,2032,6,4,2
20190625204,2042,5,9,4
20190625205,2052,5,9,4
20190625206,2062,3,3,0
20190625207,2072,6,9,3
20190625208,2082,0,7,7
20190625209,2092,0,4,4
20190625210,2102,4,2,2
20190625211,2112,7,9,2
20190625212,2122,2,3,1
20190625213,2132,9,0,9
20190625214,2142,6,3,3
20190625215,2152,3,2,1
20190625216,2162,7,8,1
20190625217,2172,4,6,2
20190625218,2182,1,4,3
20190625219,2192,6,1,5
20190625220,2202,7,2,5
20190625221,2212,4,6,2
20190625222,2222,3,9,6
20190625223,2232,9,8,1
20190625224,2242,5,2,3
20190625225,2252,7,8,1
20190625226,2262,9,0,9
20190625227,2272,8,6,2
20190625228,2282,4,6,2
20190625229,2292,8,2,6
20190625230,2302,3,7,4
20190625231,2312,9,3,6
20190625232,2322,7,5,2
20190625233,2332,6,6,0
20190625234,2342,0,0,0
20190625235,2352,9,1,8
20190625236,2362,8,1,7
20190625237,2372,1,4,3
20190625238,2382,1,4,3
20190625239,2392,6,2,4
20190625240,2402,5,0,5
20190625241,2412,6,8,2
20190625242,2422,5,4,1
20190625243,2432,9,2,7
20190625244,2442,8,5,3
20190625245,2452,3,5,2
20190625246,2462,6,9,3
20190625247,2472,1,3,2
20190625248,2482,6,4,2
20190625249,2492,8,5,3
20190625250,2502,0,0,0
20190625251,2512,0,2,2
20190625252,2522,4,2,2
20190625253,2532,6,7,1
20190625254,2542,5,0,5
20190625255,2552,0,2,2
20190625256,2562,3,5,2
20190625257,2572,0,5,5
20190625258,2582,5,2,3
20190625259,2592,2,1,1
20190625260,2602,6,7,1
20190625261,2612,3,2,1
20190625262,2622,5,1,4
20190625263,2632,9,5,4
20190625264,2642,0,4,4
20190625265,2652,6,3,3
20190625266,2662,6,6,0
20190625267,2672,8,0,8
20190625268,2682,7,8,1
20190625269,2692,1,1,0
20190625270,2702,5,5,0
20190625271,2712,0,4,4
20190625272,2722,4,0,4
20190625273,2732,1,4,3
20190625274,2742,9,3,6
20190625275,2752,2,3,1
20190625276,2762,6,5,1
20190625277,2772,8,3,5
20190625278,2782,2,7,5
20190625279,2792,4,1,3
20190625280,2802,7,3,4
20190625281,2812,5,2,3
20190625282,2822,6,0,6
20190625283,2832,8,6,2
20190625284,2842,8,1,7
20190625285,2852,7,5,2
20190625286,2862,8,3,5
20190625287,2872,2,7,5
20190625288,2882,2,0,2
20190626001,13,0,4,4
20190626002,23,5,5,0
20190626003,33,2,9,7
20190626004,43,9,1,8
20190626005,53,9,4,5
20190626006,63,6,4,2
20190626007,73,6,2,4
20190626008,83,4,0,4
20190626009,93,6,0,6
20190626010,103,5,9,4
20190626011,113,5,9,4
20190626012,123,9,2,7
20190626013,133,9,4,5
20190626014,143,8,0,8
20190626015,153,9,8,1
20190626016,163,2,3,1
20190626017,173,7,5,2
20190626018,183,4,6,2
20190626019,193,7,6,1
20190626020,203,9,1,8
20190626021,213,7,7,0
20190626022,223,6,7,1
20190626023,233,1,4,3
20190626024,243,9,9,0
20190626025,253,2,9,7
20190626026,263,5,1,4
20190626027,273,8,6,2
20190626028,283,7,8,1
20190626029,293,9,8,1
20190626030,303,3,2,1
20190626031,313,3,8,5
20190626032,323,5,9,4
20190626033,333,5,7,2
20190626034,343,0,2,2
20190626035,353,7,4,3
20190626036,363,4,0,4
20190626037,373,6,4,2
20190626038,383,7,9,2
20190626039,393,7,1,6
20190626040,403,0,5,5
20190626041,413,2,2,0
20190626042,423,5,9,4
20190626043,433,1,8,7
20190626044,443,6,2,4
20190626045,453,0,1,1
20190626046,463,8,4,4
20190626047,473,5,6,1
20190626048,483,8,5,3
20190626049,493,5,6,1
20190626050,503,9,4,5
20190626051,513,5,0,5
20190626052,523,2,8,6
20190626053,533,2,9,7
20190626054,543,3,3,0
20190626055,553,4,5,1
20190626056,563,7,5,2
20190626057,573,2,1,1
20190626058,583,2,0,2
20190626059,593,0,9,9
20190626060,603,5,8,3
20190626061,613,8,3,5
20190626062,623,7,3,4
20190626063,633,8,4,4
20190626064,643,4,2,2
20190626065,653,1,9,8
20190626066,663,7,9,2
20190626067,673,3,2,1
20190626068,683,1,0,1
20190626069,693,1,5,4
20190626070,703,2,5,3
20190626071,713,8,5,3
20190626072,723,2,7,5
20190626073,733,7,2,5
20190626074,743,1,9,8
20190626075,753,9,8,1
20190626076,763,5,5,0
20190626077,773,7,7,0
20190626078,783,3,6,3
20190626079,793,3,2,1
20190626080,803,8,9,1
20190626081,813,2,0,2
20190626082,823,6,2,4
20190626083,833,1,1,0
20190626084,843,6,7,1
20190626085,853,2,5,3
20190626086,863,4,4,0
20190626087,873,5,9,4
20190626088,883,8,6,2
20190626089,893,8,4,4
20190626090,903,8,6,2
20190626091,913,9,1,8
20190626092,923,6,2,4
20190626093,933,8,5,3
20190626094,943,9,7,2
20190626095,953,0,7,7
20190626096,963,8,7,1
20190626097,973,8,8,0
20190626098,983,4,2,2
20190626099,993,1,0,1
20190626100,1003,2,4,2
20190626101,1013,8,2,6
20190626102,1023,9,6,3
20190626103,1033,9,3,6
20190626104,1043,4,9,5
20190626105,1053,6,2,4
20190626106,1063,3,8,5
20190626107,1073,4,1,3
20190626108,1083,5,0,5
20190626109,1093,6,9,3
20190626110,1103,2,0,2
20190626111,1113,3,1,2
20190626112,1123,8,3,5
20190626113,1133,7,0,7
20190626114,1143,5,9,4
20190626115,1153,7,4,3
20190626116,1163,9,6,3
20190626117,1173,2,8,6
20190626118,1183,4,6,2
20190626119,1193,8,0,8
20190626120,1203,6,2,4
20190626121,1213,7,2,5
20190626122,1223,1,2,1
20190626123,1233,9,2,7
20190626124,1243,8,7,1
20190626125,1253,0,9,9
20190626126,1263,6,3,3
20190626127,1273,6,4,2
20190626128,1283,7,6,1
20190626129,1293,5,4,1
20190626130,1303,3,1,2
20190626131,1313,1,4,3
20190626132,1323,7,9,2
20190626133,1333,4,3,1
20190626134,1343,4,1,3
20190626135,1353,3,4,1
20190626136,1363,5,4,1
20190626137,1373,4,4,0
20190626138,1383,5,2,3
20190626139,1393,2,9,7
20190626140,1403,1,9,8
20190626141,1413,1,7,6
20190626142,1423,2,4,2
20190626143,1433,3,3,0
20190626144,1443,6,0,6
20190626145,1453,1,5,4
20190626146,1463,0,9,9
20190626147,1473,5,1,4
20190626148,1483,2,9,7
20190626149,1493,7,5,2
20190626150,1503,2,0,2
20190626151,1513,0,0,0
20190626152,1523,9,7,2
20190626153,1533,2,0,2
20190626154,1543,6,3,3
20190626155,1553,3,5,2
20190626156,1563,1,1,0
20190626157,1573,6,3,3
20190626158,1583,3,4,1
20190626159,1593,4,1,3
20190626160,1603,2,5,3
20190626161,1613,3,7,4
20190626162,1623,4,6,2
20190626163,1633,2,4,2
20190626164,1643,4,7,3
20190626165,1653,3,9,6
20190626166,1663,2,2,0
20190626167,1673,1,8,7
20190626168,1683,5,0,5
20190626169,1693,8,4,4
20190626170,1703,0,5,5
20190626171,1713,5,8,3
20190626172,1723,5,1,4
20190626173,1733,5,1,4
20190626174,1743,0,8,8
20190626175,1753,9,6,3
20190626176,1763,8,2,6
20190626177,1773,8,4,4
20190626178,1783,6,3,3
20190626179,1793,7,6,1
20190626180,1803,0,1,1
20190626181,1813,6,4,2
20190626182,1823,2,4,2
20190626183,1833,3,0,3
20190626184,1843,0,5,5
20190626185,1853,0,8,8
20190626186,1863,0,0,0
20190626187,1873,7,1,6
20190626188,1883,8,7,1
20190626189,1893,4,8,4
20190626190,1903,4,2,2
20190626191,1913,9,6,3
20190626192,1923,0,4,4
20190626193,1933,4,1,3
20190626194,1943,3,0,3
20190626195,1953,9,0,9
20190626196,1963,3,4,1
20190626197,1973,8,9,1
20190626198,1983,4,6,2
20190626199,1993,5,0,5
20190626200,2003,1,2,1
20190626201,2013,5,4,1
20190626202,2023,3,5,2
20190626203,2033,6,0,6
20190626204,2043,0,7,7
20190626205,2053,5,8,3
20190626206,2063,7,3,4
20190626207,2073,9,0,9
20190626208,2083,5,9,4
20190626209,2093,4,2,2
20190626210,2103,9,2,7
20190626211,2113,7,6,1
20190626212,2123,8,9,1
20190626213,2133,6,8,2
20190626214,2143,3,2,1
20190626215,2153,9,7,2
20190626216,2163,9,3,6
20190626217,2173,0,9,9
20190626218,2183,2,2,0
20190626219,2193,1,8,7
20190626220,2203,2,7,5
20190626221,2213,7,0,7
20190626222,2223,2,3,1
20190626223,2233,5,5,0
20190626224,2243,0,7,7
20190626225,2253,6,6,0
20190626226,2263,2,9,7
20190626227,2273,4,8,4
20190626228,2283,7,9,2
20190626229,2293,3,1,2
20190626230,2303,3,3,0
20190626231,2313,2,8,6
20190626232,2323,2,9,7
20190626233,2333,4,5,1
20190626234,2343,3,2,1
20190626235,2353,3,5,2
20190626236,2363,9,9,0
20190626237,2373,0,4,4
20190626238,2383,1,3,2
20190626239,2393,0,7,7
20190626240,2403,3,6,3
20190626241,2413,0,1,1
20190626242,2423,7,4,3
20190626243,2433,5,0,5
20190626244,2443,4,9,5
20190626245,2453,9,8,1
20190626246,2463,5,3,2
20190626247,2473,3,5,2
20190626248,2483,0,8,8
20190626249,2493,2,9,7
20190626250,2503,7,4,3
20190626251,2513,5,8,3
20190626252,2523,3,9,6
20190626253,2533,5,7,2
20190626254,2543,7,1,6
20190626255,2553,0,4,4
20190626256,2563,0,7,7
20190626257,2573,1,6,5
20190626258,2583,7,0,7
20190626259,2593,7,4,3
20190626260,2603,5,4,1
20190626261,2613,6,9,3
20190626262,2623,7,9,2
20190626263,2633,8,3,5
20190626264,2643,4,3,1
20190626265,2653,1,3,2
20190626266,2663,0,1,1
20190626267,2673,1,9,8
20190626268,2683,4,2,2
20190626269,2693,7,3,4
20190626270,2703,2,9,7
20190626271,2713,8,0,8
20190626272,2723,2,3,1
20190626273,2733,2,2,0
20190626274,2743,3,4,1
20190626275,2753,0,6,6
20190626276,2763,1,5,4
20190626277,2773,6,6,0
20190626278,2783,0,0,0
20190626279,2793,5,1,4
20190626280,2803,7,7,0
20190626281,2813,9,9,0
20190626282,2823,0,4,4
20190626283,2833,7,2,5
20190626284,2843,5,0,5
20190626285,2853,9,2,7
20190626286,2863,5,3,2
20190626287,2873,6,2,4
20190626288,2883,3,4,1
20190627001,14,2,0,2
20190627002,24,4,3,1
20190627003,34,5,1,4
20190627004,44,0,6,6
20190627005,54,3,4,1
20190627006,64,5,3,2
20190627007,74,4,0,4
20190627008,84,0,8,8
20190627009,94,5,9,4
20190627010,104,2,3,1
20190627011,114,0,9,9
20190627012,124,0,4,4
20190627013,134,9,0,9
20190627014,144,7,9,2
20190627015,154,4,5,1
20190627016,164,9,7,2
20190627017,174,1,2,1
20190627018,184,0,4,4
20190627019,194,6,4,2
20190627020,204,5,4,1
20190627021,214,3,6,3
20190627022,224,3,7,4
20190627023,234,6,9,3
20190627024,244,1,1,0
20190627025,254,0,8,8
20190627026,264,9,5,4
20190627027,274,3,9,6
20190627028,284,6,9,3
20190627029,294,1,7,6
20190627030,304,2,3,1
20190627031,314,7,6,1
20190627032,324,7,6,1
20190627033,334,2,6,4
20190627034,344,0,6,6
20190627035,354,4,0,4
20190627036,364,5,8,3
20190627037,374,5,2,3
20190627038,384,1,4,3
20190627039,394,3,1,2
20190627040,404,3,3,0
20190627041,414,9,0,9
20190627042,424,0,8,8
20190627043,434,8,4,4
20190627044,444,7,6,1
20190627045,454,0,9,9
20190627046,464,4,9,5
20190627047,474,6,8,2
20190627048,484,3,1,2
20190627049,494,7,1,6
20190627050,504,7,1,6
20190627051,514,0,6,6
20190627052,524,6,6,0
20190627053,534,4,6,2
20190627054,544,8,5,3
20190627055,554,6,6,0
20190627056,564,8,2,6
20190627057,574,2,4,2
20190627058,584,5,6,1
20190627059,594,1,1,0
20190627060,604,2,6,4
20190627061,614,8,7,1
20190627062,624,4,9,5
20190627063,634,7,0,7
20190627064,644,6,0,6
20190627065,654,5,0,5
20190627066,664,4,1,3
20190627067,674,9,9,0
20190627068,684,2,3,1
20190627069,694,5,9,4
20190627070,704,0,2,2
20190627071,714,6,2,4
20190627072,724,0,8,8
20190627073,734,7,1,6
20190627074,744,5,4,1
20190627075,754,9,8,1
20190627076,764,3,7,4
20190627077,774,7,4,3
20190627078,784,5,5,0
20190627079,794,9,8,1
20190627080,804,3,7,4
20190627081,814,3,4,1
20190627082,824,3,8,5
20190627083,834,0,5,5
20190627084,844,9,4,5
20190627085,854,4,0,4
20190627086,864,8,4,4
20190627087,874,8,8,0
20190627088,884,9,3,6
20190627089,894,0,1,1
20190627090,904,4,7,3
20190627091,914,7,6,1
20190627092,924,0,7,7
20190627093,934,2,6,4
20190627094,944,2,0,2
20190627095,954,5,6,1
20190627096,964,5,8,3
20190627097,974,4,0,4
20190627098,984,0,5,5
20190627099,994,3,3,0
20190627100,1004,4,3,1
20190627101,1014,2,3,1
20190627102,1024,6,8,2
20190627103,1034,2,9,7
20190627104,1044,0,5,5
20190627105,1054,0,2,2
20190627106,1064,2,0,2
20190627107,1074,2,5,3
20190627108,1084,3,3,0
20190627109,1094,4,9,5
20190627110,1104,1,0,1
20190627111,1114,0,9,9
20190627112,1124,7,9,2
20190627113,1134,1,2,1
20190627114,1144,2,8,6
20190627115,1154,9,5,4
20190627116,1164,5,5,0
20190627117,1174,1,7,6
20190627118,1184,8,2,6
20190627119,1194,4,8,4
20190627120,1204,6,2,4
20190627121,1214,3,4,1
20190627122,1224,2,3,1
20190627123,1234,6,8,2
20190627124,1244,3,6,3
20190627125,1254,6,3,3
20190627126,1264,9,4,5
20190627127,1274,8,8,0
20190627128,1284,6,7,1
20190627129,1294,0,9,9
20190627130,1304,7,7,0
20190627131,1314,8,0,8
20190627132,1324,6,9,3
20190627133,1334,2,6,4
20190627134,1344,4,4,0
20190627135,1354,3,7,4
20190627136,1364,8,8,0
20190627137,1374,5,1,4
20190627138,1384,8,0,8
20190627139,1394,9,8,1
20190627140,1404,4,0,4
20190627141,1414,3,6,3
20190627142,1424,2,6,4
20190627143,1434,4,0,4
20190627144,1444,4,0,4
20190627145,1454,0,8,8
20190627146,1464,3,5,2
20190627147,1474,1,4,3
20190627148,1484,7,6,1
20190627149,1494,8,9,1
20190627150,1504,5,9,4
20190627151,1514,3,2,1
20190627152,1524,7,7,0
20190627153,1534,1,3,2
20190627154,1544,5,7,2
20190627155,1554,5,6,1
20190627156,1564,5,7,2
20190627157,1574,2,7,5
20190627158,1584,2,6,4
20190627159,1594,9,1,8
20190627160,1604,7,8,1
20190627161,1614,6,0,6
20190627162,1624,2,9,7
20190627163,1634,5,7,2
20190627164,1644,6,3,3
20190627165,1654,1,8,7
20190627166,1664,1,0,1
20190627167,1674,6,5,1
20190627168,1684,8,7,1
20190627169,1694,7,9,2
20190627170,1704,1,2,1
20190627171,1714,1,1,0
20190627172,1724,2,7,5
20190627173,1734,2,7,5
20190627174,1744,8,8,0
20190627175,1754,8,6,2
20190627176,1764,6,2,4
20190627177,1774,7,8,1
20190627178,1784,7,9,2
20190627179,1794,4,9,5
20190627180,1804,1,4,3
20190627181,1814,4,1,3
20190627182,1824,2,9,7
20190627183,1834,3,2,1
20190627184,1844,8,5,3
20190627185,1854,8,8,0
20190627186,1864,1,8,7
20190627187,1874,0,7,7
20190627188,1884,4,9,5
20190627189,1894,7,1,6
20190627190,1904,0,3,3
20190627191,1914,3,8,5
20190627192,1924,9,8,1
20190627193,1934,7,2,5
20190627194,1944,3,4,1
20190627195,1954,6,3,3
20190627196,1964,6,0,6
20190627197,1974,4,3,1
20190627198,1984,7,9,2
20190627199,1994,4,9,5
20190627200,2004,5,4,1
20190627201,2014,4,5,1
20190627202,2024,4,9,5
20190627203,2034,2,6,4
20190627204,2044,0,3,3
20190627205,2054,9,6,3
20190627206,2064,7,2,5
20190627207,2074,9,6,3
20190627208,2084,9,4,5
20190627209,2094,0,1,1
20190627210,2104,7,7,0
20190627211,2114,1,2,1
20190627212,2124,0,6,6
20190627213,2134,8,1,7
20190627214,2144,7,1,6
20190627215,2154,3,6,3
20190627216,2164,6,1,5
20190627217,2174,5,3,2
20190627218,2184,4,1,3
20190627219,2194,1,0,1
20190627220,2204,3,4,1
20190627221,2214,8,5,3
20190627222,2224,9,6,3
20190627223,2234,3,0,3
20190627224,2244,6,7,1
20190627225,2254,6,2,4
20190627226,2264,7,2,5
20190627227,2274,6,0,6
20190627228,2284,9,3,6
20190627229,2294,2,2,0
20190627230,2304,6,2,4
20190627231,2314,4,9,5
20190627232,2324,4,7,3
20190627233,2334,6,8,2
20190627234,2344,3,0,3
20190627235,2354,1,7,6
20190627236,2364,4,2,2
20190627237,2374,6,9,3
20190627238,2384,3,7,4
20190627239,2394,5,5,0
20190627240,2404,0,7,7
20190627241,2414,8,8,0
20190627242,2424,3,0,3
20190627243,2434,2,6,4
20190627244,2444,9,7,2
20190627245,2454,7,0,7
20190627246,2464,7,7,0
20190627247,2474,7,4,3
20190627248,2484,6,8,2
20190627249,2494,8,2,6
20190627250,2504,7,0,7
20190627251,2514,9,1,8
20190627252,2524,5,9,4
20190627253,2534,5,1,4
20190627254,2544,4,8,4
20190627255,2554,0,5,5
20190627256,2564,8,9,1
20190627257,2574,7,1,6
20190627258,2584,2,8,6
20190627259,2594,5,3,2
20190627260,2604,0,9,9
20190627261,2614,5,4,1
20190627262,2624,7,1,6
20190627263,2634,1,3,2
20190627264,2644,7,3,4
20190627265,2654,9,6,3
20190627266,2664,2,6,4
20190627267,2674,4,8,4
20190627268,2684,2,0,2
20190627269,2694,0,7,7
20190627270,2704,8,1,7
20190627271,2714,5,7,2
20190627272,2724,1,7,6
20190627273,2734,3,2,1
20190627274,2744,7,8,1
20190627275,2754,9,9,0
20190627276,2764,1,1,0
20190627277,2774,1,6,5
20190627278,2784,7,3,4
20190627279,2794,6,8,2
20190627280,2804,7,1,6
20190627281,2814,9,0,9
20190627282,2824,5,7,2
20190627283,2834,1,3,2
20190627284,2844,0,0,0
20190627285,2854,8,4,4
20190627286,2864,5,3,2
20190627287,2874,8,9,1
20190627288,2884,5,1,4
20190628001,15,7,3,4
20190628002,25,3,2,1
20190628003,35,0,1,1
20190628004,45,1,8,7
20190628005,55,7,5,2
20190628006,65,9,5,4
20190628007,75,1,3,2
20190628008,85,6,0,6
20190628009,95,5,8,3
20190628010,105,4,1,3
20190628011,115,2,2,0
20190628012,125,3,9,6
20190628013,135,0,2,2
20190628014,145,0,9,9
20190628015,155,9,1,8
20190628016,165,9,5,4
20190628017,175,0,7,7
20190628018,185,3,6,3
20190628019,195,4,2,2
20190628020,205,2,8,6
20190628021,215,5,4,1
20190628022,225,1,0,1
20190628023,235,3,7,4
20190628024,245,7,2,5
20190628025,255,9,1,8
20190628026,265,1,4,3
20190628027,275,8,4,4
20190628028,285,2,5,3
20190628029,295,7,0,7
20190628030,305,2,8,6
20190628031,315,6,1,5
20190628032,325,4,4,0
20190628033,335,3,3,0
20190628034,345,0,8,8
20190628035,355,2,4,2
20190628036,365,2,3,1
20190628037,375,3,9,6
20190628038,385,3,2,1
20190628039,395,5,7,2
20190628040,405,9,5,4
20190628041,415,9,6,3
20190628042,425,8,5,3
20190628043,435,0,2,2
20190628044,445,1,8,7
20190628045,455,6,8,2
20190628046,465,7,5,2
20190628047,475,7,5,2
20190628048,485,5,8,3
20190628049,495,3,1,2
20190628050,505,3,2,1
20190628051,515,2,4,2
20190628052,525,7,2,5
20190628053,535,8,8,0
20190628054,545,2,1,1
20190628055,555,8,7,1
20190628056,565,4,2,2
20190628057,575,8,5,3
20190628058,585,7,1,6
20190628059,595,5,7,2
20190628060,605,3,1,2
20190628061,615,1,9,8
20190628062,625,6,0,6
20190628063,635,6,2,4
20190628064,645,9,5,4
20190628065,655,1,8,7
20190628066,665,6,0,6
20190628067,675,5,3,2
20190628068,685,6,9,3
20190628069,695,7,4,3
20190628070,705,0,6,6
20190628071,715,8,5,3
20190628072,725,8,9,1
20190628073,735,1,0,1
20190628074,745,7,2,5
20190628075,755,2,5,3
20190628076,765,2,6,4
20190628077,775,8,7,1
20190628078,785,2,6,4
20190628079,795,3,4,1
20190628080,805,2,5,3
20190628081,815,9,8,1
20190628082,825,0,1,1
20190628083,835,0,7,7
20190628084,845,8,2,6
20190628085,855,2,2,0
20190628086,865,6,6,0
20190628087,875,7,1,6
20190628088,885,9,1,8
20190628089,895,1,2,1
20190628090,905,0,3,3
20190628091,915,9,7,2
20190628092,925,3,6,3
20190628093,935,6,1,5
20190628094,945,5,2,3
20190628095,955,2,8,6
20190628096,965,6,2,4
20190628097,975,8,5,3
20190628098,985,1,8,7
20190628099,995,0,4,4
20190628100,1005,6,3,3
20190628101,1015,1,2,1
20190628102,1025,3,2,1
20190628103,1035,4,7,3
20190628104,1045,4,1,3
20190628105,1055,0,0,0
20190628106,1065,8,9,1
20190628107,1075,9,0,9
20190628108,1085,9,1,8
20190628109,1095,6,2,4
20190628110,1105,1,8,7
20190628111,1115,2,2,0
20190628112,1125,8,6,2
20190628113,1135,6,9,3
20190628114,1145,1,1,0
20190628115,1155,3,9,6
20190628116,1165,0,5,5
20190628117,1175,3,0,3
20190628118,1185,7,9,2
20190628119,1195,6,7,1
20190628120,1205,5,6,1
20190628121,1215,7,2,5
20190628122,1225,7,0,7
20190628123,1235,8,8,0
20190628124,1245,1,4,3
20190628125,1255,9,6,3
20190628126,1265,0,0,0
20190628127,1275,3,8,5
20190628128,1285,2,3,1
20190628129,1295,3,1,2
20190628130,1305,9,0,9
20190628131,1315,1,3,2
20190628132,1325,3,5,2
20190628133,1335,5,6,1
20190628134,1345,2,6,4
20190628135,1355,5,0,5
20190628136,1365,2,0,2
20190628137,1375,3,1,2
20190628138,1385,3,4,1
20190628139,1395,4,4,0
20190628140,1405,1,4,3
20190628141,1415,2,8,6
20190628142,1425,2,0,2
20190628143,1435,4,0,4
20190628144,1445,6,9,3
20190628145,1455,3,5,2
20190628146,1465,6,4,2
20190628147,1475,1,3,2
20190628148,1485,1,5,4
20190628149,1495,4,8,4
20190628150,1505,5,1,4
20190628151,1515,9,5,4
20190628152,1525,9,0,9
20190628153,1535,3,4,1
20190628154,1545,7,2,5
20190628155,1555,4,0,4
20190628156,1565,2,0,2
20190628157,1575,2,4,2
20190628158,1585,5,9,4
20190628159,1595,4,6,2
20190628160,1605,0,5,5
20190628161,1615,0,9,9
20190628162,1625,5,5,0
20190628163,1635,3,7,4
20190628164,1645,8,2,6
20190628165,1655,3,3,0
20190628166,1665,5,6,1
20190628167,1675,9,6,3
20190628168,1685,7,7,0
20190628169,1695,3,4,1
20190628170,1705,6,9,3
20190628171,1715,1,4,3
20190628172,1725,5,0,5
20190628173,1735,8,6,2
20190628174,1745,5,9,4
20190628175,1755,3,4,1
20190628176,1765,0,2,2
20190628177,1775,6,5,1
20190628178,1785,6,9,3
20190628179,1795,2,0,2
20190628180,1805,2,1,1
20190628181,1815,1,5,4
20190628182,1825,6,0,6
20190628183,1835,9,7,2
20190628184,1845,6,0,6
20190628185,1855,6,0,6
20190628186,1865,8,1,7
20190628187,1875,2,1,1
20190628188,1885,4,3,1
20190628189,1895,1,7,6
20190628190,1905,7,1,6
20190628191,1915,7,3,4
20190628192,1925,2,8,6
20190628193,1935,8,4,4
20190628194,1945,1,6,5
20190628195,1955,9,0,9
20190628196,1965,7,0,7
20190628197,1975,6,7,1
20190628198,1985,8,1,7
20190628199,1995,2,4,2
20190628200,2005,6,6,0
20190628201,2015,3,8,5
20190628202,2025,4,3,1
20190628203,2035,6,7,1
20190628204,2045,9,3,6
20190628205,2055,3,3,0
20190628206,2065,3,5,2
20190628207,2075,1,4,3
20190628208,2085,3,6,3
20190628209,2095,1,3,2
20190628210,2105,7,3,4
20190628211,2115,3,8,5
20190628212,2125,3,0,3
20190628213,2135,4,5,1
20190628214,2145,8,5,3
20190628215,2155,9,1,8
20190628216,2165,7,1,6
20190628217,2175,8,0,8
20190628218,2185,4,5,1
20190628219,2195,6,7,1
20190628220,2205,5,8,3
20190628221,2215,7,0,7
20190628222,2225,4,7,3
20190628223,2235,8,4,4
20190628224,2245,8,4,4
20190628225,2255,1,4,3
20190628226,2265,4,8,4
20190628227,2275,2,4,2
20190628228,2285,7,3,4
20190628229,2295,4,1,3
20190628230,2305,3,7,4
20190628231,2315,8,7,1
20190628232,2325,7,1,6
20190628233,2335,7,1,6
20190628234,2345,1,1,0
20190628235,2355,0,9,9
20190628236,2365,5,5,0
20190628237,2375,6,9,3
20190628238,2385,6,2,4
20190628239,2395,9,7,2
20190628240,2405,6,3,3
20190628241,2415,3,6,3
20190628242,2425,5,2,3
20190628243,2435,5,5,0
20190628244,2445,9,8,1
20190628245,2455,9,7,2
20190628246,2465,6,6,0
20190628247,2475,9,2,7
20190628248,2485,7,4,3
20190628249,2495,7,3,4
20190628250,2505,8,4,4
20190628251,2515,3,4,1
20190628252,2525,2,5,3
20190628253,2535,3,2,1
20190628254,2545,3,7,4
20190628255,2555,9,1,8
20190628256,2565,9,0,9
20190628257,2575,8,8,0
20190628258,2585,7,4,3
20190628259,2595,3,6,3
20190628260,2605,8,6,2
20190628261,2615,5,8,3
20190628262,2625,8,6,2
20190628263,2635,5,9,4
20190628264,2645,2,8,6
20190628265,2655,1,5,4
20190628266,2665,8,2,6
20190628267,2675,3,6,3
20190628268,2685,3,8,5
20190628269,2695,6,1,5
20190628270,2705,2,7,5
20190628271,2715,2,3,1
20190628272,2725,5,3,2
20190628273,2735,1,2,1
20190628274,2745,9,5,4
20190628275,2755,8,3,5
20190628276,2765,6,1,5
20190628277,2775,8,2,6
20190628278,2785,7,8,1
20190628279,2795,3,5,2
20190628280,2805,9,6,3
20190628281,2815,9,0,9
20190628282,2825,6,5,1
20190628283,2835,8,4,4
20190628284,2845,0,7,7
20190628285,2855,9,8,1
20190628286,2865,1,8,7
20190628287,2875,3,4,1
20190628288,2885,3,8,5
20190629001,16,2,9,7
20190629002,26,0,6,6
20190629003,36,7,6,1
20190629004,46,6,0,6
20190629005,56,6,0,6
20190629006,66,9,8,1
20190629007,76,4,2,2
20190629008,86,6,7,1
20190629009,96,9,9,0
20190629010,106,8,5,3
20190629011,116,7,2,5
20190629012,126,3,5,2
20190629013,136,7,2,5
20190629014,146,1,5,4
20190629015,156,1,8,7
20190629016,166,1,3,2
20190629017,176,3,5,2
20190629018,186,1,7,6
20190629019,196,7,4,3
20190629020,206,7,6,1
20190629021,216,1,9,8
20190629022,226,9,7,2
20190629023,236,1,6,5
20190629024,246,0,3,3
20190629025,256,2,2,0
20190629026,266,3,9,6
20190629027,276,0,2,2
20190629028,286,2,6,4
20190629029,296,5,7,2
20190629030,306,8,4,4
20190629031,316,2,8,6
20190629032,326,2,3,1
20190629033,336,1,5,4
20190629034,346,0,2,2
20190629035,356,8,8,0
20190629036,366,8,2,6
20190629037,376,4,8,4
20190629038,386,8,5,3
20190629039,396,2,5,3
20190629040,406,7,5,2
20190629041,416,6,8,2
20190629042,426,3,3,0
20190629043,436,9,9,0
20190629044,446,8,2,6
20190629045,456,2,3,1
20190629046,466,9,2,7
20190629047,476,3,8,5
20190629048,486,8,3,5
20190629049,496,8,4,4
20190629050,506,6,8,2
20190629051,516,7,5,2
20190629052,526,9,4,5
20190629053,536,0,7,7
20190629054,546,8,4,4
20190629055,556,0,1,1
20190629056,566,8,3,5
20190629057,576,9,5,4
20190629058,586,5,2,3
20190629059,596,9,2,7
20190629060,606,6,9,3
20190629061,616,0,7,7
20190629062,626,5,9,4
20190629063,636,4,2,2
20190629064,646,6,4,2
20190629065,656,6,4,2
20190629066,666,7,4,3
20190629067,676,1,7,6
20190629068,686,4,4,0
20190629069,696,0,4,4
20190629070,706,9,9,0
20190629071,716,3,0,3
20190629072,726,2,1,1
20190629073,736,2,1,1
20190629074,746,0,6,6
20190629075,756,2,0,2
20190629076,766,8,6,2
20190629077,776,0,3,3
20190629078,786,9,8,1
20190629079,796,4,8,4
20190629080,806,0,0,0
20190629081,816,9,3,6
20190629082,826,9,3,6
20190629083,836,0,9,9
20190629084,846,6,1,5
20190629085,856,2,4,2
20190629086,866,5,8,3
20190629087,876,1,3,2
20190629088,886,6,5,1
20190629089,896,3,9,6
20190629090,906,9,2,7
20190629091,916,5,4,1
20190629092,926,1,5,4
20190629093,936,9,0,9
20190629094,946,6,0,6
20190629095,956,8,8,0
20190629096,966,8,1,7
20190629097,976,7,1,6
20190629098,986,0,9,9
20190629099,996,9,5,4
20190629100,1006,6,0,6
20190629101,1016,8,8,0
20190629102,1026,4,9,5
20190629103,1036,4,3,1
20190629104,1046,2,1,1
20190629105,1056,6,6,0
20190629106,1066,5,8,3
20190629107,1076,6,6,0
20190629108,1086,1,4,3
20190629109,1096,8,9,1
20190629110,1106,9,0,9
20190629111,1116,6,6,0
20190629112,1126,8,9,1
20190629113,1136,5,9,4
20190629114,1146,9,1,8
20190629115,1156,7,7,0
20190629116,1166,8,9,1
20190629117,1176,3,5,2
20190629118,1186,0,7,7
20190629119,1196,7,5,2
20190629120,1206,4,7,3
20190629121,1216,5,1,4
20190629122,1226,3,0,3
20190629123,1236,8,4,4
20190629124,1246,2,2,0
20190629125,1256,8,6,2
20190629126,1266,3,9,6
20190629127,1276,4,5,1
20190629128,1286,8,6,2
20190629129,1296,3,9,6
20190629130,1306,4,9,5
20190629131,1316,6,7,1
20190629132,1326,4,9,5
20190629133,1336,6,3,3
20190629134,1346,3,1,2
20190629135,1356,9,3,6
20190629136,1366,0,2,2
20190629137,1376,8,9,1
20190629138,1386,4,3,1
20190629139,1396,2,8,6
20190629140,1406,2,4,2
20190629141,1416,0,5,5
20190629142,1426,6,7,1
20190629143,1436,5,7,2
20190629144,1446,8,1,7
20190629145,1456,7,5,2
20190629146,1466,3,7,4
20190629147,1476,2,1,1
20190629148,1486,0,4,4
20190629149,1496,0,3,3
20190629150,1506,3,4,1
20190629151,1516,9,5,4
20190629152,1526,2,3,1
20190629153,1536,9,2,7
20190629154,1546,6,3,3
20190629155,1556,6,6,0
20190629156,1566,2,4,2
20190629157,1576,9,9,0
20190629158,1586,5,4,1
20190629159,1596,2,8,6
20190629160,1606,5,5,0
20190629161,1616,2,5,3
20190629162,1626,5,2,3
20190629163,1636,7,2,5
20190629164,1646,5,5,0
20190629165,1656,2,5,3
20190629166,1666,7,0,7
20190629167,1676,9,5,4
20190629168,1686,1,1,0
20190629169,1696,7,2,5
20190629170,1706,9,8,1
20190629171,1716,6,3,3
20190629172,1726,1,1,0
20190629173,1736,5,1,4
20190629174,1746,2,3,1
20190629175,1756,5,1,4
20190629176,1766,0,6,6
20190629177,1776,3,1,2
20190629178,1786,2,8,6
20190629179,1796,6,6,0
20190629180,1806,6,2,4
20190629181,1816,2,3,1
20190629182,1826,0,6,6
20190629183,1836,1,1,0
20190629184,1846,2,9,7
20190629185,1856,4,6,2
20190629186,1866,6,1,5
20190629187,1876,3,2,1
20190629188,1886,9,4,5
20190629189,1896,7,3,4
20190629190,1906,0,3,3
20190629191,1916,1,2,1
20190629192,1926,9,6,3
20190629193,1936,4,0,4
20190629194,1946,4,5,1
20190629195,1956,9,7,2
20190629196,1966,8,8,0
20190629197,1976,0,0,0
20190629198,1986,5,0,5
20190629199,1996,0,7,7
20190629200,2006,0,5,5
20190629201,2016,5,2,3
20190629202,2026,3,4,1
20190629203,2036,0,7,7
20190629204,2046,3,5,2
20190629205,2056,2,0,2
20190629206,2066,4,0,4
20190629207,2076,6,4,2
20190629208,2086,6,3,3
20190629209,2096,8,8,0
20190629210,2106,4,9,5
20190629211,2116,0,9,9
20190629212,2126,0,4,4
20190629213,2136,4,4,0
20190629214,2146,1,4,3
20190629215,2156,5,5,0
20190629216,2166,4,3,1
20190629217,2176,4,4,0
20190629218,2186,5,5,0
20190629219,2196,8,4,4
20190629220,2206,6,2,4
20190629221,2216,1,4,3
20190629222,2226,7,4,3
20190629223,2236,9,5,4
20190629224,2246,0,9,9
20190629225,2256,1,5,4
20190629226,2266,6,4,2
20190629227,2276,0,8,8
20190629228,2286,9,8,1
20190629229,2296,4,0,4
20190629230,2306,5,3,2
20190629231,2316,0,6,6
20190629232,2326,3,5,2
20190629233,2336,3,2,1
20190629234,2346,6,9,3
20190629235,2356,3,3,0
20190629236,2366,7,7,0
20190629237,2376,6,6,0
20190629238,2386,1,7,6
20190629239,2396,5,2,3
20190629240,2406,0,2,2
20190629241,2416,8,0,8
20190629242,2426,3,7,4
20190629243,2436,7,7,0
20190629244,2446,2,8,6
20190629245,2456,6,7,1
20190629246,2466,4,4,0
20190629247,2476,5,2,3
20190629248,2486,8,7,1
20190629249,2496,5,9,4
20190629250,2506,0,4,4
20190629251,2516,8,5,3
20190629252,2526,2,4,2
20190629253,2536,1,1,0
20190629254,2546,3,2,1
20190629255,2556,2,5,3
20190629256,2566,8,7,1
20190629257,2576,7,3,4
20190629258,2586,2,4,2
20190629259,2596,5,8,3
20190629260,2606,3,5,2
20190629261,2616,3,5,2
20190629262,2626,0,2,2
20190629263,2636,6,0,6
20190629264,2646,1,0,1
20190629265,2656,3,6,3
20190629266,2666,6,3,3
20190629267,2676,1,2,1
20190629268,2686,2,4,2
20190629269,2696,8,6,2
20190629270,2706,3,6,3
20190629271,2716,4,6,2
20190629272,2726,7,9,2
20190629273,2736,7,1,6
20190629274,2746,2,2,0
20190629275,2756,0,1,1
20190629276,2766,4,6,2
20190629277,2776,4,3,1
20190629278,2786,3,6,3
20190629279,2796,7,3,4
20190629280,2806,5,5,0
20190629281,2816,8,9,1
20190629282,2826,0,3,3
20190629283,2836,0,4,4
20190629284,2846,8,0,8
20190629285,2856,7,0,7
20190629286,2866,7,6,1
20190629287,2876,9,9,0
20190629288,2886,3,1,2
20190630001,17,5,6,1
20190630002,27,1,6,5
20190630003,37,8,4,4
20190630004,47,3,2,1
20190630005,57,2,3,1
20190630006,67,0,5,5
20190630007,77,8,2,6
20190630008,87,7,5,2
20190630009,97,4,6,2
20190630010,107,9,1,8
20190630011,117,0,9,9
20190630012,127,6,1,5
20190630013,137,2,5,3
20190630014,147,0,1,1
20190630015,157,8,6,2
20190630016,167,1,6,5
20190630017,177,1,6,5
20190630018,187,3,8,5
20190630019,197,8,3,5
20190630020,207,7,9,2
20190630021,217,3,1,2
20190630022,227,4,7,3
20190630023,237,5,9,4
20190630024,247,5,3,2
20190630025,257,9,5,4
20190630026,267,1,3,2
20190630027,277,4,2,2
20190630028,287,2,8,6
20190630029,297,7,1,6
20190630030,307,3,2,1
20190630031,317,7,9,2
20190630032,327,3,7,4
20190630033,337,6,1,5
20190630034,347,7,3,4
20190630035,357,7,1,6
20190630036,367,2,8,6
20190630037,377,7,7,0
20190630038,387,2,7,5
20190630039,397,4,7,3
20190630040,407,7,8,1
20190630041,417,9,1,8
20190630042,427,3,9,6
20190630043,437,6,4,2
20190630044,447,0,5,5
20190630045,457,0,3,3
20190630046,467,0,6,6
20190630047,477,7,2,5
20190630048,487,2,1,1
20190630049,497,7,2,5
20190630050,507,5,3,2
20190630051,517,0,8,8
20190630052,527,8,1,7
20190630053,537,0,9,9
20190630054,547,1,4,3
20190630055,557,5,1,4
20190630056,567,1,5,4
20190630057,577,1,7,6
20190630058,587,7,8,1
20190630059,597,9,6,3
20190630060,607,2,7,5
20190630061,617,3,3,0
20190630062,627,5,9,4
20190630063,637,5,9,4
20190630064,647,1,4,3
20190630065,657,1,4,3
20190630066,667,3,6,3
20190630067,677,8,6,2
20190630068,687,1,0,1
20190630069,697,7,8,1
20190630070,707,0,7,7
20190630071,717,6,6,0
20190630072,727,0,5,5
20190630073,737,4,7,3
20190630074,747,9,1,8
20190630075,757,0,4,4
20190630076,767,4,9,5
20190630077,777,6,1,5
20190630078,787,2,2,0
20190630079,797,5,9,4
20190630080,807,0,8,8
20190630081,817,0,1,1
20190630082,827,1,1,0
20190630083,837,4,6,2
20190630084,847,9,4,5
20190630085,857,4,4,0
20190630086,867,0,6,6
20190630087,877,8,8,0
20190630088,887,5,5,0
20190630089,897,4,6,2
20190630090,907,1,6,5
20190630091,917,4,9,5
20190630092,927,3,2,1
20190630093,937,6,7,1
20190630094,947,6,1,5
20190630095,957,1,0,1
20190630096,967,7,4,3
20190630097,977,3,4,1
20190630098,987,6,2,4
20190630099,997,8,4,4
20190630100,1007,0,6,6
20190630101,1017,5,5,0
20190630102,1027,3,0,3
20190630103,1037,5,8,3
20190630104,1047,4,6,2
20190630105,1057,2,7,5
20190630106,1067,3,7,4
20190630107,1077,6,3,3
20190630108,1087,4,0,4
20190630109,1097,2,0,2
20190630110,1107,5,9,4
20190630111,1117,8,5,3
20190630112,1127,3,7,4
20190630113,1137,1,6,5
20190630114,1147,1,3,2
20190630115,1157,6,5,1
20190630116,1167,8,8,0
20190630117,1177,9,5,4
20190630118,1187,5,0,5
20190630119,1197,3,6,3
20190630120,1207,0,5,5
20190630121,1217,8,0,8
20190630122,1227,0,3,3
20190630123,1237,7,2,5
20190630124,1247,6,4,2
20190630125,1257,1,7,6
20190630126,1267,9,3,6
20190630127,1277,5,7,2
20190630128,1287,6,3,3
20190630129,1297,3,6,3
20190630130,1307,8,5,3
20190630131,1317,0,7,7
20190630132,1327,6,5,1
20190630133,1337,8,7,1
20190630134,1347,2,8,6
20190630135,1357,4,3,1
20190630136,1367,5,8,3
20190630137,1377,8,0,8
20190630138,1387,9,1,8
20190630139,1397,3,7,4
20190630140,1407,3,9,6
20190630141,1417,2,9,7
20190630142,1427,5,2,3
20190630143,1437,2,6,4
20190630144,1447,9,9,0
20190630145,1457,0,5,5
20190630146,1467,4,4,0
20190630147,1477,3,0,3
20190630148,1487,6,4,2
20190630149,1497,0,6,6
20190630150,1507,5,6,1
20190630151,1517,6,6,0
20190630152,1527,8,6,2
20190630153,1537,0,0,0
20190630154,1547,9,4,5
20190630155,1557,9,3,6
20190630156,1567,8,0,8
20190630157,1577,3,0,3
20190630158,1587,6,3,3
20190630159,1597,3,5,2
20190630160,1607,2,3,1
20190630161,1617,7,5,2
20190630162,1627,3,8,5
20190630163,1637,8,3,5
20190630164,1647,0,3,3
20190630165,1657,1,3,2
20190630166,1667,8,0,8
20190630167,1677,8,0,8
20190630168,1687,8,2,6
20190630169,1697,6,8,2
20190630170,1707,5,8,3
20190630171,1717,2,8,6
20190630172,1727,8,9,1
20190630173,1737,4,3,1
20190630174,1747,9,1,8
20190630175,1757,6,8,2
20190630176,1767,5,5,0
20190630177,1777,7,2,5
20190630178,1787,3,3,0
20190630179,1797,8,0,8
20190630180,1807,3,5,2
20190630181,1817,6,4,2
20190630182,1827,9,6,3
20190630183,1837,1,9,8
20190630184,1847,8,4,4
20190630185,1857,2,5,3
20190630186,1867,0,1,1
20190630187,1877,3,1,2
20190630188,1887,9,2,7
20190630189,1897,5,8,3
20190630190,1907,0,9,9
20190630191,1917,0,0,0
20190630192,1927,1,3,2
20190630193,1937,7,9,2
20190630194,1947,2,3,1
20190630195,1957,1,1,0
20190630196,1967,9,6,3
20190630197,1977,5,7,2
20190630198,1987,5,1,4
20190630199,1997,4,4,0
20190630200,2007,2,7,5
20190630201,2017,7,8,1
20190630202,2027,8,9,1
20190630203,2037,0,9,9
20190630204,2047,2,6,4
20190630205,2057,5,9,4
20190630206,2067,0,9,9
20190630207,2077,0,6,6
20190630208,2087,3,8,5
20190630209,2097,5,9,4
20190630210,2107,6,2,4
20190630211,2117,6,8,2
20190630212,2127,4,9,5
20190630213,2137,5,0,5
20190630214,2147,4,3,1
20190630215,2157,3,2,1
20190630216,2167,0,0,0
20190630217,2177,4,6,2
20190630218,2187,3,1,2
20190630219,2197,2,5,3
20190630220,2207,1,1,0
20190630221,2217,4,7,3
20190630222,2227,7,9,2
20190630223,2237,5,4,1
20190630224,2247,9,2,7
20190630225,2257,7,8,1
20190630226,2267,9,5,4
20190630227,2277,7,4,3
20190630228,2287,8,3,5
20190630229,2297,8,9,1
20190630230,2307,1,5,4
20190630231,2317,2,9,7
20190630232,2327,3,5,2
20190630233,2337,7,0,7
20190630234,2347,7,1,6
20190630235,2357,0,4,4
20190630236,2367,4,2,2
20190630237,2377,0,3,3
20190630238,2387,2,2,0
20190630239,2397,3,2,1
20190630240,2407,9,1,8
20190630241,2417,3,3,0
20190630242,2427,0,6,6
20190630243,2437,4,0,4
20190630244,2447,8,5,3
20190630245,2457,1,5,4
20190630246,2467,0,2,2
20190630247,2477,2,3,1
20190630248,2487,1,7,6
20190630249,2497,2,7,5
20190630250,2507,1,6,5
20190630251,2517,6,3,3
20190630252,2527,1,7,6
20190630253,2537,1,0,1
20190630254,2547,2,5,3
20190630255,2557,4,9,5
20190630256,2567,9,8,1
20190630257,2577,2,0,2
20190630258,2587,9,5,4
20190630259,2597,1,4,3
20190630260,2607,0,6,6
20190630261,2617,3,7,4
20190630262,2627,5,5,0
20190630263,2637,7,7,0
20190630264,2647,1,5,4
20190630265,2657,9,1,8
20190630266,2667,1,5,4
20190630267,2677,2,2,0
20190630268,2687,0,3,3
20190630269,2697,9,2,7
20190630270,2707,2,0,2
20190630271,2717,8,8,0
20190630272,2727,0,8,8
20190630273,2737,3,0,3
20190630274,2747,7,8,1
20190630275,2757,9,0,9
20190630276,2767,0,3,3
20190630277,2777,2,3,1
20190630278,2787,2,7,5
20190630279,2797,0,2,2
20190630280,2807,9,5,4
20190630281,2817,4,8,4
20190630282,2827,1,1,0
20190630283,2837,1,4,3
20190630284,2847,4,1,3
20190630285,2857,6,0,6
20190630286,2867,2,8,6
20190630287,2877,6,9,3
20190630288,2887,3,8,5
20190701001,11,5,3,2
20190701002,21,7,2,5
20190701003,31,6,1,5
20190701004,41,4,5,1
20190701005,51,8,5,3
20190701006,61,6,6,0
20190701007,71,8,3,5
20190701008,81,3,3,0
20190701009,91,5,9,4
20190701010,101,0,8,8
20190701011,111,7,1,6
20190701012,121,8,9,1
20190701013,131,8,9,1
20190701014,141,1,5,4
20190701015,151,7,1,6
20190701016,161,1,9,8
20190701017,171,3,3,0
20190701018,181,7,3,4
20190701019,191,4,0,4
20190701020,201,4,9,5
20190701021,211,4,8,4
20190701022,221,9,2,7
20190701023,231,9,9,0
20190701024,241,3,7,4
20190701025,251,7,3,4
20190701026,261,2,9,7
20190701027,271,0,5,5
20190701028,281,1,1,0
20190701029,291,0,0,0
20190701030,301,1,5,4
20190701031,311,2,2,0
20190701032,321,9,2,7
20190701033,331,4,0,4
20190701034,341,4,9,5
20190701035,351,4,9,5
20190701036,361,8,0,8
20190701037,371,6,2,4
20190701038,381,0,3,3
20190701039,391,0,4,4
20190701040,401,4,4,0
20190701041,411,0,4,4
20190701042,421,5,9,4
20190701043,431,7,4,3
20190701044,441,0,8,8
20190701045,451,8,4,4
20190701046,461,0,4,4
20190701047,471,9,1,8
20190701048,481,4,5,1
20190701049,491,1,1,0
20190701050,501,7,6,1
20190701051,511,2,6,4
20190701052,521,3,7,4
20190701053,531,7,4,3
20190701054,541,7,7,0
20190701055,551,1,7,6
20190701056,561,4,5,1
20190701057,571,8,5,3
20190701058,581,5,6,1
20190701059,591,8,6,2
20190701060,601,4,3,1
20190701061,611,3,2,1
20190701062,621,1,9,8
20190701063,631,5,3,2
20190701064,641,9,5,4
20190701065,651,5,4,1
20190701066,661,2,0,2
20190701067,671,1,6,5
20190701068,681,2,5,3
20190701069,691,3,9,6
20190701070,701,5,5,0
20190701071,711,3,6,3
20190701072,721,2,4,2
20190701073,731,5,0,5
20190701074,741,1,5,4
20190701075,751,5,7,2
20190701076,761,5,9,4
20190701077,771,5,3,2
20190701078,781,0,1,1
20190701079,791,2,6,4
20190701080,801,2,0,2
20190701081,811,5,5,0
20190701082,821,9,4,5
20190701083,831,4,0,4
20190701084,841,6,1,5
20190701085,851,7,8,1
20190701086,861,8,4,4
20190701087,871,0,1,1
20190701088,881,2,7,5
20190701089,891,1,0,1
20190701090,901,4,7,3
20190701091,911,4,3,1
20190701092,921,4,5,1
20190701093,931,4,6,2
20190701094,941,1,3,2
20190701095,951,7,3,4
20190701096,961,6,7,1
20190701097,971,9,8,1
20190701098,981,0,6,6
20190701099,991,6,0,6
20190701100,1001,2,0,2
20190701101,1011,2,8,6
20190701102,1021,8,0,8
20190701103,1031,2,1,1
20190701104,1041,0,8,8
20190701105,1051,7,5,2
20190701106,1061,9,8,1
20190701107,1071,0,8,8
20190701108,1081,8,6,2
20190701109,1091,7,1,6
20190701110,1101,9,8,1
20190701111,1111,0,3,3
20190701112,1121,0,1,1
20190701113,1131,1,4,3
20190701114,1141,9,5,4
20190701115,1151,5,8,3
20190701116,1161,2,0,2
20190701117,1171,0,4,4
20190701118,1181,8,0,8
20190701119,1191,6,8,2
20190701120,1201,5,4,1
20190701121,1211,0,0,0
20190701122,1221,5,8,3
20190701123,1231,7,9,2
20190701124,1241,8,1,7
20190701125,1251,4,6,2
20190701126,1261,5,5,0
20190701127,1271,6,4,2
20190701128,1281,4,6,2
20190701129,1291,5,1,4
20190701130,1301,8,5,3
20190701131,1311,6,1,5
20190701132,1321,6,4,2
20190701133,1331,2,9,7
20190701134,1341,2,3,1
20190701135,1351,0,2,2
20190701136,1361,0,3,3
20190701137,1371,4,4,0
20190701138,1381,0,8,8
20190701139,1391,0,6,6
20190701140,1401,1,9,8
20190701141,1411,0,9,9
20190701142,1421,4,1,3
20190701143,1431,3,4,1
20190701144,1441,1,4,3
20190701145,1451,4,3,1
20190701146,1461,0,3,3
20190701147,1471,7,0,7
20190701148,1481,8,8,0
20190701149,1491,2,2,0
20190701150,1501,1,1,0
20190701151,1511,0,7,7
20190701152,1521,8,9,1
20190701153,1531,3,9,6
20190701154,1541,3,2,1
20190701155,1551,4,3,1
20190701156,1561,6,8,2
20190701157,1571,6,8,2
20190701158,1581,9,7,2
20190701159,1591,1,9,8
20190701160,1601,2,4,2
20190701161,1611,5,2,3
20190701162,1621,6,0,6
20190701163,1631,3,7,4
20190701164,1641,9,8,1
20190701165,1651,2,4,2
20190701166,1661,9,4,5
20190701167,1671,3,8,5
20190701168,1681,4,0,4
20190701169,1691,4,1,3
20190701170,1701,9,4,5
20190701171,1711,8,1,7
20190701172,1721,1,8,7
20190701173,1731,2,8,6
20190701174,1741,8,6,2
20190701175,1751,8,7,1
20190701176,1761,3,2,1
20190701177,1771,8,7,1
20190701178,1781,0,8,8
20190701179,1791,2,1,1
20190701180,1801,8,2,6
20190701181,1811,6,5,1
20190701182,1821,0,7,7
20190701183,1831,6,9,3
20190701184,1841,9,2,7
20190701185,1851,0,5,5
20190701186,1861,2,8,6
20190701187,1871,7,3,4
20190701188,1881,3,4,1
20190701189,1891,6,9,3
20190701190,1901,4,1,3
20190701191,1911,4,8,4
20190701192,1921,1,4,3
20190701193,1931,6,8,2
20190701194,1941,3,4,1
20190701195,1951,4,1,3
20190701196,1961,1,6,5
20190701197,1971,9,0,9
20190701198,1981,7,8,1
20190701199,1991,1,2,1
20190701200,2001,9,0,9
20190701201,2011,3,9,6
20190701202,2021,6,2,4
20190701203,2031,8,1,7
20190701204,2041,9,0,9
20190701205,2051,1,7,6
20190701206,2061,3,7,4
20190701207,2071,4,3,1
20190701208,2081,0,9,9
20190701209,2091,2,8,6
20190701210,2101,0,2,2
20190701211,2111,3,4,1
20190701212,2121,2,8,6
20190701213,2131,7,4,3
20190701214,2141,3,5,2
20190701215,2151,8,7,1
20190701216,2161,4,2,2
20190701217,2171,6,8,2
20190701218,2181,7,4,3
20190701219,2191,8,4,4
20190701220,2201,1,6,5
20190701221,2211,5,1,4
20190701222,2221,1,0,1
20190701223,2231,8,1,7
20190701224,2241,1,5,4
20190701225,2251,3,1,2
20190701226,2261,3,9,6
20190701227,2271,7,3,4
20190701228,2281,7,1,6
20190701229,2291,5,0,5
20190701230,2301,1,9,8
20190701231,2311,1,8,7
20190701232,2321,9,5,4
20190701233,2331,8,8,0
20190701234,2341,7,1,6
20190701235,2351,0,2,2
20190701236,2361,7,4,3
20190701237,2371,0,9,9
20190701238,2381,9,9,0
20190701239,2391,7,7,0
20190701240,2401,7,1,6
20190701241,2411,2,0,2
20190701242,2421,5,4,1
20190701243,2431,4,5,1
20190701244,2441,1,6,5
20190701245,2451,1,4,3
20190701246,2461,8,6,2
20190701247,2471,9,2,7
20190701248,2481,0,8,8
20190701249,2491,9,4,5
20190701250,2501,4,6,2
20190701251,2511,2,6,4
20190701252,2521,3,6,3
20190701253,2531,7,8,1
20190701254,2541,9,8,1
20190701255,2551,9,6,3
20190701256,2561,4,6,2
20190701257,2571,5,9,4
20190701258,2581,9,7,2
20190701259,2591,8,3,5
20190701260,2601,6,8,2
20190701261,2611,9,8,1
20190701262,2621,1,9,8
20190701263,2631,1,2,1
20190701264,2641,5,3,2
20190701265,2651,5,1,4
20190701266,2661,7,7,0
20190701267,2671,9,3,6
20190701268,2681,3,9,6
20190701269,2691,4,5,1
20190701270,2701,4,2,2
20190701271,2711,1,6,5
20190701272,2721,9,7,2
20190701273,2731,3,7,4
20190701274,2741,0,1,1
20190701275,2751,9,8,1
20190701276,2761,0,7,7
20190701277,2771,5,1,4
20190701278,2781,8,3,5
20190701279,2791,6,8,2
20190701280,2801,9,1,8
20190701281,2811,2,7,5
20190701282,2821,1,7,6
20190701283,2831,5,0,5
20190701284,2841,1,3,2
20190701285,2851,9,9,0
20190701286,2861,2,5,3
20190701287,2871,2,9,7
20190701288,2881,8,3,5
20190702001,12,3,1,2
20190702002,22,9,4,5
20190702003,32,9,0,9
20190702004,42,3,4,1
20190702005,52,0,9,9
20190702006,62,0,8,8
20190702007,72,2,6,4
20190702008,82,2,5,3
20190702009,92,8,9,1
20190702010,102,3,1,2
20190702011,112,5,3,2
20190702012,122,6,4,2
20190702013,132,0,6,6
20190702014,142,8,3,5
20190702015,152,6,2,4
20190702016,162,3,0,3
20190702017,172,3,4,1
20190702018,182,4,6,2
20190702019,192,0,4,4
20190702020,202,4,4,0
20190702021,212,7,9,2
20190702022,222,2,7,5
20190702023,232,3,8,5
20190702024,242,1,3,2
20190702025,252,8,4,4
20190702026,262,2,7,5
20190702027,272,9,2,7
20190702028,282,1,4,3
20190702029,292,3,9,6
20190702030,302,0,9,9
20190702031,312,2,0,2
20190702032,322,4,7,3
20190702033,332,9,6,3
20190702034,342,1,5,4
20190702035,352,1,7,6
20190702036,362,8,1,7
20190702037,372,4,6,2
20190702038,382,5,2,3
20190702039,392,7,9,2
20190702040,402,0,2,2
20190702041,412,4,7,3
20190702042,422,0,9,9
20190702043,432,7,3,4
20190702044,442,8,3,5
20190702045,452,6,1,5
20190702046,462,9,2,7
20190702047,472,1,7,6
20190702048,482,7,4,3
20190702049,492,9,9,0
20190702050,502,9,5,4
20190702051,512,6,8,2
20190702052,522,4,2,2
20190702053,532,4,0,4
20190702054,542,5,8,3
20190702055,552,1,8,7
20190702056,562,6,6,0
20190702057,572,5,3,2
20190702058,582,9,1,8
20190702059,592,2,9,7
20190702060,602,1,7,6
20190702061,612,4,9,5
20190702062,622,7,4,3
20190702063,632,9,5,4
20190702064,642,9,6,3
20190702065,652,8,5,3
20190702066,662,7,1,6
20190702067,672,8,0,8
20190702068,682,8,4,4
20190702069,692,2,6,4
20190702070,702,7,6,1
20190702071,712,9,3,6
20190702072,722,7,6,1
20190702073,732,1,0,1
20190702074,742,0,0,0
20190702075,752,1,8,7
20190702076,762,1,4,3
20190702077,772,7,8,1
20190702078,782,1,3,2
20190702079,792,8,4,4
20190702080,802,6,3,3
20190702081,812,0,8,8
20190702082,822,4,6,2
20190702083,832,6,9,3
20190702084,842,1,3,2
20190702085,852,6,7,1
20190702086,862,5,9,4
20190702087,872,9,7,2
20190702088,882,7,9,2
20190702089,892,6,3,3
20190702090,902,5,4,1
20190702091,912,7,3,4
20190702092,922,4,1,3
20190702093,932,5,8,3
20190702094,942,5,7,2
20190702095,952,1,2,1
20190702096,962,0,7,7
20190702097,972,9,9,0
20190702098,982,0,3,3
20190702099,992,6,0,6
20190702100,1002,1,5,4
20190702101,1012,6,3,3
20190702102,1022,4,9,5
20190702103,1032,2,3,1
20190702104,1042,9,4,5
20190702105,1052,4,7,3
20190702106,1062,2,3,1
20190702107,1072,9,5,4
20190702108,1082,4,6,2
20190702109,1092,5,0,5
20190702110,1102,9,4,5
20190702111,1112,7,5,2
20190702112,1122,2,4,2
20190702113,1132,8,9,1
20190702114,1142,6,0,6
20190702115,1152,1,3,2
20190702116,1162,6,8,2
20190702117,1172,9,8,1
20190702118,1182,2,2,0
20190702119,1192,2,9,7
20190702120,1202,3,6,3
20190702121,1212,7,2,5
20190702122,1222,8,3,5
20190702123,1232,6,5,1
20190702124,1242,4,5,1
20190702125,1252,8,9,1
20190702126,1262,3,0,3
20190702127,1272,4,9,5
20190702128,1282,7,9,2
20190702129,1292,8,1,7
20190702130,1302,0,5,5
20190702131,1312,6,3,3
20190702132,1322,1,0,1
20190702133,1332,3,9,6
20190702134,1342,3,1,2
20190702135,1352,2,2,0
20190702136,1362,0,6,6
20190702137,1372,4,4,0
20190702138,1382,2,9,7
20190702139,1392,1,5,4
20190702140,1402,9,4,5
20190702141,1412,1,1,0
20190702142,1422,7,6,1
20190702143,1432,0,7,7
20190702144,1442,2,2,0
20190702145,1452,3,4,1
20190702146,1462,1,4,3
20190702147,1472,0,1,1
20190702148,1482,9,2,7
20190702149,1492,6,4,2
20190702150,1502,0,9,9
20190702151,1512,1,8,7
20190702152,1522,6,1,5
20190702153,1532,5,6,1
20190702154,1542,5,0,5
20190702155,1552,8,6,2
20190702156,1562,0,2,2
20190702157,1572,5,9,4
20190702158,1582,4,4,0
20190702159,1592,5,5,0
20190702160,1602,9,3,6
20190702161,1612,8,3,5
20190702162,1622,4,3,1
20190702163,1632,2,7,5
20190702164,1642,5,2,3
20190702165,1652,6,7,1
20190702166,1662,0,6,6
20190702167,1672,5,4,1
20190702168,1682,4,3,1
20190702169,1692,5,6,1
20190702170,1702,3,8,5
20190702171,1712,1,7,6
20190702172,1722,7,0,7
20190702173,1732,8,0,8
20190702174,1742,2,3,1
20190702175,1752,9,8,1
20190702176,1762,0,4,4
20190702177,1772,4,2,2
20190702178,1782,0,1,1
20190702179,1792,6,1,5
20190702180,1802,4,2,2
20190702181,1812,1,0,1
20190702182,1822,5,3,2
20190702183,1832,5,0,5
20190702184,1842,1,9,8
20190702185,1852,0,6,6
20190702186,1862,1,8,7
20190702187,1872,5,3,2
20190702188,1882,3,0,3
20190702189,1892,9,5,4
20190702190,1902,4,3,1
20190702191,1912,4,6,2
20190702192,1922,7,4,3
20190702193,1932,5,7,2
20190702194,1942,9,1,8
20190702195,1952,6,9,3
20190702196,1962,3,5,2
20190702197,1972,1,6,5
20190702198,1982,6,5,1
20190702199,1992,6,6,0
20190702200,2002,0,9,9
20190702201,2012,4,9,5
20190702202,2022,1,8,7
20190702203,2032,7,2,5
20190702204,2042,4,9,5
20190702205,2052,1,3,2
20190702206,2062,8,9,1
20190702207,2072,3,6,3
20190702208,2082,9,4,5
20190702209,2092,4,9,5
20190702210,2102,7,3,4
20190702211,2112,2,5,3
20190702212,2122,6,5,1
20190702213,2132,3,4,1
20190702214,2142,6,7,1
20190702215,2152,0,7,7
20190702216,2162,0,1,1
20190702217,2172,0,4,4
20190702218,2182,5,5,0
20190702219,2192,7,8,1
20190702220,2202,1,2,1
20190702221,2212,1,8,7
20190702222,2222,5,8,3
20190702223,2232,7,7,0
20190702224,2242,4,7,3
20190702225,2252,9,0,9
20190702226,2262,3,8,5
20190702227,2272,5,8,3
20190702228,2282,5,3,2
20190702229,2292,8,7,1
20190702230,2302,1,2,1
20190702231,2312,6,6,0
20190702232,2322,7,2,5
20190702233,2332,5,5,0
20190702234,2342,6,8,2
20190702235,2352,0,8,8
20190702236,2362,8,5,3
20190702237,2372,7,5,2
20190702238,2382,3,0,3
20190702239,2392,7,2,5
20190702240,2402,8,7,1
20190702241,2412,9,5,4
20190702242,2422,5,9,4
20190702243,2432,8,5,3
20190702244,2442,9,4,5
20190702245,2452,1,1,0
20190702246,2462,0,6,6
20190702247,2472,5,7,2
20190702248,2482,9,0,9
20190702249,2492,0,1,1
20190702250,2502,4,7,3
20190702251,2512,3,7,4
20190702252,2522,3,1,2
20190702253,2532,1,2,1
20190702254,2542,3,5,2
20190702255,2552,2,2,0
20190702256,2562,4,2,2
20190702257,2572,5,4,1
20190702258,2582,3,7,4
20190702259,2592,5,9,4
20190702260,2602,5,5,0
20190702261,2612,0,4,4
20190702262,2622,9,0,9
20190702263,2632,5,4,1
20190702264,2642,4,1,3
20190702265,2652,6,1,5
20190702266,2662,0,4,4
20190702267,2672,0,9,9
20190702268,2682,2,8,6
20190702269,2692,8,8,0
20190702270,2702,6,5,1
20190702271,2712,7,8,1
20190702272,2722,1,7,6
20190702273,2732,1,5,4
20190702274,2742,5,6,1
20190702275,2752,0,4,4
20190702276,2762,1,2,1
20190702277,2772,2,5,3
20190702278,2782,3,8,5
20190702279,2792,9,3,6
20190702280,2802,8,8,0
20190702281,2812,0,1,1
20190702282,2822,1,2,1
20190702283,2832,5,2,3
20190702284,2842,6,8,2
20190702285,2852,6,8,2
20190702286,2862,4,7,3
20190702287,2872,9,1,8
20190702288,2882,5,6,1
20190703001,13,6,6,0
20190703002,23,5,2,3
20190703003,33,1,8,7
20190703004,43,2,0,2
20190703005,53,3,7,4
20190703006,63,6,2,4
20190703007,73,2,9,7
20190703008,83,6,0,6
20190703009,93,5,3,2
20190703010,103,5,6,1
20190703011,113,6,3,3
20190703012,123,1,0,1
20190703013,133,0,2,2
20190703014,143,3,7,4
20190703015,153,7,6,1
20190703016,163,3,5,2
20190703017,173,2,3,1
20190703018,183,5,9,4
20190703019,193,4,5,1
20190703020,203,6,9,3
20190703021,213,1,0,1
20190703022,223,3,3,0
20190703023,233,5,0,5
20190703024,243,7,4,3
20190703025,253,5,4,1
20190703026,263,7,6,1
20190703027,273,0,5,5
20190703028,283,6,0,6
20190703029,293,5,5,0
20190703030,303,6,4,2
20190703031,313,7,8,1
20190703032,323,1,1,0
20190703033,333,8,6,2
20190703034,343,4,0,4
20190703035,353,8,2,6
20190703036,363,9,0,9
20190703037,373,5,7,2
20190703038,383,6,2,4
20190703039,393,9,8,1
20190703040,403,6,7,1
20190703041,413,5,9,4
20190703042,423,4,7,3
20190703043,433,1,7,6
20190703044,443,9,2,7
20190703045,453,4,1,3
20190703046,463,8,1,7
20190703047,473,8,0,8
20190703048,483,8,3,5
20190703049,493,8,4,4
20190703050,503,0,8,8
20190703051,513,9,8,1
20190703052,523,2,9,7
20190703053,533,9,4,5
20190703054,543,8,1,7
20190703055,553,6,3,3
20190703056,563,3,3,0
20190703057,573,4,5,1
20190703058,583,8,9,1
20190703059,593,7,1,6
20190703060,603,8,9,1
20190703061,613,3,0,3
20190703062,623,8,3,5
20190703063,633,8,3,5
20190703064,643,2,4,2
20190703065,653,0,8,8
20190703066,663,3,4,1
20190703067,673,5,4,1
20190703068,683,9,7,2
20190703069,693,9,0,9
20190703070,703,8,5,3
20190703071,713,2,2,0
20190703072,723,0,7,7
20190703073,733,3,1,2
20190703074,743,1,7,6
20190703075,753,7,3,4
20190703076,763,9,6,3
20190703077,773,1,7,6
20190703078,783,5,1,4
20190703079,793,2,1,1
20190703080,803,9,7,2
20190703081,813,0,3,3
20190703082,823,6,5,1
20190703083,833,8,7,1
20190703084,843,8,7,1
20190703085,853,5,0,5
20190703086,863,5,2,3
20190703087,873,0,3,3
20190703088,883,8,1,7
20190703089,893,7,0,7
20190703090,903,2,6,4
20190703091,913,7,2,5
20190703092,923,7,2,5
20190703093,933,4,3,1
20190703094,943,2,7,5
20190703095,953,4,2,2
20190703096,963,3,7,4
20190703097,973,5,8,3
20190703098,983,7,7,0
20190703099,993,0,5,5
20190703100,1003,7,1,6
20190703101,1013,0,5,5
20190703102,1023,2,0,2
20190703103,1033,1,0,1
20190703104,1043,0,3,3
20190703105,1053,0,3,3
20190703106,1063,1,1,0
20190703107,1073,9,0,9
20190703108,1083,3,6,3
20190703109,1093,6,7,1
20190703110,1103,8,0,8
20190703111,1113,1,6,5
20190703112,1123,7,3,4
20190703113,1133,5,7,2
20190703114,1143,6,5,1
20190703115,1153,8,8,0
20190703116,1163,2,8,6
20190703117,1173,1,7,6
20190703118,1183,0,9,9
20190703119,1193,6,1,5
20190703120,1203,5,5,0
20190703121,1213,8,4,4
20190703122,1223,2,9,7
20190703123,1233,7,7,0
20190703124,1243,5,4,1
20190703125,1253,3,7,4
20190703126,1263,2,1,1
20190703127,1273,9,5,4
20190703128,1283,9,3,6
20190703129,1293,5,0,5
20190703130,1303,4,9,5
20190703131,1313,6,5,1
20190703132,1323,7,7,0
20190703133,1333,5,3,2
20190703134,1343,8,0,8
20190703135,1353,2,0,2
20190703136,1363,4,5,1
20190703137,1373,2,7,5
20190703138,1383,6,3,3
20190703139,1393,8,4,4
20190703140,1403,9,3,6
20190703141,1413,5,3,2
20190703142,1423,8,6,2
20190703143,1433,1,9,8
20190703144,1443,4,1,3
20190703145,1453,3,3,0
20190703146,1463,5,4,1
20190703147,1473,4,1,3
20190703148,1483,8,9,1
20190703149,1493,5,0,5
20190703150,1503,3,3,0
20190703151,1513,9,9,0
20190703152,1523,7,7,0
20190703153,1533,6,8,2
20190703154,1543,5,3,2
20190703155,1553,5,4,1
20190703156,1563,2,3,1
20190703157,1573,0,6,6
20190703158,1583,7,1,6
20190703159,1593,3,7,4
20190703160,1603,2,1,1
20190703161,1613,5,3,2
20190703162,1623,5,2,3
20190703163,1633,9,8,1
20190703164,1643,8,1,7
20190703165,1653,7,8,1
20190703166,1663,5,6,1
20190703167,1673,2,8,6
20190703168,1683,5,6,1
20190703169,1693,9,2,7
20190703170,1703,5,6,1
20190703171,1713,9,5,4
20190703172,1723,0,8,8
20190703173,1733,6,3,3
20190703174,1743,3,3,0
20190703175,1753,3,1,2
20190703176,1763,0,5,5
20190703177,1773,1,1,0
20190703178,1783,0,5,5
20190703179,1793,0,0,0
20190703180,1803,8,6,2
20190703181,1813,7,6,1
20190703182,1823,3,9,6
20190703183,1833,3,7,4
20190703184,1843,5,3,2
20190703185,1853,8,5,3
20190703186,1863,5,5,0
20190703187,1873,1,7,6
20190703188,1883,6,3,3
20190703189,1893,6,8,2
20190703190,1903,7,1,6
20190703191,1913,3,0,3
20190703192,1923,0,8,8
20190703193,1933,8,7,1
20190703194,1943,8,7,1
20190703195,1953,5,7,2
20190703196,1963,3,3,0
20190703197,1973,6,5,1
20190703198,1983,0,1,1
20190703199,1993,5,2,3
20190703200,2003,0,3,3
20190703201,2013,9,7,2
20190703202,2023,3,1,2
20190703203,2033,7,9,2
20190703204,2043,7,3,4
20190703205,2053,9,5,4
20190703206,2063,4,4,0
20190703207,2073,8,8,0
20190703208,2083,2,1,1
20190703209,2093,3,8,5
20190703210,2103,1,5,4
20190703211,2113,5,8,3
20190703212,2123,2,0,2
20190703213,2133,7,8,1
20190703214,2143,0,1,1
20190703215,2153,7,4,3
20190703216,2163,4,3,1
20190703217,2173,1,3,2
20190703218,2183,3,9,6
20190703219,2193,1,9,8
20190703220,2203,6,2,4
20190703221,2213,4,3,1
20190703222,2223,1,9,8
20190703223,2233,4,3,1
20190703224,2243,7,1,6
20190703225,2253,3,5,2
20190703226,2263,7,4,3
20190703227,2273,7,5,2
20190703228,2283,6,6,0
20190703229,2293,4,3,1
20190703230,2303,8,8,0
20190703231,2313,3,8,5
20190703232,2323,8,3,5
20190703233,2333,8,0,8
20190703234,2343,7,6,1
20190703235,2353,8,2,6
20190703236,2363,0,9,9
20190703237,2373,7,2,5
20190703238,2383,7,9,2
20190703239,2393,2,4,2
20190703240,2403,0,3,3
20190703241,2413,9,9,0
20190703242,2423,6,8,2
20190703243,2433,9,1,8
20190703244,2443,4,3,1
20190703245,2453,6,7,1
20190703246,2463,6,4,2
20190703247,2473,2,7,5
20190703248,2483,8,9,1
20190703249,2493,4,1,3
20190703250,2503,3,7,4
20190703251,2513,1,2,1
20190703252,2523,8,6,2
20190703253,2533,3,4,1
20190703254,2543,2,2,0
20190703255,2553,2,7,5
20190703256,2563,0,4,4
20190703257,2573,7,1,6
20190703258,2583,2,0,2
20190703259,2593,6,1,5
20190703260,2603,3,5,2
20190703261,2613,5,6,1
20190703262,2623,8,6,2
20190703263,2633,7,7,0
20190703264,2643,4,0,4
20190703265,2653,5,5,0
20190703266,2663,5,9,4
20190703267,2673,9,4,5
20190703268,2683,5,8,3
20190703269,2693,0,1,1
20190703270,2703,7,4,3
20190703271,2713,1,9,8
20190703272,2723,9,1,8
20190703273,2733,9,4,5
20190703274,2743,8,0,8
20190703275,2753,4,7,3
20190703276,2763,1,1,0
20190703277,2773,8,9,1
20190703278,2783,8,0,8
20190703279,2793,0,6,6
20190703280,2803,0,4,4
20190703281,2813,0,5,5
20190703282,2823,3,2,1
20190703283,2833,0,3,3
20190703284,2843,7,4,3
20190703285,2853,4,0,4
20190703286,2863,2,7,5
20190703287,2873,4,1,3
20190703288,2883,8,5,3
20190704001,14,4,9,5
20190704002,24,1,9,8
20190704003,34,8,4,4
20190704004,44,8,1,7
20190704005,54,5,8,3
20190704006,64,2,7,5
20190704007,74,5,6,1
20190704008,84,2,6,4
20190704009,94,1,3,2
20190704010,104,4,4,0
20190704011,114,8,5,3
20190704012,124,2,9,7
20190704013,134,5,0,5
20190704014,144,4,1,3
20190704015,154,1,6,5
20190704016,164,5,5,0
20190704017,174,5,0,5
20190704018,184,6,4,2
20190704019,194,5,8,3
20190704020,204,1,1,0
20190704021,214,5,3,2
20190704022,224,4,2,2
20190704023,234,2,4,2
20190704024,244,5,6,1
20190704025,254,5,6,1
20190704026,264,4,2,2
20190704027,274,1,1,0
20190704028,284,1,1,0
20190704029,294,6,0,6
20190704030,304,4,0,4
20190704031,314,8,0,8
20190704032,324,9,4,5
20190704033,334,3,2,1
20190704034,344,3,0,3
20190704035,354,2,8,6
20190704036,364,5,9,4
20190704037,374,3,0,3
20190704038,384,4,1,3
20190704039,394,6,0,6
20190704040,404,7,2,5
20190704041,414,8,8,0
20190704042,424,7,0,7
20190704043,434,4,7,3
20190704044,444,6,0,6
20190704045,454,6,1,5
20190704046,464,1,2,1
20190704047,474,9,9,0
20190704048,484,3,0,3
20190704049,494,1,7,6
20190704050,504,2,6,4
20190704051,514,9,4,5
20190704052,524,8,5,3
20190704053,534,0,5,5
20190704054,544,8,2,6
20190704055,554,6,8,2
20190704056,564,9,9,0
20190704057,574,8,0,8
20190704058,584,0,2,2
20190704059,594,7,3,4
20190704060,604,1,3,2
20190704061,614,6,1,5
20190704062,624,2,0,2
20190704063,634,1,6,5
20190704064,644,2,2,0
20190704065,654,0,2,2
20190704066,664,5,1,4
20190704067,674,9,3,6
20190704068,684,7,4,3
20190704069,694,2,3,1
20190704070,704,3,4,1
20190704071,714,7,1,6
20190704072,724,9,3,6
20190704073,734,7,3,4
20190704074,744,8,0,8
20190704075,754,6,8,2
20190704076,764,2,3,1
20190704077,774,6,7,1
20190704078,784,7,8,1
20190704079,794,8,4,4
20190704080,804,2,5,3
20190704081,814,0,2,2
20190704082,824,8,9,1
20190704083,834,2,1,1
20190704084,844,4,6,2
20190704085,854,8,0,8
20190704086,864,7,3,4
20190704087,874,5,5,0
20190704088,884,9,8,1
20190704089,894,5,2,3
20190704090,904,0,8,8
20190704091,914,8,9,1
20190704092,924,0,7,7
20190704093,934,3,9,6
20190704094,944,6,5,1
20190704095,954,6,6,0
20190704096,964,6,8,2
20190704097,974,6,2,4
20190704098,984,0,3,3
20190704099,994,3,5,2
20190704100,1004,8,2,6
20190704101,1014,4,9,5
20190704102,1024,1,4,3
20190704103,1034,5,1,4
20190704104,1044,2,7,5
20190704105,1054,4,5,1
20190704106,1064,0,5,5
20190704107,1074,2,4,2
20190704108,1084,7,2,5
20190704109,1094,4,4,0
20190704110,1104,4,4,0
20190704111,1114,3,7,4
20190704112,1124,9,4,5
20190704113,1134,9,0,9
20190704114,1144,0,4,4
20190704115,1154,6,0,6
20190704116,1164,6,9,3
20190704117,1174,8,9,1
20190704118,1184,9,4,5
20190704119,1194,8,0,8
20190704120,1204,3,3,0
20190704121,1214,3,8,5
20190704122,1224,3,7,4
20190704123,1234,0,0,0
20190704124,1244,7,2,5
20190704125,1254,4,1,3
20190704126,1264,7,1,6
20190704127,1274,9,1,8
20190704128,1284,2,4,2
20190704129,1294,3,9,6
20190704130,1304,7,5,2
20190704131,1314,8,8,0
20190704132,1324,9,6,3
20190704133,1334,6,3,3
20190704134,1344,3,4,1
20190704135,1354,5,1,4
20190704136,1364,2,5,3
20190704137,1374,2,8,6
20190704138,1384,0,8,8
20190704139,1394,0,0,0
20190704140,1404,4,3,1
20190704141,1414,2,4,2
20190704142,1424,0,5,5
20190704143,1434,9,1,8
20190704144,1444,2,8,6
20190704145,1454,7,4,3
20190704146,1464,4,6,2
20190704147,1474,0,2,2
20190704148,1484,0,7,7
20190704149,1494,9,0,9
20190704150,1504,7,9,2
20190704151,1514,2,9,7
20190704152,1524,0,1,1
20190704153,1534,3,2,1
20190704154,1544,9,9,0
20190704155,1554,9,6,3
20190704156,1564,9,9,0
20190704157,1574,2,9,7
20190704158,1584,9,6,3
20190704159,1594,9,0,9
20190704160,1604,7,1,6
20190704161,1614,9,9,0
20190704162,1624,3,9,6
20190704163,1634,9,5,4
20190704164,1644,1,8,7
20190704165,1654,1,8,7
20190704166,1664,3,5,2
20190704167,1674,2,7,5
20190704168,1684,0,4,4
20190704169,1694,0,2,2
20190704170,1704,3,7,4
20190704171,1714,6,2,4
20190704172,1724,5,5,0
20190704173,1734,1,0,1
20190704174,1744,1,8,7
20190704175,1754,0,3,3
20190704176,1764,6,5,1
20190704177,1774,9,3,6
20190704178,1784,7,6,1
20190704179,1794,4,2,2
20190704180,1804,8,8,0
20190704181,1814,7,6,1
20190704182,1824,3,7,4
20190704183,1834,1,7,6
20190704184,1844,8,5,3
20190704185,1854,1,6,5
20190704186,1864,0,4,4
20190704187,1874,8,0,8
20190704188,1884,6,6,0
20190704189,1894,5,2,3
20190704190,1904,0,4,4
20190704191,1914,7,3,4
20190704192,1924,6,7,1
20190704193,1934,8,7,1
20190704194,1944,3,8,5
20190704195,1954,4,4,0
20190704196,1964,3,6,3
20190704197,1974,0,6,6
20190704198,1984,6,6,0
20190704199,1994,2,9,7
20190704200,2004,5,7,2
20190704201,2014,5,0,5
20190704202,2024,5,8,3
20190704203,2034,9,2,7
20190704204,2044,0,8,8
20190704205,2054,8,1,7
20190704206,2064,0,7,7
20190704207,2074,0,6,6
20190704208,2084,3,0,3
20190704209,2094,1,5,4
20190704210,2104,2,7,5
20190704211,2114,8,6,2
20190704212,2124,9,0,9
20190704213,2134,2,8,6
20190704214,2144,6,9,3
20190704215,2154,2,7,5
20190704216,2164,7,0,7
20190704217,2174,2,0,2
20190704218,2184,4,4,0
20190704219,2194,1,5,4
20190704220,2204,0,5,5
20190704221,2214,0,3,3
20190704222,2224,5,3,2
20190704223,2234,5,4,1
20190704224,2244,1,2,1
20190704225,2254,3,1,2
20190704226,2264,4,5,1
20190704227,2274,6,1,5
20190704228,2284,6,0,6
20190704229,2294,1,7,6
20190704230,2304,5,2,3
20190704231,2314,4,3,1
20190704232,2324,6,1,5
20190704233,2334,5,5,0
20190704234,2344,7,8,1
20190704235,2354,5,4,1
20190704236,2364,1,7,6
20190704237,2374,4,0,4
20190704238,2384,7,3,4
20190704239,2394,9,7,2
20190704240,2404,9,8,1
20190704241,2414,9,2,7
20190704242,2424,9,6,3
20190704243,2434,9,4,5
20190704244,2444,2,8,6
20190704245,2454,9,6,3
20190704246,2464,1,8,7
20190704247,2474,0,4,4
20190704248,2484,7,3,4
20190704249,2494,1,6,5
20190704250,2504,1,8,7
20190704251,2514,9,6,3
20190704252,2524,6,1,5
20190704253,2534,7,9,2
20190704254,2544,8,8,0
20190704255,2554,4,6,2
20190704256,2564,2,4,2
20190704257,2574,3,5,2
20190704258,2584,7,0,7
20190704259,2594,3,7,4
20190704260,2604,9,1,8
20190704261,2614,4,0,4
20190704262,2624,0,3,3
20190704263,2634,9,8,1
20190704264,2644,8,8,0
20190704265,2654,7,6,1
20190704266,2664,6,7,1
20190704267,2674,4,6,2
20190704268,2684,5,9,4
20190704269,2694,2,9,7
20190704270,2704,6,7,1
20190704271,2714,8,7,1
20190704272,2724,9,6,3
20190704273,2734,0,7,7
20190704274,2744,4,0,4
20190704275,2754,5,0,5
20190704276,2764,3,1,2
20190704277,2774,5,3,2
20190704278,2784,2,8,6
20190704279,2794,6,9,3
20190704280,2804,6,8,2
20190704281,2814,3,9,6
20190704282,2824,2,1,1
20190704283,2834,8,7,1
20190704284,2844,3,0,3
20190704285,2854,9,1,8
20190704286,2864,7,2,5
20190704287,2874,9,0,9
20190704288,2884,0,2,2
20190705001,15,9,7,2
20190705002,25,2,4,2
20190705003,35,1,8,7
20190705004,45,8,5,3
20190705005,55,7,5,2
20190705006,65,4,6,2
20190705007,75,9,0,9
20190705008,85,6,0,6
20190705009,95,0,0,0
20190705010,105,7,7,0
20190705011,115,6,6,0
20190705012,125,1,7,6
20190705013,135,1,5,4
20190705014,145,3,5,2
20190705015,155,8,9,1
20190705016,165,1,9,8
20190705017,175,8,4,4
20190705018,185,1,0,1
20190705019,195,4,9,5
20190705020,205,9,5,4
20190705021,215,0,7,7
20190705022,225,0,7,7
20190705023,235,8,8,0
20190705024,245,3,1,2
20190705025,255,8,7,1
20190705026,265,2,3,1
20190705027,275,7,6,1
20190705028,285,4,1,3
20190705029,295,4,5,1
20190705030,305,1,8,7
20190705031,315,5,3,2
20190705032,325,3,7,4
20190705033,335,3,9,6
20190705034,345,1,8,7
20190705035,355,6,6,0
20190705036,365,2,4,2
20190705037,375,7,7,0
20190705038,385,1,3,2
20190705039,395,2,9,7
20190705040,405,9,0,9
20190705041,415,2,7,5
20190705042,425,3,9,6
20190705043,435,1,9,8
20190705044,445,8,3,5
20190705045,455,8,4,4
20190705046,465,5,0,5
20190705047,475,8,9,1
20190705048,485,7,1,6
20190705049,495,2,8,6
20190705050,505,9,5,4
20190705051,515,4,9,5
20190705052,525,6,4,2
20190705053,535,1,7,6
20190705054,545,4,4,0
20190705055,555,4,9,5
20190705056,565,7,8,1
20190705057,575,5,2,3
20190705058,585,7,5,2
20190705059,595,3,9,6
20190705060,605,9,6,3
20190705061,615,0,8,8
20190705062,625,5,1,4
20190705063,635,2,9,7
20190705064,645,5,4,1
20190705065,655,1,6,5
20190705066,665,4,4,0
20190705067,675,6,7,1
20190705068,685,2,5,3
20190705069,695,4,3,1
20190705070,705,4,3,1
20190705071,715,5,1,4
20190705072,725,3,5,2
20190705073,735,9,1,8
20190705074,745,1,0,1
20190705075,755,1,3,2
20190705076,765,6,8,2
20190705077,775,8,9,1
20190705078,785,9,3,6
20190705079,795,3,1,2
20190705080,805,4,0,4
20190705081,815,5,9,4
20190705082,825,0,6,6
20190705083,835,6,0,6
20190705084,845,2,7,5
20190705085,855,6,0,6
20190705086,865,2,6,4
20190705087,875,2,4,2
20190705088,885,4,6,2
20190705089,895,0,5,5
20190705090,905,9,3,6
20190705091,915,2,9,7
20190705092,925,1,9,8
20190705093,935,8,8,0
20190705094,945,3,7,4
20190705095,955,7,1,6
20190705096,965,8,8,0
20190705097,975,0,8,8
20190705098,985,9,0,9
20190705099,995,2,2,0
20190705100,1005,3,0,3
20190705101,1015,4,9,5
20190705102,1025,1,2,1
20190705103,1035,9,7,2
20190705104,1045,5,3,2
20190705105,1055,4,9,5
20190705106,1065,2,2,0
20190705107,1075,5,8,3
20190705108,1085,5,3,2
20190705109,1095,3,1,2
20190705110,1105,8,1,7
20190705111,1115,7,6,1
20190705112,1125,6,8,2
20190705113,1135,7,3,4
20190705114,1145,8,4,4
20190705115,1155,3,9,6
20190705116,1165,1,8,7
20190705117,1175,5,7,2
20190705118,1185,9,9,0
20190705119,1195,4,7,3
20190705120,1205,5,7,2
20190705121,1215,7,2,5
20190705122,1225,0,3,3
20190705123,1235,3,8,5
20190705124,1245,8,0,8
20190705125,1255,4,7,3
20190705126,1265,8,2,6
20190705127,1275,9,3,6
20190705128,1285,4,0,4
20190705129,1295,8,6,2
20190705130,1305,5,3,2
20190705131,1315,3,6,3
20190705132,1325,8,1,7
20190705133,1335,6,3,3
20190705134,1345,4,3,1
20190705135,1355,4,1,3
20190705136,1365,7,3,4
20190705137,1375,1,6,5
20190705138,1385,1,3,2
20190705139,1395,0,5,5
20190705140,1405,8,3,5
20190705141,1415,1,9,8
20190705142,1425,5,5,0
20190705143,1435,8,7,1
20190705144,1445,4,8,4
20190705145,1455,4,9,5
20190705146,1465,4,4,0
20190705147,1475,6,0,6
20190705148,1485,8,3,5
20190705149,1495,1,9,8
20190705150,1505,4,1,3
20190705151,1515,2,2,0
20190705152,1525,3,5,2
20190705153,1535,4,2,2
20190705154,1545,9,9,0
20190705155,1555,3,4,1
20190705156,1565,4,7,3
20190705157,1575,4,5,1
20190705158,1585,0,5,5
20190705159,1595,3,1,2
20190705160,1605,3,6,3
20190705161,1615,4,6,2
20190705162,1625,5,5,0
20190705163,1635,7,9,2
20190705164,1645,4,4,0
20190705165,1655,1,8,7
20190705166,1665,2,1,1
20190705167,1675,9,9,0
20190705168,1685,4,7,3
20190705169,1695,2,7,5
20190705170,1705,3,8,5
20190705171,1715,5,5,0
20190705172,1725,4,4,0
20190705173,1735,6,0,6
20190705174,1745,2,7,5
20190705175,1755,8,0,8
20190705176,1765,1,4,3
20190705177,1775,0,7,7
20190705178,1785,1,3,2
20190705179,1795,9,1,8
20190705180,1805,0,9,9
20190705181,1815,6,7,1
20190705182,1825,7,6,1
20190705183,1835,8,6,2
20190705184,1845,4,0,4
20190705185,1855,4,1,3
20190705186,1865,3,0,3
20190705187,1875,7,9,2
20190705188,1885,7,4,3
20190705189,1895,4,3,1
20190705190,1905,3,4,1
20190705191,1915,4,4,0
20190705192,1925,7,6,1
20190705193,1935,4,2,2
20190705194,1945,0,3,3
20190705195,1955,7,2,5
20190705196,1965,8,9,1
20190705197,1975,0,9,9
20190705198,1985,6,6,0
20190705199,1995,5,5,0
20190705200,2005,0,8,8
20190705201,2015,0,8,8
20190705202,2025,4,7,3
20190705203,2035,7,8,1
20190705204,2045,7,4,3
20190705205,2055,3,7,4
20190705206,2065,1,3,2
20190705207,2075,0,2,2
20190705208,2085,7,1,6
20190705209,2095,7,3,4
20190705210,2105,0,9,9
20190705211,2115,7,3,4
20190705212,2125,2,0,2
20190705213,2135,9,1,8
20190705214,2145,4,9,5
20190705215,2155,3,7,4
20190705216,2165,9,7,2
20190705217,2175,6,0,6
20190705218,2185,8,3,5
20190705219,2195,4,6,2
20190705220,2205,9,5,4
20190705221,2215,6,4,2
20190705222,2225,1,1,0
20190705223,2235,2,5,3
20190705224,2245,9,6,3
20190705225,2255,0,8,8
20190705226,2265,6,6,0
20190705227,2275,9,2,7
20190705228,2285,8,6,2
20190705229,2295,8,5,3
20190705230,2305,3,3,0
20190705231,2315,2,2,0
20190705232,2325,2,7,5
20190705233,2335,5,1,4
20190705234,2345,0,1,1
20190705235,2355,4,0,4
20190705236,2365,0,3,3
20190705237,2375,2,0,2
20190705238,2385,2,2,0
20190705239,2395,7,4,3
20190705240,2405,2,9,7
20190705241,2415,3,2,1
20190705242,2425,5,0,5
20190705243,2435,3,6,3
20190705244,2445,5,7,2
20190705245,2455,4,7,3
20190705246,2465,5,1,4
20190705247,2475,9,1,8
20190705248,2485,7,5,2
20190705249,2495,4,5,1
20190705250,2505,4,2,2
20190705251,2515,2,7,5
20190705252,2525,3,9,6
20190705253,2535,6,9,3
20190705254,2545,7,3,4
20190705255,2555,6,3,3
20190705256,2565,0,6,6
20190705257,2575,7,7,0
20190705258,2585,9,9,0
20190705259,2595,4,9,5
20190705260,2605,3,9,6
20190705261,2615,0,3,3
20190705262,2625,6,6,0
20190705263,2635,6,9,3
20190705264,2645,6,1,5
20190705265,2655,9,1,8
20190705266,2665,2,6,4
20190705267,2675,9,4,5
20190705268,2685,7,5,2
20190705269,2695,0,8,8
20190705270,2705,3,3,0
20190705271,2715,8,7,1
20190705272,2725,2,5,3
20190705273,2735,8,6,2
20190705274,2745,2,8,6
20190705275,2755,8,0,8
20190705276,2765,2,9,7
20190705277,2775,5,2,3
20190705278,2785,0,2,2
20190705279,2795,2,8,6
20190705280,2805,4,1,3
20190705281,2815,2,5,3
20190705282,2825,2,3,1
20190705283,2835,4,0,4
20190705284,2845,6,5,1
20190705285,2855,3,5,2
20190705286,2865,5,8,3
20190705287,2875,9,1,8
20190705288,2885,4,2,2
20190706001,16,1,5,4
20190706002,26,4,6,2
20190706003,36,4,0,4
20190706004,46,9,8,1
20190706005,56,3,6,3
20190706006,66,9,0,9
20190706007,76,3,1,2
20190706008,86,9,7,2
20190706009,96,8,6,2
20190706010,106,9,6,3
20190706011,116,4,6,2
20190706012,126,3,8,5
20190706013,136,0,0,0
20190706014,146,8,6,2
20190706015,156,4,5,1
20190706016,166,9,7,2
20190706017,176,7,3,4
20190706018,186,5,3,2
20190706019,196,0,9,9
20190706020,206,4,8,4
20190706021,216,2,9,7
20190706022,226,3,9,6
20190706023,236,9,5,4
20190706024,246,2,4,2
20190706025,256,4,9,5
20190706026,266,0,3,3
20190706027,276,5,8,3
20190706028,286,6,8,2
20190706029,296,0,6,6
20190706030,306,1,4,3
20190706031,316,9,4,5
20190706032,326,5,5,0
20190706033,336,3,5,2
20190706034,346,0,8,8
20190706035,356,0,6,6
20190706036,366,4,6,2
20190706037,376,1,6,5
20190706038,386,0,7,7
20190706039,396,3,4,1
20190706040,406,9,1,8
20190706041,416,0,5,5
20190706042,426,9,7,2
20190706043,436,1,2,1
20190706044,446,0,9,9
20190706045,456,9,4,5
20190706046,466,6,2,4
20190706047,476,6,2,4
20190706048,486,4,2,2
20190706049,496,9,9,0
20190706050,506,8,9,1
20190706051,516,7,8,1
20190706052,526,5,6,1
20190706053,536,8,8,0
20190706054,546,5,2,3
20190706055,556,8,9,1
20190706056,566,2,6,4
20190706057,576,9,5,4
20190706058,586,2,6,4
20190706059,596,8,4,4
20190706060,606,2,2,0
20190706061,616,7,6,1
20190706062,626,6,4,2
20190706063,636,3,2,1
20190706064,646,3,4,1
20190706065,656,4,7,3
20190706066,666,1,9,8
20190706067,676,6,2,4
20190706068,686,3,9,6
20190706069,696,3,4,1
20190706070,706,3,3,0
20190706071,716,4,1,3
20190706072,726,0,7,7
20190706073,736,6,4,2
20190706074,746,1,1,0
20190706075,756,9,9,0
20190706076,766,5,5,0
20190706077,776,7,6,1
20190706078,786,3,2,1
20190706079,796,2,3,1
20190706080,806,6,3,3
20190706081,816,3,6,3
20190706082,826,4,0,4
20190706083,836,8,1,7
20190706084,846,1,4,3
20190706085,856,5,5,0
20190706086,866,4,2,2
20190706087,876,9,9,0
20190706088,886,4,2,2
20190706089,896,7,9,2
20190706090,906,6,8,2
20190706091,916,7,6,1
20190706092,926,9,3,6
20190706093,936,2,2,0
20190706094,946,6,4,2
20190706095,956,0,8,8
20190706096,966,3,8,5
20190706097,976,8,1,7
20190706098,986,4,8,4
20190706099,996,6,9,3
20190706100,1006,4,0,4
20190706101,1016,8,0,8
20190706102,1026,0,4,4
20190706103,1036,5,6,1
20190706104,1046,7,0,7
20190706105,1056,1,7,6
20190706106,1066,0,6,6
20190706107,1076,9,0,9
20190706108,1086,3,0,3
20190706109,1096,5,3,2
20190706110,1106,1,6,5
20190706111,1116,9,3,6
20190706112,1126,7,8,1
20190706113,1136,6,4,2
20190706114,1146,5,5,0
20190706115,1156,4,5,1
20190706116,1166,5,8,3
20190706117,1176,2,6,4
20190706118,1186,7,0,7
20190706119,1196,7,9,2
20190706120,1206,7,4,3
20190706121,1216,7,7,0
20190706122,1226,9,1,8
20190706123,1236,6,7,1
20190706124,1246,1,8,7
20190706125,1256,2,1,1
20190706126,1266,7,3,4
20190706127,1276,6,3,3
20190706128,1286,0,4,4
20190706129,1296,9,3,6
20190706130,1306,1,5,4
20190706131,1316,0,0,0
20190706132,1326,3,1,2
20190706133,1336,6,9,3
20190706134,1346,4,1,3
20190706135,1356,9,3,6
20190706136,1366,1,6,5
20190706137,1376,9,3,6
20190706138,1386,9,9,0
20190706139,1396,6,9,3
20190706140,1406,9,5,4
20190706141,1416,6,4,2
20190706142,1426,6,3,3
20190706143,1436,1,0,1
20190706144,1446,6,0,6
20190706145,1456,0,3,3
20190706146,1466,7,7,0
20190706147,1476,2,3,1
20190706148,1486,8,1,7
20190706149,1496,7,0,7
20190706150,1506,8,7,1
20190706151,1516,8,1,7
20190706152,1526,0,9,9
20190706153,1536,0,3,3
20190706154,1546,9,2,7
20190706155,1556,2,6,4
20190706156,1566,4,9,5
20190706157,1576,9,9,0
20190706158,1586,3,5,2
20190706159,1596,5,9,4
20190706160,1606,8,3,5
20190706161,1616,8,7,1
20190706162,1626,5,4,1
20190706163,1636,7,0,7
20190706164,1646,5,2,3
20190706165,1656,5,6,1
20190706166,1666,2,9,7
20190706167,1676,3,5,2
20190706168,1686,1,5,4
20190706169,1696,4,6,2
20190706170,1706,2,8,6
20190706171,1716,0,5,5
20190706172,1726,9,4,5
20190706173,1736,1,6,5
20190706174,1746,1,1,0
20190706175,1756,6,0,6
20190706176,1766,0,5,5
20190706177,1776,7,7,0
20190706178,1786,2,5,3
20190706179,1796,7,7,0
20190706180,1806,9,8,1
20190706181,1816,6,6,0
20190706182,1826,6,1,5
20190706183,1836,0,0,0
20190706184,1846,0,2,2
20190706185,1856,5,9,4
20190706186,1866,9,4,5
20190706187,1876,4,8,4
20190706188,1886,9,2,7
20190706189,1896,6,5,1
20190706190,1906,9,4,5
20190706191,1916,8,6,2
20190706192,1926,4,6,2
20190706193,1936,1,3,2
20190706194,1946,7,8,1
20190706195,1956,0,9,9
20190706196,1966,1,3,2
20190706197,1976,3,0,3
20190706198,1986,1,2,1
20190706199,1996,3,4,1
20190706200,2006,6,1,5
20190706201,2016,4,3,1
20190706202,2026,3,6,3
20190706203,2036,6,7,1
20190706204,2046,9,0,9
20190706205,2056,9,8,1
20190706206,2066,6,5,1
20190706207,2076,2,4,2
20190706208,2086,2,7,5
20190706209,2096,6,2,4
20190706210,2106,4,1,3
20190706211,2116,6,9,3
20190706212,2126,4,4,0
20190706213,2136,0,9,9
20190706214,2146,8,7,1
20190706215,2156,3,6,3
20190706216,2166,9,4,5
20190706217,2176,8,9,1
20190706218,2186,7,5,2
20190706219,2196,1,0,1
20190706220,2206,3,3,0
20190706221,2216,5,0,5
20190706222,2226,7,1,6
20190706223,2236,2,7,5
20190706224,2246,4,0,4
20190706225,2256,4,5,1
20190706226,2266,8,7,1
20190706227,2276,2,1,1
20190706228,2286,6,0,6
20190706229,2296,8,0,8
20190706230,2306,1,4,3
20190706231,2316,6,7,1
20190706232,2326,3,8,5
20190706233,2336,0,4,4
20190706234,2346,9,5,4
20190706235,2356,9,1,8
20190706236,2366,8,6,2
20190706237,2376,7,3,4
20190706238,2386,1,3,2
20190706239,2396,1,9,8
20190706240,2406,0,5,5
20190706241,2416,9,4,5
20190706242,2426,0,4,4
20190706243,2436,4,3,1
20190706244,2446,1,8,7
20190706245,2456,0,2,2
20190706246,2466,1,0,1
20190706247,2476,5,2,3
20190706248,2486,1,2,1
20190706249,2496,0,9,9
20190706250,2506,5,3,2
20190706251,2516,9,0,9
20190706252,2526,9,2,7
20190706253,2536,4,9,5
20190706254,2546,2,5,3
20190706255,2556,7,9,2
20190706256,2566,0,2,2
20190706257,2576,7,2,5
20190706258,2586,6,8,2
20190706259,2596,5,3,2
20190706260,2606,9,4,5
20190706261,2616,5,4,1
20190706262,2626,1,1,0
20190706263,2636,5,6,1
20190706264,2646,2,2,0
20190706265,2656,4,1,3
20190706266,2666,2,3,1
20190706267,2676,2,3,1
20190706268,2686,5,8,3
20190706269,2696,5,9,4
20190706270,2706,2,7,5
20190706271,2716,7,4,3
20190706272,2726,8,8,0
20190706273,2736,6,7,1
20190706274,2746,0,5,5
20190706275,2756,1,3,2
20190706276,2766,0,5,5
20190706277,2776,8,6,2
20190706278,2786,5,4,1
20190706279,2796,4,5,1
20190706280,2806,6,8,2
20190706281,2816,3,6,3
20190706282,2826,2,4,2
20190706283,2836,5,9,4
20190706284,2846,1,0,1
20190706285,2856,2,6,4
20190706286,2866,1,8,7
20190706287,2876,5,4,1
20190706288,2886,1,5,4
20190707001,17,7,6,1
20190707002,27,9,2,7
20190707003,37,5,7,2
20190707004,47,3,5,2
20190707005,57,2,7,5
20190707006,67,8,5,3
20190707007,77,1,5,4
20190707008,87,8,3,5
20190707009,97,8,4,4
20190707010,107,3,0,3
20190707011,117,8,3,5
20190707012,127,8,2,6
20190707013,137,3,0,3
20190707014,147,5,7,2
20190707015,157,5,7,2
20190707016,167,2,5,3
20190707017,177,1,1,0
20190707018,187,5,2,3
20190707019,197,3,8,5
20190707020,207,0,6,6
20190707021,217,1,8,7
20190707022,227,4,6,2
20190707023,237,6,0,6
20190707024,247,8,3,5
20190707025,257,1,3,2
20190707026,267,1,0,1
20190707027,277,8,5,3
20190707028,287,0,6,6
20190707029,297,9,8,1
20190707030,307,0,6,6
20190707031,317,7,8,1
20190707032,327,8,9,1
20190707033,337,0,8,8
20190707034,347,8,2,6
20190707035,357,2,3,1
20190707036,367,5,6,1
20190707037,377,2,5,3
20190707038,387,5,7,2
20190707039,397,9,2,7
20190707040,407,6,1,5
20190707041,417,5,7,2
20190707042,427,5,3,2
20190707043,437,9,7,2
20190707044,447,4,8,4
20190707045,457,0,2,2
20190707046,467,1,5,4
20190707047,477,6,5,1
20190707048,487,3,4,1
20190707049,497,7,9,2
20190707050,507,5,5,0
20190707051,517,2,5,3
20190707052,527,3,9,6
20190707053,537,8,4,4
20190707054,547,4,8,4
20190707055,557,2,6,4
20190707056,567,7,5,2
20190707057,577,9,4,5
20190707058,587,0,8,8
20190707059,597,6,5,1
20190707060,607,7,9,2
20190707061,617,3,2,1
20190707062,627,9,1,8
20190707063,637,5,7,2
20190707064,647,5,6,1
20190707065,657,1,6,5
20190707066,667,2,9,7
20190707067,677,8,2,6
20190707068,687,0,3,3
20190707069,697,1,2,1
20190707070,707,9,7,2
20190707071,717,5,3,2
20190707072,727,4,7,3
20190707073,737,4,5,1
20190707074,747,6,6,0
20190707075,757,9,6,3
20190707076,767,3,8,5
20190707077,777,4,7,3
20190707078,787,8,4,4
20190707079,797,2,4,2
20190707080,807,9,7,2
20190707081,817,6,4,2
20190707082,827,5,9,4
20190707083,837,5,1,4
20190707084,847,3,6,3
20190707085,857,5,4,1
20190707086,867,8,1,7
20190707087,877,5,5,0
20190707088,887,0,7,7
20190707089,897,9,3,6
20190707090,907,0,3,3
20190707091,917,5,6,1
20190707092,927,9,8,1
20190707093,937,9,0,9
20190707094,947,9,6,3
20190707095,957,3,1,2
20190707096,967,7,0,7
20190707097,977,5,1,4
20190707098,987,6,3,3
20190707099,997,5,1,4
20190707100,1007,3,7,4
20190707101,1017,0,2,2
20190707102,1027,0,9,9
20190707103,1037,6,6,0
20190707104,1047,4,7,3
20190707105,1057,4,7,3
20190707106,1067,5,4,1
20190707107,1077,7,8,1
20190707108,1087,4,9,5
20190707109,1097,5,6,1
20190707110,1107,3,3,0
20190707111,1117,9,5,4
20190707112,1127,4,8,4
20190707113,1137,0,6,6
20190707114,1147,7,0,7
20190707115,1157,1,3,2
20190707116,1167,7,3,4
20190707117,1177,7,4,3
20190707118,1187,7,4,3
20190707119,1197,8,1,7
20190707120,1207,6,3,3
20190707121,1217,3,7,4
20190707122,1227,2,4,2
20190707123,1237,9,1,8
20190707124,1247,0,1,1
20190707125,1257,5,5,0
20190707126,1267,6,2,4
20190707127,1277,0,7,7
20190707128,1287,8,7,1
20190707129,1297,0,7,7
20190707130,1307,1,1,0
20190707131,1317,6,5,1
20190707132,1327,6,9,3
20190707133,1337,8,4,4
20190707134,1347,4,9,5
20190707135,1357,9,3,6
20190707136,1367,3,9,6
20190707137,1377,5,9,4
20190707138,1387,1,7,6
20190707139,1397,3,7,4
20190707140,1407,3,5,2
20190707141,1417,5,4,1
20190707142,1427,4,5,1
20190707143,1437,4,2,2
20190707144,1447,6,9,3
20190707145,1457,7,3,4
20190707146,1467,0,9,9
20190707147,1477,6,5,1
20190707148,1487,8,7,1
20190707149,1497,9,0,9
20190707150,1507,9,5,4
20190707151,1517,2,1,1
20190707152,1527,0,2,2
20190707153,1537,3,7,4
20190707154,1547,5,3,2
20190707155,1557,7,3,4
20190707156,1567,0,7,7
20190707157,1577,8,1,7
20190707158,1587,9,3,6
20190707159,1597,9,1,8
20190707160,1607,4,3,1
20190707161,1617,8,4,4
20190707162,1627,2,5,3
20190707163,1637,8,6,2
20190707164,1647,8,7,1
20190707165,1657,0,6,6
20190707166,1667,6,5,1
20190707167,1677,8,4,4
20190707168,1687,3,0,3
20190707169,1697,4,1,3
20190707170,1707,4,1,3
20190707171,1717,3,5,2
20190707172,1727,2,0,2
20190707173,1737,5,6,1
20190707174,1747,4,5,1
20190707175,1757,5,6,1
20190707176,1767,7,1,6
20190707177,1777,5,8,3
20190707178,1787,1,7,6
20190707179,1797,9,7,2
20190707180,1807,9,5,4
20190707181,1817,4,1,3
20190707182,1827,5,8,3
20190707183,1837,6,4,2
20190707184,1847,9,5,4
20190707185,1857,9,0,9
20190707186,1867,1,9,8
20190707187,1877,7,0,7
20190707188,1887,6,8,2
20190707189,1897,2,5,3
20190707190,1907,1,9,8
20190707191,1917,4,0,4
20190707192,1927,8,3,5
20190707193,1937,5,5,0
20190707194,1947,2,8,6
20190707195,1957,4,1,3
20190707196,1967,3,3,0
20190707197,1977,3,1,2
20190707198,1987,9,3,6
20190707199,1997,1,2,1
20190707200,2007,8,1,7
20190707201,2017,3,5,2
20190707202,2027,9,5,4
20190707203,2037,2,6,4
20190707204,2047,5,6,1
20190707205,2057,0,8,8
20190707206,2067,7,5,2
20190707207,2077,9,3,6
20190707208,2087,4,6,2
20190707209,2097,0,2,2
20190707210,2107,3,5,2
20190707211,2117,2,9,7
20190707212,2127,4,1,3
20190707213,2137,2,8,6
20190707214,2147,3,5,2
20190707215,2157,7,2,5
20190707216,2167,9,5,4
20190707217,2177,0,5,5
20190707218,2187,9,0,9
20190707219,2197,4,1,3
20190707220,2207,9,4,5
20190707221,2217,8,6,2
20190707222,2227,2,3,1
20190707223,2237,8,7,1
20190707224,2247,2,5,3
20190707225,2257,3,5,2
20190707226,2267,6,9,3
20190707227,2277,6,7,1
20190707228,2287,8,9,1
20190707229,2297,8,1,7
20190707230,2307,0,8,8
20190707231,2317,3,6,3
20190707232,2327,5,3,2
20190707233,2337,1,0,1
20190707234,2347,6,9,3
20190707235,2357,8,8,0
20190707236,2367,8,9,1
20190707237,2377,8,8,0
20190707238,2387,2,7,5
20190707239,2397,7,5,2
20190707240,2407,2,7,5
20190707241,2417,0,6,6
20190707242,2427,0,5,5
20190707243,2437,4,6,2
20190707244,2447,1,4,3
20190707245,2457,7,7,0
20190707246,2467,1,3,2
20190707247,2477,4,6,2
20190707248,2487,0,6,6
20190707249,2497,1,7,6
20190707250,2507,5,2,3
20190707251,2517,3,5,2
20190707252,2527,0,5,5
20190707253,2537,3,9,6
20190707254,2547,4,1,3
20190707255,2557,4,1,3
20190707256,2567,3,8,5
20190707257,2577,9,5,4
20190707258,2587,6,2,4
20190707259,2597,4,9,5
20190707260,2607,9,5,4
20190707261,2617,6,2,4
20190707262,2627,5,9,4
20190707263,2637,2,0,2
20190707264,2647,0,2,2
20190707265,2657,8,2,6
20190707266,2667,8,8,0
20190707267,2677,3,4,1
20190707268,2687,6,1,5
20190707269,2697,6,6,0
20190707270,2707,0,5,5
20190707271,2717,4,9,5
20190707272,2727,7,3,4
20190707273,2737,6,3,3
20190707274,2747,5,4,1
20190707275,2757,5,9,4
20190707276,2767,6,4,2
20190707277,2777,8,8,0
20190707278,2787,5,5,0
20190707279,2797,0,5,5
20190707280,2807,9,8,1
20190707281,2817,4,8,4
20190707282,2827,9,3,6
20190707283,2837,6,5,1
20190707284,2847,7,0,7
20190707285,2857,6,0,6
20190707286,2867,6,4,2
20190707287,2877,5,1,4
20190707288,2887,6,8,2
20190708001,11,0,8,8
20190708002,21,0,5,5
20190708003,31,2,9,7
20190708004,41,6,2,4
20190708005,51,3,3,0
20190708006,61,2,7,5
20190708007,71,9,4,5
20190708008,81,4,0,4
20190708009,91,9,3,6
20190708010,101,7,5,2
20190708011,111,3,4,1
20190708012,121,9,0,9
20190708013,131,8,1,7
20190708014,141,0,2,2
20190708015,151,0,4,4
20190708016,161,4,2,2
20190708017,171,9,5,4
20190708018,181,9,1,8
20190708019,191,8,7,1
20190708020,201,0,3,3
20190708021,211,7,1,6
20190708022,221,4,1,3
20190708023,231,4,5,1
20190708024,241,5,6,1
20190708025,251,3,4,1
20190708026,261,8,9,1
20190708027,271,7,6,1
20190708028,281,2,7,5
20190708029,291,9,1,8
20190708030,301,1,9,8
20190708031,311,0,1,1
20190708032,321,6,6,0
20190708033,331,9,6,3
20190708034,341,4,0,4
20190708035,351,1,7,6
20190708036,361,9,2,7
20190708037,371,1,2,1
20190708038,381,0,3,3
20190708039,391,4,1,3
20190708040,401,5,7,2
20190708041,411,9,9,0
20190708042,421,0,8,8
20190708043,431,1,4,3
20190708044,441,8,9,1
20190708045,451,2,8,6
20190708046,461,3,2,1
20190708047,471,4,4,0
20190708048,481,0,4,4
20190708049,491,1,1,0
20190708050,501,4,2,2
20190708051,511,0,5,5
20190708052,521,9,7,2
20190708053,531,4,7,3
20190708054,541,4,0,4
20190708055,551,1,5,4
20190708056,561,0,2,2
20190708057,571,9,3,6
20190708058,581,1,3,2
20190708059,591,9,2,7
20190708060,601,8,7,1
20190708061,611,2,3,1
20190708062,621,1,8,7
20190708063,631,6,1,5
20190708064,641,7,7,0
20190708065,651,5,8,3
20190708066,661,7,2,5
20190708067,671,9,4,5
20190708068,681,5,6,1
20190708069,691,3,9,6
20190708070,701,5,6,1
20190708071,711,7,8,1
20190708072,721,4,9,5
20190708073,731,7,5,2
20190708074,741,4,2,2
20190708075,751,9,1,8
20190708076,761,5,1,4
20190708077,771,5,3,2
20190708078,781,1,4,3
20190708079,791,5,8,3
20190708080,801,4,4,0
20190708081,811,4,2,2
20190708082,821,2,5,3
20190708083,831,2,3,1
20190708084,841,2,2,0
20190708085,851,2,5,3
20190708086,861,4,2,2
20190708087,871,1,3,2
20190708088,881,9,1,8
20190708089,891,6,9,3
20190708090,901,6,7,1
20190708091,911,3,7,4
20190708092,921,7,2,5
20190708093,931,5,1,4
20190708094,941,9,4,5
20190708095,951,0,5,5
20190708096,961,8,1,7
20190708097,971,7,9,2
20190708098,981,5,0,5
20190708099,991,0,8,8
20190708100,1001,8,4,4
20190708101,1011,7,5,2
20190708102,1021,0,8,8
20190708103,1031,2,6,4
20190708104,1041,6,2,4
20190708105,1051,8,2,6
20190708106,1061,9,4,5
20190708107,1071,6,0,6
20190708108,1081,2,6,4
20190708109,1091,5,3,2
20190708110,1101,4,8,4
20190708111,1111,3,8,5
20190708112,1121,7,7,0
20190708113,1131,7,1,6
20190708114,1141,8,7,1
20190708115,1151,3,5,2
20190708116,1161,1,6,5
20190708117,1171,7,5,2
20190708118,1181,8,2,6
20190708119,1191,1,4,3
20190708120,1201,8,6,2
20190708121,1211,1,3,2
20190708122,1221,4,2,2
20190708123,1231,5,0,5
20190708124,1241,3,5,2
20190708125,1251,3,4,1
20190708126,1261,5,5,0
20190708127,1271,9,5,4
20190708128,1281,0,6,6
20190708129,1291,7,4,3
20190708130,1301,1,4,3
20190708131,1311,0,6,6
20190708132,1321,6,9,3
20190708133,1331,6,0,6
20190708134,1341,2,2,0
20190708135,1351,5,1,4
20190708136,1361,2,8,6
20190708137,1371,0,9,9
20190708138,1381,9,1,8
20190708139,1391,9,0,9
20190708140,1401,7,2,5
20190708141,1411,6,6,0
20190708142,1421,6,4,2
20190708143,1431,3,4,1
20190708144,1441,7,3,4
20190708145,1451,8,8,0
20190708146,1461,2,2,0
20190708147,1471,6,1,5
20190708148,1481,9,8,1
20190708149,1491,2,5,3
20190708150,1501,8,6,2
20190708151,1511,3,4,1
20190708152,1521,4,9,5
20190708153,1531,4,5,1
20190708154,1541,1,3,2
20190708155,1551,8,8,0
20190708156,1561,6,8,2
20190708157,1571,9,0,9
20190708158,1581,1,7,6
20190708159,1591,6,6,0
20190708160,1601,1,1,0
20190708161,1611,2,0,2
20190708162,1621,9,7,2
20190708163,1631,1,4,3
20190708164,1641,9,6,3
20190708165,1651,7,9,2
20190708166,1661,0,8,8
20190708167,1671,4,0,4
20190708168,1681,6,5,1
20190708169,1691,3,5,2
20190708170,1701,8,9,1
20190708171,1711,8,2,6
20190708172,1721,1,8,7
20190708173,1731,3,1,2
20190708174,1741,4,2,2
20190708175,1751,1,7,6
20190708176,1761,5,3,2
20190708177,1771,0,1,1
20190708178,1781,8,6,2
20190708179,1791,7,7,0
20190708180,1801,3,3,0
20190708181,1811,9,3,6
20190708182,1821,9,1,8
20190708183,1831,1,2,1
20190708184,1841,9,7,2
20190708185,1851,6,5,1
20190708186,1861,9,7,2
20190708187,1871,6,3,3
20190708188,1881,4,8,4
20190708189,1891,8,3,5
20190708190,1901,0,6,6
20190708191,1911,5,0,5
20190708192,1921,6,0,6
20190708193,1931,2,4,2
20190708194,1941,5,4,1
20190708195,1951,5,0,5
20190708196,1961,0,0,0
20190708197,1971,0,0,0
20190708198,1981,6,9,3
20190708199,1991,8,1,7
20190708200,2001,8,2,6
20190708201,2011,9,6,3
20190708202,2021,1,0,1
20190708203,2031,3,5,2
20190708204,2041,9,5,4
20190708205,2051,6,9,3
20190708206,2061,6,9,3
20190708207,2071,4,9,5
20190708208,2081,2,4,2
20190708209,2091,9,2,7
20190708210,2101,1,3,2
20190708211,2111,6,2,4
20190708212,2121,2,8,6
20190708213,2131,6,7,1
20190708214,2141,3,6,3
20190708215,2151,0,9,9
20190708216,2161,3,0,3
20190708217,2171,7,8,1
20190708218,2181,3,4,1
20190708219,2191,8,8,0
20190708220,2201,0,9,9
20190708221,2211,1,1,0
20190708222,2221,0,3,3
20190708223,2231,6,1,5
20190708224,2241,3,8,5
20190708225,2251,1,7,6
20190708226,2261,7,5,2
20190708227,2271,0,0,0
20190708228,2281,4,2,2
20190708229,2291,9,7,2
20190708230,2301,1,1,0
20190708231,2311,0,9,9
20190708232,2321,9,3,6
20190708233,2331,3,7,4
20190708234,2341,9,2,7
20190708235,2351,8,0,8
20190708236,2361,1,8,7
20190708237,2371,5,2,3
20190708238,2381,8,4,4
20190708239,2391,0,7,7
20190708240,2401,0,3,3
20190708241,2411,3,1,2
20190708242,2421,3,8,5
20190708243,2431,7,1,6
20190708244,2441,7,6,1
20190708245,2451,0,8,8
20190708246,2461,8,9,1
20190708247,2471,4,7,3
20190708248,2481,9,0,9
20190708249,2491,5,3,2
20190708250,2501,9,1,8
20190708251,2511,1,1,0
20190708252,2521,7,8,1
20190708253,2531,2,9,7
20190708254,2541,4,6,2
20190708255,2551,7,5,2
20190708256,2561,7,9,2
20190708257,2571,6,8,2
20190708258,2581,6,9,3
20190708259,2591,2,0,2
20190708260,2601,2,6,4
20190708261,2611,6,8,2
20190708262,2621,7,4,3
20190708263,2631,1,3,2
20190708264,2641,5,5,0
20190708265,2651,5,5,0
20190708266,2661,1,8,7
20190708267,2671,6,2,4
20190708268,2681,5,0,5
20190708269,2691,5,9,4
20190708270,2701,4,0,4
20190708271,2711,5,8,3
20190708272,2721,7,4,3
20190708273,2731,5,1,4
20190708274,2741,4,8,4
20190708275,2751,3,5,2
20190708276,2761,3,3,0
20190708277,2771,0,5,5
20190708278,2781,4,9,5
20190708279,2791,2,1,1
20190708280,2801,6,4,2
20190708281,2811,7,5,2
20190708282,2821,0,6,6
20190708283,2831,2,3,1
20190708284,2841,9,0,9
20190708285,2851,3,8,5
20190708286,2861,1,0,1
20190708287,2871,1,7,6
20190708288,2881,9,9,0
20190709001,12,7,4,3
20190709002,22,7,6,1
20190709003,32,7,6,1
20190709004,42,4,8,4
20190709005,52,4,0,4
20190709006,62,7,8,1
20190709007,72,4,6,2
20190709008,82,6,3,3
20190709009,92,1,3,2
20190709010,102,3,7,4
20190709011,112,5,0,5
20190709012,122,0,3,3
20190709013,132,1,8,7
20190709014,142,8,3,5
20190709015,152,2,0,2
20190709016,162,0,8,8
20190709017,172,7,6,1
20190709018,182,4,6,2
20190709019,192,4,5,1
20190709020,202,2,7,5
20190709021,212,1,5,4
20190709022,222,7,4,3
20190709023,232,2,9,7
20190709024,242,5,3,2
20190709025,252,5,8,3
20190709026,262,5,3,2
20190709027,272,8,0,8
20190709028,282,8,8,0
20190709029,292,6,0,6
20190709030,302,1,8,7
20190709031,312,2,7,5
20190709032,322,6,0,6
20190709033,332,1,3,2
20190709034,342,5,9,4
20190709035,352,7,2,5
20190709036,362,0,0,0
20190709037,372,0,2,2
20190709038,382,5,0,5
20190709039,392,4,3,1
20190709040,402,3,7,4
20190709041,412,5,6,1
20190709042,422,8,5,3
20190709043,432,9,0,9
20190709044,442,7,2,5
20190709045,452,0,6,6
20190709046,462,8,4,4
20190709047,472,1,2,1
20190709048,482,2,1,1
20190709049,492,3,5,2
20190709050,502,0,6,6
20190709051,512,3,2,1
20190709052,522,2,8,6
20190709053,532,3,9,6
20190709054,542,2,0,2
20190709055,552,5,7,2
20190709056,562,3,0,3
20190709057,572,1,2,1
20190709058,582,0,6,6
20190709059,592,8,9,1
20190709060,602,9,5,4
20190709061,612,4,0,4
20190709062,622,5,3,2
20190709063,632,9,7,2
20190709064,642,5,7,2
20190709065,652,7,7,0
20190709066,662,4,5,1
20190709067,672,0,2,2
20190709068,682,1,3,2
20190709069,692,9,9,0
20190709070,702,8,6,2
20190709071,712,1,9,8
20190709072,722,3,4,1
20190709073,732,7,5,2
20190709074,742,6,3,3
20190709075,752,2,0,2
20190709076,762,7,2,5
20190709077,772,8,7,1
20190709078,782,4,8,4
20190709079,792,3,5,2
20190709080,802,6,4,2
20190709081,812,1,8,7
20190709082,822,5,9,4
20190709083,832,3,8,5
20190709084,842,4,4,0
20190709085,852,5,5,0
20190709086,862,8,3,5
20190709087,872,0,2,2
20190709088,882,8,3,5
20190709089,892,7,7,0
20190709090,902,4,7,3
20190709091,912,3,1,2
20190709092,922,0,9,9
20190709093,932,3,9,6
20190709094,942,1,3,2
20190709095,952,5,2,3
20190709096,962,0,5,5
20190709097,972,4,7,3
20190709098,982,7,0,7
20190709099,992,1,7,6
20190709100,1002,6,9,3
20190709101,1012,6,0,6
20190709102,1022,2,2,0
20190709103,1032,4,1,3
20190709104,1042,5,9,4
20190709105,1052,5,8,3
20190709106,1062,0,9,9
20190709107,1072,4,3,1
20190709108,1082,1,8,7
20190709109,1092,4,2,2
20190709110,1102,0,2,2
20190709111,1112,1,4,3
20190709112,1122,3,9,6
20190709113,1132,8,6,2
20190709114,1142,2,7,5
20190709115,1152,4,1,3
20190709116,1162,0,5,5
20190709117,1172,2,4,2
20190709118,1182,9,0,9
20190709119,1192,5,8,3
20190709120,1202,8,4,4
20190709121,1212,8,9,1
20190709122,1222,4,6,2
20190709123,1232,8,6,2
20190709124,1242,7,2,5
20190709125,1252,1,5,4
20190709126,1262,0,9,9
20190709127,1272,9,6,3
20190709128,1282,1,9,8
20190709129,1292,1,1,0
20190709130,1302,4,4,0
20190709131,1312,9,2,7
20190709132,1322,8,5,3
20190709133,1332,4,1,3
20190709134,1342,1,1,0
20190709135,1352,3,1,2
20190709136,1362,5,9,4
20190709137,1372,5,6,1
20190709138,1382,5,1,4
20190709139,1392,8,4,4
20190709140,1402,5,4,1
20190709141,1412,0,7,7
20190709142,1422,6,2,4
20190709143,1432,0,8,8
20190709144,1442,5,3,2
20190709145,1452,1,1,0
20190709146,1462,6,3,3
20190709147,1472,7,7,0
20190709148,1482,7,3,4
20190709149,1492,2,4,2
20190709150,1502,3,2,1
20190709151,1512,4,7,3
20190709152,1522,4,4,0
20190709153,1532,7,6,1
20190709154,1542,1,9,8
20190709155,1552,7,4,3
20190709156,1562,9,3,6
20190709157,1572,4,6,2
20190709158,1582,1,0,1
20190709159,1592,0,6,6
20190709160,1602,0,4,4
20190709161,1612,4,9,5
20190709162,1622,2,2,0
20190709163,1632,2,2,0
20190709164,1642,9,9,0
20190709165,1652,7,7,0
20190709166,1662,6,4,2
20190709167,1672,5,5,0
20190709168,1682,2,0,2
20190709169,1692,2,1,1
20190709170,1702,7,3,4
20190709171,1712,0,8,8
20190709172,1722,6,3,3
20190709173,1732,6,4,2
20190709174,1742,5,4,1
20190709175,1752,3,6,3
20190709176,1762,0,0,0
20190709177,1772,2,7,5
20190709178,1782,2,8,6
20190709179,1792,3,3,0
20190709180,1802,0,8,8
20190709181,1812,9,9,0
20190709182,1822,3,3,0
20190709183,1832,6,0,6
20190709184,1842,3,4,1
20190709185,1852,6,2,4
20190709186,1862,2,9,7
20190709187,1872,9,1,8
20190709188,1882,0,2,2
20190709189,1892,0,5,5
20190709190,1902,5,1,4
20190709191,1912,6,3,3
20190709192,1922,0,4,4
20190709193,1932,7,5,2
20190709194,1942,0,0,0
20190709195,1952,2,8,6
20190709196,1962,5,8,3
20190709197,1972,3,1,2
20190709198,1982,0,0,0
20190709199,1992,7,7,0
20190709200,2002,2,4,2
20190709201,2012,7,7,0
20190709202,2022,9,6,3
20190709203,2032,5,1,4
20190709204,2042,5,0,5
20190709205,2052,5,9,4
20190709206,2062,0,2,2
20190709207,2072,6,3,3
20190709208,2082,6,2,4
20190709209,2092,7,6,1
20190709210,2102,2,1,1
20190709211,2112,6,3,3
20190709212,2122,3,4,1
20190709213,2132,5,2,3
20190709214,2142,4,3,1
20190709215,2152,7,2,5
20190709216,2162,6,7,1
20190709217,2172,3,4,1
20190709218,2182,5,1,4
20190709219,2192,1,4,3
20190709220,2202,5,9,4
20190709221,2212,5,8,3
20190709222,2222,2,6,4
20190709223,2232,4,0,4
20190709224,2242,3,5,2
20190709225,2252,6,1,5
20190709226,2262,0,2,2
20190709227,2272,4,6,2
20190709228,2282,3,5,2
20190709229,2292,3,5,2
20190709230,2302,7,9,2
20190709231,2312,4,9,5
20190709232,2322,2,7,5
20190709233,2332,9,3,6
20190709234,2342,2,4,2
20190709235,2352,9,5,4
20190709236,2362,5,7,2
20190709237,2372,9,4,5
20190709238,2382,1,4,3
20190709239,2392,3,7,4
20190709240,2402,6,0,6
20190709241,2412,2,3,1
20190709242,2422,0,7,7
20190709243,2432,7,5,2
20190709244,2442,4,1,3
20190709245,2452,2,0,2
20190709246,2462,2,7,5
20190709247,2472,6,6,0
20190709248,2482,6,3,3
20190709249,2492,1,0,1
20190709250,2502,7,4,3
20190709251,2512,6,2,4
20190709252,2522,3,5,2
20190709253,2532,4,3,1
20190709254,2542,6,7,1
20190709255,2552,2,1,1
20190709256,2562,2,1,1
20190709257,2572,8,5,3
20190709258,2582,6,7,1
20190709259,2592,0,7,7
20190709260,2602,9,4,5
20190709261,2612,8,4,4
20190709262,2622,6,8,2
20190709263,2632,8,7,1
20190709264,2642,7,7,0
20190709265,2652,8,1,7
20190709266,2662,0,2,2
20190709267,2672,6,5,1
20190709268,2682,9,4,5
20190709269,2692,2,0,2
20190709270,2702,9,0,9
20190709271,2712,2,1,1
20190709272,2722,9,0,9
20190709273,2732,2,6,4
20190709274,2742,9,1,8
20190709275,2752,8,0,8
20190709276,2762,4,8,4
20190709277,2772,0,3,3
20190709278,2782,6,7,1
20190709279,2792,4,4,0
20190709280,2802,9,8,1
20190709281,2812,2,4,2
20190709282,2822,9,5,4
20190709283,2832,0,8,8
20190709284,2842,7,8,1
20190709285,2852,1,0,1
20190709286,2862,9,3,6
20190709287,2872,1,6,5
20190709288,2882,3,7,4
20190710001,13,4,5,1
20190710002,23,3,7,4
20190710003,33,9,9,0
20190710004,43,4,4,0
20190710005,53,4,0,4
20190710006,63,6,8,2
20190710007,73,5,3,2
20190710008,83,0,1,1
20190710009,93,0,0,0
20190710010,103,3,4,1
20190710011,113,4,1,3
20190710012,123,9,6,3
20190710013,133,2,3,1
20190710014,143,8,2,6
20190710015,153,1,2,1
20190710016,163,3,1,2
20190710017,173,9,1,8
20190710018,183,8,3,5
20190710019,193,3,5,2
20190710020,203,2,8,6
20190710021,213,9,8,1
20190710022,223,7,0,7
20190710023,233,9,9,0
20190710024,243,6,7,1
20190710025,253,4,1,3
20190710026,263,2,3,1
20190710027,273,5,3,2
20190710028,283,9,8,1
20190710029,293,8,2,6
20190710030,303,1,7,6
20190710031,313,5,6,1
20190710032,323,2,8,6
20190710033,333,6,5,1
20190710034,343,2,2,0
20190710035,353,7,3,4
20190710036,363,5,8,3
20190710037,373,4,9,5
20190710038,383,9,1,8
20190710039,393,8,5,3
20190710040,403,3,7,4
20190710041,413,5,9,4
20190710042,423,0,0,0
20190710043,433,1,0,1
20190710044,443,7,1,6
20190710045,453,7,9,2
20190710046,463,3,5,2
20190710047,473,7,9,2
20190710048,483,5,3,2
20190710049,493,0,7,7
20190710050,503,8,5,3
20190710051,513,1,7,6
20190710052,523,0,1,1
20190710053,533,8,9,1
20190710054,543,4,0,4
20190710055,553,3,8,5
20190710056,563,7,4,3
20190710057,573,6,1,5
20190710058,583,5,7,2
20190710059,593,5,5,0
20190710060,603,8,4,4
20190710061,613,3,2,1
20190710062,623,3,2,1
20190710063,633,1,5,4
20190710064,643,9,2,7
20190710065,653,8,3,5
20190710066,663,9,9,0
20190710067,673,6,2,4
20190710068,683,7,7,0
20190710069,693,5,9,4
20190710070,703,9,5,4
20190710071,713,6,2,4
20190710072,723,1,7,6
20190710073,733,8,9,1
20190710074,743,6,4,2
20190710075,753,7,7,0
20190710076,763,2,6,4
20190710077,773,1,8,7
20190710078,783,1,2,1
20190710079,793,2,2,0
20190710080,803,7,6,1
20190710081,813,1,2,1
20190710082,823,4,7,3
20190710083,833,9,3,6
20190710084,843,5,1,4
20190710085,853,2,3,1
20190710086,863,4,3,1
20190710087,873,8,0,8
20190710088,883,7,0,7
20190710089,893,2,4,2
20190710090,903,1,6,5
20190710091,913,8,6,2
20190710092,923,0,6,6
20190710093,933,7,9,2
20190710094,943,1,2,1
20190710095,953,4,8,4
20190710096,963,7,0,7
20190710097,973,9,2,7
20190710098,983,2,6,4
20190710099,993,9,2,7
20190710100,1003,7,1,6
20190710101,1013,8,6,2
20190710102,1023,2,3,1
20190710103,1033,0,7,7
20190710104,1043,7,9,2
20190710105,1053,3,2,1
20190710106,1063,5,7,2
20190710107,1073,9,3,6
20190710108,1083,9,5,4
20190710109,1093,5,2,3
20190710110,1103,5,6,1
20190710111,1113,5,5,0
20190710112,1123,7,2,5
20190710113,1133,1,6,5
20190710114,1143,9,1,8
20190710115,1153,6,4,2
20190710116,1163,7,8,1
20190710117,1173,6,5,1
20190710118,1183,5,5,0
20190710119,1193,8,9,1
20190710120,1203,1,6,5
20190710121,1213,7,4,3
20190710122,1223,5,1,4
20190710123,1233,0,6,6
20190710124,1243,4,2,2
20190710125,1253,7,5,2
20190710126,1263,7,2,5
20190710127,1273,5,8,3
20190710128,1283,6,0,6
20190710129,1293,6,2,4
20190710130,1303,0,2,2
20190710131,1313,0,3,3
20190710132,1323,8,8,0
20190710133,1333,3,4,1
20190710134,1343,4,4,0
20190710135,1353,5,9,4
20190710136,1363,9,8,1
20190710137,1373,1,0,1
20190710138,1383,6,0,6
20190710139,1393,5,4,1
20190710140,1403,7,2,5
20190710141,1413,4,6,2
20190710142,1423,1,8,7
20190710143,1433,9,1,8
20190710144,1443,8,3,5
20190710145,1453,4,3,1
20190710146,1463,5,6,1
20190710147,1473,2,0,2
20190710148,1483,9,7,2
20190710149,1493,2,8,6
20190710150,1503,6,6,0
20190710151,1513,6,3,3
20190710152,1523,3,4,1
20190710153,1533,6,7,1
20190710154,1543,3,0,3
20190710155,1553,4,3,1
20190710156,1563,4,7,3
20190710157,1573,3,5,2
20190710158,1583,7,6,1
20190710159,1593,5,4,1
20190710160,1603,1,8,7
20190710161,1613,3,2,1
20190710162,1623,0,6,6
20190710163,1633,9,1,8
20190710164,1643,2,3,1
20190710165,1653,0,7,7
20190710166,1663,9,0,9
20190710167,1673,9,4,5
20190710168,1683,0,3,3
20190710169,1693,1,3,2
20190710170,1703,8,9,1
20190710171,1713,3,1,2
20190710172,1723,0,7,7
20190710173,1733,6,3,3
20190710174,1743,6,1,5
20190710175,1753,4,8,4
20190710176,1763,1,0,1
20190710177,1773,5,6,1
20190710178,1783,0,3,3
20190710179,1793,7,3,4
20190710180,1803,2,3,1
20190710181,1813,8,5,3
20190710182,1823,5,6,1
20190710183,1833,3,7,4
20190710184,1843,4,3,1
20190710185,1853,4,0,4
20190710186,1863,0,4,4
20190710187,1873,7,3,4
20190710188,1883,4,0,4
20190710189,1893,7,2,5
20190710190,1903,7,5,2
20190710191,1913,4,9,5
20190710192,1923,7,5,2
20190710193,1933,0,7,7
20190710194,1943,6,2,4
20190710195,1953,5,8,3
20190710196,1963,0,3,3
20190710197,1973,5,2,3
20190710198,1983,3,8,5
20190710199,1993,4,0,4
20190710200,2003,5,8,3
20190710201,2013,8,7,1
20190710202,2023,7,8,1
20190710203,2033,2,7,5
20190710204,2043,8,0,8
20190710205,2053,4,0,4
20190710206,2063,1,9,8
20190710207,2073,1,0,1
20190710208,2083,6,0,6
20190710209,2093,8,9,1
20190710210,2103,6,8,2
20190710211,2113,3,5,2
20190710212,2123,1,5,4
20190710213,2133,5,3,2
20190710214,2143,0,9,9
20190710215,2153,7,9,2
20190710216,2163,6,7,1
20190710217,2173,5,9,4
20190710218,2183,7,5,2
20190710219,2193,6,0,6
20190710220,2203,5,4,1
20190710221,2213,3,7,4
20190710222,2223,8,8,0
20190710223,2233,2,0,2
20190710224,2243,5,4,1
20190710225,2253,6,5,1
20190710226,2263,7,1,6
20190710227,2273,5,4,1
20190710228,2283,6,2,4
20190710229,2293,2,1,1
20190710230,2303,7,6,1
20190710231,2313,2,4,2
20190710232,2323,0,4,4
20190710233,2333,0,0,0
20190710234,2343,3,9,6
20190710235,2353,6,9,3
20190710236,2363,4,0,4
20190710237,2373,0,6,6
20190710238,2383,7,2,5
20190710239,2393,5,3,2
20190710240,2403,3,1,2
20190710241,2413,5,7,2
20190710242,2423,7,5,2
20190710243,2433,2,3,1
20190710244,2443,5,2,3
20190710245,2453,5,3,2
20190710246,2463,4,9,5
20190710247,2473,3,8,5
20190710248,2483,7,4,3
20190710249,2493,2,2,0
20190710250,2503,2,8,6
20190710251,2513,8,2,6
20190710252,2523,7,6,1
20190710253,2533,7,2,5
20190710254,2543,2,1,1
20190710255,2553,0,2,2
20190710256,2563,6,3,3
20190710257,2573,8,5,3
20190710258,2583,8,1,7
20190710259,2593,2,2,0
20190710260,2603,4,4,0
20190710261,2613,7,8,1
20190710262,2623,7,7,0
20190710263,2633,3,0,3
20190710264,2643,0,0,0
20190710265,2653,7,2,5
20190710266,2663,5,4,1
20190710267,2673,0,5,5
20190710268,2683,8,0,8
20190710269,2693,5,3,2
20190710270,2703,1,9,8
20190710271,2713,7,4,3
20190710272,2723,8,3,5
20190710273,2733,0,2,2
20190710274,2743,0,3,3
20190710275,2753,0,6,6
20190710276,2763,2,5,3
20190710277,2773,1,3,2
20190710278,2783,9,4,5
20190710279,2793,3,3,0
20190710280,2803,8,0,8
20190710281,2813,6,8,2
20190710282,2823,0,5,5
20190710283,2833,9,1,8
20190710284,2843,3,7,4
20190710285,2853,8,4,4
20190710286,2863,1,3,2
20190710287,2873,2,2,0
20190710288,2883,8,5,3
20190711001,14,1,1,0
20190711002,24,2,3,1
20190711003,34,1,6,5
20190711004,44,6,3,3
20190711005,54,5,4,1
20190711006,64,5,2,3
20190711007,74,3,0,3
20190711008,84,5,9,4
20190711009,94,1,4,3
20190711010,104,5,6,1
20190711011,114,1,2,1
20190711012,124,9,7,2
20190711013,134,6,7,1
20190711014,144,4,1,3
20190711015,154,7,0,7
20190711016,164,7,2,5
20190711017,174,7,7,0
20190711018,184,0,1,1
20190711019,194,8,9,1
20190711020,204,5,5,0
20190711021,214,5,2,3
20190711022,224,1,5,4
20190711023,234,5,0,5
20190711024,244,3,3,0
20190711025,254,1,2,1
20190711026,264,4,3,1
20190711027,274,2,4,2
20190711028,284,7,9,2
20190711029,294,6,8,2
20190711030,304,3,8,5
20190711031,314,2,9,7
20190711032,324,4,5,1
20190711033,334,8,7,1
20190711034,344,9,0,9
20190711035,354,8,5,3
20190711036,364,6,9,3
20190711037,374,4,5,1
20190711038,384,0,4,4
20190711039,394,6,5,1
20190711040,404,9,0,9
20190711041,414,0,9,9
20190711042,424,9,3,6
20190711043,434,8,3,5
20190711044,444,5,9,4
20190711045,454,9,6,3
20190711046,464,5,4,1
20190711047,474,1,0,1
20190711048,484,1,1,0
20190711049,494,9,7,2
20190711050,504,5,6,1
20190711051,514,3,7,4
20190711052,524,9,5,4
20190711053,534,4,7,3
20190711054,544,9,0,9
20190711055,554,7,5,2
20190711056,564,0,3,3
20190711057,574,7,3,4
20190711058,584,2,5,3
20190711059,594,1,9,8
20190711060,604,3,6,3
20190711061,614,4,5,1
20190711062,624,1,5,4
20190711063,634,8,2,6
20190711064,644,0,6,6
20190711065,654,7,5,2
20190711066,664,1,5,4
20190711067,674,2,3,1
20190711068,684,8,4,4
20190711069,694,2,0,2
20190711070,704,2,0,2
20190711071,714,2,8,6
20190711072,724,9,6,3
20190711073,734,1,4,3
20190711074,744,8,5,3
20190711075,754,4,7,3
20190711076,764,7,9,2
20190711077,774,2,8,6
20190711078,784,1,9,8
20190711079,794,9,6,3
20190711080,804,0,7,7
20190711081,814,1,1,0
20190711082,824,4,5,1
20190711083,834,4,8,4
20190711084,844,2,3,1
20190711085,854,8,9,1
20190711086,864,4,5,1
20190711087,874,9,5,4
20190711088,884,5,5,0
20190711089,894,2,7,5
20190711090,904,3,1,2
20190711091,914,7,0,7
20190711092,924,4,1,3
20190711093,934,4,9,5
20190711094,944,6,3,3
20190711095,954,6,2,4
20190711096,964,0,1,1
20190711097,974,6,3,3
20190711098,984,3,4,1
20190711099,994,9,1,8
20190711100,1004,5,9,4
20190711101,1014,2,6,4
20190711102,1024,5,3,2
20190711103,1034,8,7,1
20190711104,1044,1,6,5
20190711105,1054,8,6,2
20190711106,1064,2,1,1
20190711107,1074,4,2,2
20190711108,1084,4,4,0
20190711109,1094,0,4,4
20190711110,1104,4,7,3
20190711111,1114,1,0,1
20190711112,1124,6,6,0
20190711113,1134,9,1,8
20190711114,1144,4,9,5
20190711115,1154,4,9,5
20190711116,1164,0,6,6
20190711117,1174,5,7,2
20190711118,1184,2,4,2
20190711119,1194,1,2,1
20190711120,1204,5,2,3
20190711121,1214,3,1,2
20190711122,1224,8,3,5
20190711123,1234,8,7,1
20190711124,1244,7,8,1
20190711125,1254,1,4,3
20190711126,1264,0,1,1
20190711127,1274,7,1,6
20190711128,1284,9,7,2
20190711129,1294,5,6,1
20190711130,1304,5,1,4
20190711131,1314,0,9,9
20190711132,1324,4,1,3
20190711133,1334,7,6,1
20190711134,1344,1,4,3
20190711135,1354,5,8,3
20190711136,1364,0,1,1
20190711137,1374,9,3,6
20190711138,1384,5,0,5
20190711139,1394,7,1,6
20190711140,1404,2,6,4
20190711141,1414,8,5,3
20190711142,1424,1,1,0
20190711143,1434,7,1,6
20190711144,1444,7,5,2
20190711145,1454,9,1,8
20190711146,1464,2,5,3
20190711147,1474,2,3,1
20190711148,1484,9,6,3
20190711149,1494,8,1,7
20190711150,1504,3,5,2
20190711151,1514,4,3,1
20190711152,1524,0,4,4
20190711153,1534,6,4,2
20190711154,1544,9,3,6
20190711155,1554,4,1,3
20190711156,1564,4,1,3
20190711157,1574,8,4,4
20190711158,1584,5,5,0
20190711159,1594,4,1,3
20190711160,1604,5,5,0
20190711161,1614,7,3,4
20190711162,1624,7,2,5
20190711163,1634,0,9,9
20190711164,1644,5,1,4
20190711165,1654,5,6,1
20190711166,1664,9,4,5
20190711167,1674,5,9,4
20190711168,1684,5,9,4
20190711169,1694,9,3,6
20190711170,1704,5,8,3
20190711171,1714,5,8,3
20190711172,1724,2,3,1
20190711173,1734,3,3,0
20190711174,1744,7,5,2
20190711175,1754,0,1,1
20190711176,1764,0,8,8
20190711177,1774,6,5,1
20190711178,1784,6,6,0
20190711179,1794,5,9,4
20190711180,1804,4,6,2
20190711181,1814,8,1,7
20190711182,1824,8,9,1
20190711183,1834,2,5,3
20190711184,1844,6,9,3
20190711185,1854,1,3,2
20190711186,1864,9,0,9
20190711187,1874,0,3,3
20190711188,1884,0,4,4
20190711189,1894,2,7,5
20190711190,1904,2,3,1
20190711191,1914,0,1,1
20190711192,1924,8,6,2
20190711193,1934,5,9,4
20190711194,1944,8,5,3
20190711195,1954,6,9,3
20190711196,1964,0,3,3
20190711197,1974,9,4,5
20190711198,1984,6,4,2
20190711199,1994,9,8,1
20190711200,2004,2,0,2
20190711201,2014,2,2,0
20190711202,2024,4,0,4
20190711203,2034,5,3,2
20190711204,2044,3,8,5
20190711205,2054,2,2,0
20190711206,2064,5,9,4
20190711207,2074,1,0,1
20190711208,2084,3,4,1
20190711209,2094,4,0,4
20190711210,2104,6,6,0
20190711211,2114,4,0,4
20190711212,2124,6,7,1
20190711213,2134,8,1,7
20190711214,2144,2,6,4
20190711215,2154,4,4,0
20190711216,2164,2,4,2
20190711217,2174,7,9,2
20190711218,2184,1,5,4
20190711219,2194,5,8,3
20190711220,2204,3,1,2
20190711221,2214,9,8,1
20190711222,2224,4,4,0
20190711223,2234,0,8,8
20190711224,2244,3,8,5
20190711225,2254,8,7,1
20190711226,2264,4,2,2
20190711227,2274,2,6,4
20190711228,2284,7,0,7
20190711229,2294,4,9,5
20190711230,2304,4,1,3
20190711231,2314,2,6,4
20190711232,2324,0,1,1
20190711233,2334,1,7,6
20190711234,2344,5,2,3
20190711235,2354,4,3,1
20190711236,2364,8,0,8
20190711237,2374,9,8,1
20190711238,2384,6,4,2
20190711239,2394,7,5,2
20190711240,2404,9,2,7
20190711241,2414,6,2,4
20190711242,2424,3,7,4
20190711243,2434,8,2,6
20190711244,2444,1,3,2
20190711245,2454,0,5,5
20190711246,2464,1,0,1
20190711247,2474,5,3,2
20190711248,2484,7,3,4
20190711249,2494,1,8,7
20190711250,2504,4,7,3
20190711251,2514,8,6,2
20190711252,2524,0,7,7
20190711253,2534,6,2,4
20190711254,2544,3,9,6
20190711255,2554,8,4,4
20190711256,2564,9,0,9
20190711257,2574,6,7,1
20190711258,2584,9,3,6
20190711259,2594,7,9,2
20190711260,2604,7,8,1
20190711261,2614,7,2,5
20190711262,2624,0,8,8
20190711263,2634,3,7,4
20190711264,2644,5,4,1
20190711265,2654,7,0,7
20190711266,2664,2,4,2
20190711267,2674,1,1,0
20190711268,2684,5,9,4
20190711269,2694,0,8,8
20190711270,2704,6,4,2
20190711271,2714,9,8,1
20190711272,2724,4,2,2
20190711273,2734,8,2,6
20190711274,2744,0,1,1
20190711275,2754,0,6,6
20190711276,2764,4,2,2
20190711277,2774,1,9,8
20190711278,2784,3,8,5
20190711279,2794,0,4,4
20190711280,2804,2,1,1
20190711281,2814,8,7,1
20190711282,2824,9,3,6
20190711283,2834,3,0,3
20190711284,2844,0,3,3
20190711285,2854,7,5,2
20190711286,2864,1,9,8
20190711287,2874,2,8,6
20190711288,2884,5,7,2
20190712001,15,8,1,7
20190712002,25,8,2,6
20190712003,35,7,3,4
20190712004,45,8,3,5
20190712005,55,4,0,4
20190712006,65,6,9,3
20190712007,75,0,0,0
20190712008,85,8,5,3
20190712009,95,1,6,5
20190712010,105,5,5,0
20190712011,115,0,4,4
20190712012,125,7,5,2
20190712013,135,5,9,4
20190712014,145,0,2,2
20190712015,155,8,5,3
20190712016,165,0,2,2
20190712017,175,6,7,1
20190712018,185,7,7,0
20190712019,195,7,0,7
20190712020,205,4,6,2
20190712021,215,0,3,3
20190712022,225,7,2,5
20190712023,235,9,7,2
20190712024,245,1,7,6
20190712025,255,0,0,0
20190712026,265,8,5,3
20190712027,275,1,2,1
20190712028,285,8,3,5
20190712029,295,6,0,6
20190712030,305,5,0,5
20190712031,315,4,8,4
20190712032,325,4,1,3
20190712033,335,7,2,5
20190712034,345,1,2,1
20190712035,355,5,7,2
20190712036,365,9,0,9
20190712037,375,8,6,2
20190712038,385,1,3,2
20190712039,395,2,6,4
20190712040,405,4,9,5
20190712041,415,5,5,0
20190712042,425,2,7,5
20190712043,435,4,0,4
20190712044,445,4,6,2
20190712045,455,6,7,1
20190712046,465,6,2,4
20190712047,475,5,5,0
20190712048,485,0,6,6
20190712049,495,5,8,3
20190712050,505,2,3,1
20190712051,515,3,9,6
20190712052,525,5,3,2
20190712053,535,8,4,4
20190712054,545,0,4,4
20190712055,555,7,0,7
20190712056,565,5,1,4
20190712057,575,1,3,2
20190712058,585,8,2,6
20190712059,595,8,1,7
20190712060,605,8,6,2
20190712061,615,7,4,3
20190712062,625,1,4,3
20190712063,635,1,3,2
20190712064,645,8,6,2
20190712065,655,4,3,1
20190712066,665,1,3,2
20190712067,675,3,2,1
20190712068,685,1,0,1
20190712069,695,8,4,4
20190712070,705,3,9,6
20190712071,715,1,7,6
20190712072,725,7,1,6
20190712073,735,9,4,5
20190712074,745,2,9,7
20190712075,755,7,8,1
20190712076,765,9,3,6
20190712077,775,7,1,6
20190712078,785,4,5,1
20190712079,795,6,5,1
20190712080,805,6,9,3
20190712081,815,9,8,1
20190712082,825,0,7,7
20190712083,835,5,4,1
20190712084,845,7,5,2
20190712085,855,9,5,4
20190712086,865,4,2,2
20190712087,875,1,3,2
20190712088,885,0,5,5
20190712089,895,9,0,9
20190712090,905,3,0,3
20190712091,915,1,0,1
20190712092,925,5,1,4
20190712093,935,5,8,3
20190712094,945,0,0,0
20190712095,955,4,6,2
20190712096,965,7,4,3
20190712097,975,4,4,0
20190712098,985,7,0,7
20190712099,995,5,9,4
20190712100,1005,6,4,2
20190712101,1015,3,4,1
20190712102,1025,5,4,1
20190712103,1035,6,6,0
20190712104,1045,8,4,4
20190712105,1055,3,3,0
20190712106,1065,1,9,8
20190712107,1075,6,7,1
20190712108,1085,6,7,1
20190712109,1095,8,6,2
20190712110,1105,4,2,2
20190712111,1115,3,9,6
20190712112,1125,9,6,3
20190712113,1135,5,5,0
20190712114,1145,3,0,3
20190712115,1155,3,0,3
20190712116,1165,2,9,7
20190712117,1175,0,0,0
20190712118,1185,7,6,1
20190712119,1195,3,4,1
20190712120,1205,6,5,1
20190712121,1215,4,3,1
20190712122,1225,3,9,6
20190712123,1235,7,1,6
20190712124,1245,8,8,0
20190712125,1255,2,0,2
20190712126,1265,5,5,0
20190712127,1275,5,1,4
20190712128,1285,2,3,1
20190712129,1295,2,1,1
20190712130,1305,5,6,1
20190712131,1315,0,0,0
20190712132,1325,1,8,7
20190712133,1335,8,5,3
20190712134,1345,4,8,4
20190712135,1355,2,9,7
20190712136,1365,6,8,2
20190712137,1375,8,9,1
20190712138,1385,1,3,2
20190712139,1395,3,3,0
20190712140,1405,7,8,1
20190712141,1415,9,9,0
20190712142,1425,2,6,4
20190712143,1435,1,9,8
20190712144,1445,6,8,2
20190712145,1455,6,2,4
20190712146,1465,0,6,6
20190712147,1475,9,6,3
20190712148,1485,6,2,4
20190712149,1495,9,6,3
20190712150,1505,9,5,4
20190712151,1515,8,7,1
20190712152,1525,9,4,5
20190712153,1535,6,5,1
20190712154,1545,6,9,3
20190712155,1555,3,4,1
20190712156,1565,8,7,1
20190712157,1575,9,1,8
20190712158,1585,0,7,7
20190712159,1595,4,4,0
20190712160,1605,7,1,6
20190712161,1615,4,6,2
20190712162,1625,7,3,4
20190712163,1635,4,9,5
20190712164,1645,8,6,2
20190712165,1655,9,1,8
20190712166,1665,2,2,0
20190712167,1675,6,6,0
20190712168,1685,7,5,2
20190712169,1695,3,6,3
20190712170,1705,5,4,1
20190712171,1715,6,2,4
20190712172,1725,9,6,3
20190712173,1735,6,8,2
20190712174,1745,7,9,2
20190712175,1755,7,9,2
20190712176,1765,0,4,4
20190712177,1775,0,3,3
20190712178,1785,6,6,0
20190712179,1795,3,8,5
20190712180,1805,9,8,1
20190712181,1815,3,3,0
20190712182,1825,7,1,6
20190712183,1835,8,0,8
20190712184,1845,0,4,4
20190712185,1855,2,2,0
20190712186,1865,5,9,4
20190712187,1875,4,3,1
20190712188,1885,4,7,3
20190712189,1895,2,6,4
20190712190,1905,4,7,3
20190712191,1915,3,2,1
20190712192,1925,5,0,5
20190712193,1935,6,1,5
20190712194,1945,0,1,1
20190712195,1955,1,3,2
20190712196,1965,5,0,5
20190712197,1975,7,2,5
20190712198,1985,3,9,6
20190712199,1995,2,3,1
20190712200,2005,9,9,0
20190712201,2015,9,4,5
20190712202,2025,7,4,3
20190712203,2035,8,4,4
20190712204,2045,7,5,2
20190712205,2055,5,8,3
20190712206,2065,8,9,1
20190712207,2075,5,5,0
20190712208,2085,3,5,2
20190712209,2095,4,5,1
20190712210,2105,9,3,6
20190712211,2115,0,4,4
20190712212,2125,8,5,3
20190712213,2135,6,2,4
20190712214,2145,7,2,5
20190712215,2155,7,7,0
20190712216,2165,5,4,1
20190712217,2175,0,4,4
20190712218,2185,4,9,5
20190712219,2195,8,4,4
20190712220,2205,8,0,8
20190712221,2215,2,3,1
20190712222,2225,2,8,6
20190712223,2235,0,5,5
20190712224,2245,6,9,3
20190712225,2255,8,1,7
20190712226,2265,0,4,4
20190712227,2275,3,8,5
20190712228,2285,3,6,3
20190712229,2295,1,6,5
20190712230,2305,5,9,4
20190712231,2315,9,3,6
20190712232,2325,4,2,2
20190712233,2335,3,8,5
20190712234,2345,5,6,1
20190712235,2355,4,1,3
20190712236,2365,0,1,1
20190712237,2375,5,3,2
20190712238,2385,8,2,6
20190712239,2395,3,9,6
20190712240,2405,9,0,9
20190712241,2415,4,8,4
20190712242,2425,0,3,3
20190712243,2435,9,6,3
20190712244,2445,5,0,5
20190712245,2455,6,3,3
20190712246,2465,5,1,4
20190712247,2475,3,3,0
20190712248,2485,8,3,5
20190712249,2495,0,8,8
20190712250,2505,3,6,3
20190712251,2515,5,5,0
20190712252,2525,1,3,2
20190712253,2535,0,5,5
20190712254,2545,5,3,2
20190712255,2555,3,9,6
20190712256,2565,9,1,8
20190712257,2575,1,6,5
20190712258,2585,5,3,2
20190712259,2595,1,0,1
20190712260,2605,9,3,6
20190712261,2615,5,8,3
20190712262,2625,4,1,3
20190712263,2635,1,4,3
20190712264,2645,9,8,1
20190712265,2655,7,2,5
20190712266,2665,0,5,5
20190712267,2675,8,8,0
20190712268,2685,7,4,3
20190712269,2695,4,7,3
20190712270,2705,8,8,0
20190712271,2715,2,0,2
20190712272,2725,0,8,8
20190712273,2735,4,2,2
20190712274,2745,4,4,0
20190712275,2755,0,0,0
20190712276,2765,8,6,2
20190712277,2775,6,8,2
20190712278,2785,4,7,3
20190712279,2795,7,9,2
20190712280,2805,9,1,8
20190712281,2815,4,3,1
20190712282,2825,1,6,5
20190712283,2835,5,5,0
20190712284,2845,3,7,4
20190712285,2855,9,6,3
20190712286,2865,4,3,1
20190712287,2875,1,9,8
20190712288,2885,7,5,2
20190713001,16,2,8,6
20190713002,26,3,3,0
20190713003,36,7,0,7
20190713004,46,8,6,2
20190713005,56,2,3,1
20190713006,66,1,7,6
20190713007,76,7,0,7
20190713008,86,8,9,1
20190713009,96,6,7,1
20190713010,106,1,1,0
20190713011,116,5,4,1
20190713012,126,6,5,1
20190713013,136,1,0,1
20190713014,146,0,7,7
20190713015,156,1,1,0
20190713016,166,1,8,7
20190713017,176,4,4,0
20190713018,186,7,1,6
20190713019,196,4,6,2
20190713020,206,7,2,5
20190713021,216,2,9,7
20190713022,226,4,9,5
20190713023,236,8,1,7
20190713024,246,5,0,5
20190713025,256,0,7,7
20190713026,266,0,5,5
20190713027,276,5,1,4
20190713028,286,7,2,5
20190713029,296,9,0,9
20190713030,306,5,5,0
20190713031,316,6,7,1
20190713032,326,4,1,3
20190713033,336,5,9,4
20190713034,346,1,2,1
20190713035,356,9,7,2
20190713036,366,8,7,1
20190713037,376,5,3,2
20190713038,386,1,8,7
20190713039,396,7,1,6
20190713040,406,7,5,2
20190713041,416,8,6,2
20190713042,426,7,2,5
20190713043,436,6,8,2
20190713044,446,1,0,1
20190713045,456,0,6,6
20190713046,466,9,3,6
20190713047,476,9,9,0
20190713048,486,1,6,5
20190713049,496,3,5,2
20190713050,506,3,4,1
20190713051,516,3,2,1
20190713052,526,4,0,4
20190713053,536,4,9,5
20190713054,546,9,2,7
20190713055,556,0,7,7
20190713056,566,0,7,7
20190713057,576,6,4,2
20190713058,586,3,2,1
20190713059,596,5,5,0
20190713060,606,7,7,0
20190713061,616,6,7,1
20190713062,626,6,9,3
20190713063,636,8,6,2
20190713064,646,0,9,9
20190713065,656,2,3,1
20190713066,666,2,6,4
20190713067,676,4,3,1
20190713068,686,2,1,1
20190713069,696,7,9,2
20190713070,706,7,6,1
20190713071,716,9,8,1
20190713072,726,5,7,2
20190713073,736,6,6,0
20190713074,746,5,1,4
20190713075,756,9,4,5
20190713076,766,9,7,2
20190713077,776,7,0,7
20190713078,786,4,6,2
20190713079,796,6,2,4
20190713080,806,0,8,8
20190713081,816,7,4,3
20190713082,826,5,6,1
20190713083,836,1,0,1
20190713084,846,6,7,1
20190713085,856,4,0,4
20190713086,866,0,6,6
20190713087,876,3,1,2
20190713088,886,6,2,4
20190713089,896,6,9,3
20190713090,906,3,9,6
20190713091,916,4,9,5
20190713092,926,5,9,4
20190713093,936,4,3,1
20190713094,946,9,1,8
20190713095,956,0,6,6
20190713096,966,7,7,0
20190713097,976,2,1,1
20190713098,986,5,0,5
20190713099,996,6,0,6
20190713100,1006,4,8,4
20190713101,1016,3,7,4
20190713102,1026,6,6,0
20190713103,1036,5,8,3
20190713104,1046,2,5,3
20190713105,1056,8,5,3
20190713106,1066,4,3,1
20190713107,1076,6,9,3
20190713108,1086,6,1,5
20190713109,1096,3,9,6
20190713110,1106,2,7,5
20190713111,1116,4,4,0
20190713112,1126,7,2,5
20190713113,1136,7,4,3
20190713114,1146,5,8,3
20190713115,1156,4,0,4
20190713116,1166,0,1,1
20190713117,1176,8,7,1
20190713118,1186,0,8,8
20190713119,1196,0,3,3
20190713120,1206,8,9,1
20190713121,1216,9,1,8
20190713122,1226,4,5,1
20190713123,1236,9,3,6
20190713124,1246,7,5,2
20190713125,1256,0,6,6
20190713126,1266,4,3,1
20190713127,1276,8,0,8
20190713128,1286,1,0,1
20190713129,1296,6,6,0
20190713130,1306,1,0,1
20190713131,1316,4,2,2
20190713132,1326,5,4,1
20190713133,1336,2,8,6
20190713134,1346,1,9,8
20190713135,1356,4,7,3
20190713136,1366,4,7,3
20190713137,1376,0,6,6
20190713138,1386,1,6,5
20190713139,1396,0,3,3
20190713140,1406,6,0,6
20190713141,1416,6,4,2
20190713142,1426,2,9,7
20190713143,1436,9,2,7
20190713144,1446,1,9,8
20190713145,1456,7,9,2
20190713146,1466,7,5,2
20190713147,1476,5,9,4
20190713148,1486,1,7,6
20190713149,1496,0,9,9
20190713150,1506,5,9,4
20190713151,1516,1,9,8
20190713152,1526,1,4,3
20190713153,1536,0,0,0
20190713154,1546,3,6,3
20190713155,1556,5,6,1
20190713156,1566,3,9,6
20190713157,1576,4,0,4
20190713158,1586,3,8,5
20190713159,1596,9,9,0
20190713160,1606,3,5,2
20190713161,1616,7,2,5
20190713162,1626,4,4,0
20190713163,1636,7,3,4
20190713164,1646,1,5,4
20190713165,1656,6,4,2
20190713166,1666,5,5,0
20190713167,1676,8,1,7
20190713168,1686,9,5,4
20190713169,1696,6,9,3
20190713170,1706,8,2,6
20190713171,1716,4,8,4
20190713172,1726,0,1,1
20190713173,1736,0,0,0
20190713174,1746,1,8,7
20190713175,1756,9,8,1
20190713176,1766,5,3,2
20190713177,1776,1,8,7
20190713178,1786,3,7,4
20190713179,1796,4,7,3
20190713180,1806,8,8,0
20190713181,1816,6,9,3
20190713182,1826,9,9,0
20190713183,1836,5,9,4
20190713184,1846,0,8,8
20190713185,1856,8,8,0
20190713186,1866,3,7,4
20190713187,1876,7,9,2
20190713188,1886,0,9,9
20190713189,1896,4,4,0
20190713190,1906,5,2,3
20190713191,1916,8,4,4
20190713192,1926,3,4,1
20190713193,1936,4,9,5
20190713194,1946,3,6,3
20190713195,1956,2,3,1
20190713196,1966,1,4,3
20190713197,1976,0,2,2
20190713198,1986,4,7,3
20190713199,1996,2,0,2
20190713200,2006,7,0,7
20190713201,2016,9,8,1
20190713202,2026,9,3,6
20190713203,2036,2,0,2
20190713204,2046,2,9,7
20190713205,2056,7,8,1
20190713206,2066,2,7,5
20190713207,2076,2,4,2
20190713208,2086,2,3,1
20190713209,2096,7,9,2
20190713210,2106,8,2,6
20190713211,2116,8,8,0
20190713212,2126,8,0,8
20190713213,2136,4,1,3
20190713214,2146,2,5,3
20190713215,2156,1,2,1
20190713216,2166,5,2,3
20190713217,2176,8,4,4
20190713218,2186,3,4,1
20190713219,2196,0,6,6
20190713220,2206,5,8,3
20190713221,2216,8,9,1
20190713222,2226,4,3,1
20190713223,2236,2,5,3
20190713224,2246,5,8,3
20190713225,2256,6,1,5
20190713226,2266,9,8,1
20190713227,2276,9,2,7
20190713228,2286,4,3,1
20190713229,2296,0,7,7
20190713230,2306,0,9,9
20190713231,2316,7,9,2
20190713232,2326,4,7,3
20190713233,2336,3,3,0
20190713234,2346,5,1,4
20190713235,2356,8,4,4
20190713236,2366,4,3,1
20190713237,2376,7,6,1
20190713238,2386,0,8,8
20190713239,2396,4,9,5
20190713240,2406,1,7,6
20190713241,2416,6,5,1
20190713242,2426,0,1,1
20190713243,2436,7,1,6
20190713244,2446,2,0,2
20190713245,2456,0,6,6
20190713246,2466,4,3,1
20190713247,2476,9,4,5
20190713248,2486,6,7,1
20190713249,2496,6,7,1
20190713250,2506,4,1,3
20190713251,2516,3,0,3
20190713252,2526,7,0,7
20190713253,2536,3,9,6
20190713254,2546,2,6,4
20190713255,2556,9,5,4
20190713256,2566,0,6,6
20190713257,2576,4,4,0
20190713258,2586,5,8,3
20190713259,2596,5,2,3
20190713260,2606,9,9,0
20190713261,2616,6,1,5
20190713262,2626,5,9,4
20190713263,2636,9,6,3
20190713264,2646,2,7,5
20190713265,2656,1,8,7
20190713266,2666,2,7,5
20190713267,2676,1,9,8
20190713268,2686,4,1,3
20190713269,2696,4,9,5
20190713270,2706,0,3,3
20190713271,2716,1,6,5
20190713272,2726,5,5,0
20190713273,2736,5,9,4
20190713274,2746,7,1,6
20190713275,2756,6,2,4
20190713276,2766,0,7,7
20190713277,2776,9,0,9
20190713278,2786,4,1,3
20190713279,2796,3,3,0
20190713280,2806,3,3,0
20190713281,2816,0,9,9
20190713282,2826,9,7,2
20190713283,2836,0,3,3
20190713284,2846,8,5,3
20190713285,2856,3,3,0
20190713286,2866,7,0,7
20190713287,2876,5,2,3
20190713288,2886,2,3,1
20190714001,17,3,9,6
20190714002,27,3,5,2
20190714003,37,5,4,1
20190714004,47,2,9,7
20190714005,57,2,3,1
20190714006,67,6,3,3
20190714007,77,0,1,1
20190714008,87,2,8,6
20190714009,97,9,0,9
20190714010,107,2,8,6
20190714011,117,9,1,8
20190714012,127,5,3,2
20190714013,137,5,6,1
20190714014,147,2,4,2
20190714015,157,7,3,4
20190714016,167,7,9,2
20190714017,177,8,1,7
20190714018,187,5,5,0
20190714019,197,3,3,0
20190714020,207,2,1,1
20190714021,217,8,4,4
20190714022,227,8,8,0
20190714023,237,3,3,0
20190714024,247,1,9,8
20190714025,257,4,1,3
20190714026,267,6,7,1
20190714027,277,0,6,6
20190714028,287,0,8,8
20190714029,297,2,4,2
20190714030,307,1,4,3
20190714031,317,4,8,4
20190714032,327,5,5,0
20190714033,337,6,6,0
20190714034,347,5,4,1
20190714035,357,6,3,3
20190714036,367,0,5,5
20190714037,377,9,5,4
20190714038,387,2,4,2
20190714039,397,5,0,5
20190714040,407,7,9,2
20190714041,417,1,6,5
20190714042,427,4,5,1
20190714043,437,7,0,7
20190714044,447,6,8,2
20190714045,457,5,9,4
20190714046,467,1,6,5
20190714047,477,1,9,8
20190714048,487,5,3,2
20190714049,497,8,5,3
20190714050,507,3,8,5
20190714051,517,5,7,2
20190714052,527,6,8,2
20190714053,537,7,0,7
20190714054,547,5,5,0
20190714055,557,8,9,1
20190714056,567,8,0,8
20190714057,577,7,8,1
20190714058,587,2,7,5
20190714059,597,8,7,1
20190714060,607,3,3,0
20190714061,617,0,2,2
20190714062,627,7,6,1
20190714063,637,4,7,3
20190714064,647,0,8,8
20190714065,657,5,3,2
20190714066,667,3,5,2
20190714067,677,7,4,3
20190714068,687,3,5,2
20190714069,697,7,7,0
20190714070,707,2,0,2
20190714071,717,5,0,5
20190714072,727,1,3,2
20190714073,737,8,0,8
20190714074,747,5,0,5
20190714075,757,8,6,2
20190714076,767,5,0,5
20190714077,777,5,1,4
20190714078,787,8,6,2
20190714079,797,7,0,7
20190714080,807,4,2,2
20190714081,817,3,4,1
20190714082,827,8,1,7
20190714083,837,1,6,5
20190714084,847,0,3,3
20190714085,857,3,6,3
20190714086,867,6,5,1
20190714087,877,9,9,0
20190714088,887,4,2,2
20190714089,897,5,8,3
20190714090,907,3,6,3
20190714091,917,8,6,2
20190714092,927,2,3,1
20190714093,937,2,8,6
20190714094,947,9,2,7
20190714095,957,3,4,1
20190714096,967,6,5,1
20190714097,977,3,8,5
20190714098,987,9,9,0
20190714099,997,0,4,4
20190714100,1007,3,2,1
20190714101,1017,9,9,0
20190714102,1027,7,4,3
20190714103,1037,1,3,2
20190714104,1047,8,0,8
20190714105,1057,1,3,2
20190714106,1067,2,1,1
20190714107,1077,7,9,2
20190714108,1087,8,3,5
20190714109,1097,7,3,4
20190714110,1107,5,2,3
20190714111,1117,0,6,6
20190714112,1127,3,3,0
20190714113,1137,7,3,4
20190714114,1147,7,9,2
20190714115,1157,9,3,6
20190714116,1167,4,1,3
20190714117,1177,8,3,5
20190714118,1187,4,0,4
20190714119,1197,1,0,1
20190714120,1207,2,2,0
20190714121,1217,5,2,3
20190714122,1227,7,3,4
20190714123,1237,9,5,4
20190714124,1247,3,1,2
20190714125,1257,9,5,4
20190714126,1267,4,0,4
20190714127,1277,9,6,3
20190714128,1287,9,9,0
20190714129,1297,9,3,6
20190714130,1307,0,8,8
20190714131,1317,4,7,3
20190714132,1327,2,8,6
20190714133,1337,6,0,6
20190714134,1347,2,0,2
20190714135,1357,3,6,3
20190714136,1367,1,5,4
20190714137,1377,5,5,0
20190714138,1387,0,7,7
20190714139,1397,0,9,9
20190714140,1407,4,0,4
20190714141,1417,0,7,7
20190714142,1427,5,9,4
20190714143,1437,6,7,1
20190714144,1447,3,6,3
20190714145,1457,8,8,0
20190714146,1467,7,2,5
20190714147,1477,3,2,1
20190714148,1487,1,0,1
20190714149,1497,2,4,2
20190714150,1507,8,8,0
20190714151,1517,6,6,0
20190714152,1527,0,0,0
20190714153,1537,9,1,8
20190714154,1547,4,8,4
20190714155,1557,3,6,3
20190714156,1567,4,5,1
20190714157,1577,9,1,8
20190714158,1587,2,1,1
20190714159,1597,9,9,0
20190714160,1607,8,7,1
20190714161,1617,0,1,1
20190714162,1627,3,4,1
20190714163,1637,2,0,2
20190714164,1647,0,6,6
20190714165,1657,4,3,1
20190714166,1667,1,2,1
20190714167,1677,8,1,7
20190714168,1687,0,1,1
20190714169,1697,2,0,2
20190714170,1707,0,8,8
20190714171,1717,4,9,5
20190714172,1727,1,6,5
20190714173,1737,6,8,2
20190714174,1747,8,5,3
20190714175,1757,6,6,0
20190714176,1767,4,3,1
20190714177,1777,7,6,1
20190714178,1787,9,3,6
20190714179,1797,0,5,5
20190714180,1807,3,8,5
20190714181,1817,3,0,3
20190714182,1827,2,5,3
20190714183,1837,1,9,8
20190714184,1847,0,4,4
20190714185,1857,7,9,2
20190714186,1867,1,8,7
20190714187,1877,6,4,2
20190714188,1887,2,9,7
20190714189,1897,8,7,1
20190714190,1907,1,6,5
20190714191,1917,3,7,4
20190714192,1927,1,1,0
20190714193,1937,1,3,2
20190714194,1947,7,0,7
20190714195,1957,6,4,2
20190714196,1967,0,1,1
20190714197,1977,8,2,6
20190714198,1987,5,8,3
20190714199,1997,6,7,1
20190714200,2007,9,3,6
20190714201,2017,5,5,0
20190714202,2027,5,6,1
20190714203,2037,5,3,2
20190714204,2047,5,2,3
20190714205,2057,1,4,3
20190714206,2067,2,2,0
20190714207,2077,1,3,2
20190714208,2087,5,7,2
20190714209,2097,5,1,4
20190714210,2107,9,4,5
20190714211,2117,9,1,8
20190714212,2127,0,3,3
20190714213,2137,9,2,7
20190714214,2147,0,0,0
20190714215,2157,2,7,5
20190714216,2167,3,4,1
20190714217,2177,2,9,7
20190714218,2187,4,0,4
20190714219,2197,0,8,8
20190714220,2207,1,8,7
20190714221,2217,5,0,5
20190714222,2227,3,6,3
20190714223,2237,1,5,4
20190714224,2247,7,6,1
20190714225,2257,5,7,2
20190714226,2267,2,6,4
20190714227,2277,8,8,0
20190714228,2287,3,4,1
20190714229,2297,5,1,4
20190714230,2307,3,1,2
20190714231,2317,7,6,1
20190714232,2327,4,7,3
20190714233,2337,1,6,5
20190714234,2347,0,0,0
20190714235,2357,1,9,8
20190714236,2367,4,8,4
20190714237,2377,9,8,1
20190714238,2387,6,0,6
20190714239,2397,2,2,0
20190714240,2407,0,2,2
20190714241,2417,3,5,2
20190714242,2427,5,6,1
20190714243,2437,8,8,0
20190714244,2447,6,5,1
20190714245,2457,3,8,5
20190714246,2467,1,0,1
20190714247,2477,7,1,6
20190714248,2487,9,3,6
20190714249,2497,5,6,1
20190714250,2507,5,4,1
20190714251,2517,8,0,8
20190714252,2527,8,7,1
20190714253,2537,2,6,4
20190714254,2547,6,5,1
20190714255,2557,4,8,4
20190714256,2567,4,2,2
20190714257,2577,2,2,0
20190714258,2587,8,2,6
20190714259,2597,6,3,3
20190714260,2607,9,0,9
20190714261,2617,1,2,1
20190714262,2627,3,3,0
20190714263,2637,8,8,0
20190714264,2647,3,2,1
20190714265,2657,2,5,3
20190714266,2667,1,8,7
20190714267,2677,3,0,3
20190714268,2687,3,6,3
20190714269,2697,4,4,0
20190714270,2707,2,7,5
20190714271,2717,8,8,0
20190714272,2727,7,8,1
20190714273,2737,6,7,1
20190714274,2747,2,8,6
20190714275,2757,2,3,1
20190714276,2767,6,2,4
20190714277,2777,6,1,5
20190714278,2787,0,5,5
20190714279,2797,8,4,4
20190714280,2807,8,6,2
20190714281,2817,5,0,5
20190714282,2827,4,4,0
20190714283,2837,1,4,3
20190714284,2847,5,3,2
20190714285,2857,5,4,1
20190714286,2867,3,7,4
20190714287,2877,0,9,9
20190714288,2887,0,3,3
20190715001,11,3,2,1
20190715002,21,2,0,2
20190715003,31,2,0,2
20190715004,41,9,2,7
20190715005,51,9,3,6
20190715006,61,4,4,0
20190715007,71,3,9,6
20190715008,81,8,8,0
20190715009,91,9,8,1
20190715010,101,1,3,2
20190715011,111,4,3,1
20190715012,121,7,8,1
20190715013,131,8,9,1
20190715014,141,0,3,3
20190715015,151,4,2,2
20190715016,161,2,7,5
20190715017,171,5,9,4
20190715018,181,8,4,4
20190715019,191,2,4,2
20190715020,201,9,8,1
20190715021,211,5,8,3
20190715022,221,4,2,2
20190715023,231,7,1,6
20190715024,241,0,3,3
20190715025,251,7,2,5
20190715026,261,5,5,0
20190715027,271,6,6,0
20190715028,281,3,6,3
20190715029,291,8,9,1
20190715030,301,4,5,1
20190715031,311,0,5,5
20190715032,321,2,5,3
20190715033,331,3,0,3
20190715034,341,4,0,4
20190715035,351,8,8,0
20190715036,361,2,0,2
20190715037,371,6,7,1
20190715038,381,1,6,5
20190715039,391,9,1,8
20190715040,401,1,4,3
20190715041,411,8,8,0
20190715042,421,2,3,1
20190715043,431,1,4,3
20190715044,441,3,1,2
20190715045,451,5,7,2
20190715046,461,9,6,3
20190715047,471,9,9,0
20190715048,481,1,7,6
20190715049,491,6,4,2
20190715050,501,2,8,6
20190715051,511,1,7,6
20190715052,521,3,9,6
20190715053,531,5,3,2
20190715054,541,6,5,1
20190715055,551,4,4,0
20190715056,561,4,5,1
20190715057,571,6,2,4
20190715058,581,6,3,3
20190715059,591,1,1,0
20190715060,601,3,3,0
20190715061,611,7,3,4
20190715062,621,5,1,4
20190715063,631,6,0,6
20190715064,641,6,9,3
20190715065,651,1,9,8
20190715066,661,2,1,1
20190715067,671,4,6,2
20190715068,681,5,6,1
20190715069,691,2,1,1
20190715070,701,6,9,3
20190715071,711,8,9,1
20190715072,721,2,7,5
20190715073,731,0,6,6
20190715074,741,5,3,2
20190715075,751,5,0,5
20190715076,761,4,5,1
20190715077,771,1,3,2
20190715078,781,8,5,3
20190715079,791,0,3,3
20190715080,801,5,7,2
20190715081,811,5,3,2
20190715082,821,5,9,4
20190715083,831,7,4,3
20190715084,841,7,3,4
20190715085,851,5,4,1
20190715086,861,8,7,1
20190715087,871,2,2,0
20190715088,881,4,1,3
20190715089,891,0,9,9
20190715090,901,7,9,2
20190715091,911,2,6,4
20190715092,921,8,8,0
20190715093,931,8,0,8
20190715094,941,1,9,8
20190715095,951,1,6,5
20190715096,961,0,1,1
20190715097,971,1,4,3
20190715098,981,0,5,5
20190715099,991,4,7,3
20190715100,1001,3,3,0
20190715101,1011,5,2,3
20190715102,1021,4,6,2
20190715103,1031,3,8,5
20190715104,1041,6,1,5
20190715105,1051,5,6,1
20190715106,1061,5,6,1
20190715107,1071,0,4,4
20190715108,1081,4,2,2
20190715109,1091,3,0,3
20190715110,1101,7,3,4
20190715111,1111,5,9,4
20190715112,1121,8,8,0
20190715113,1131,5,8,3
20190715114,1141,6,7,1
20190715115,1151,8,9,1
20190715116,1161,7,8,1
20190715117,1171,6,4,2
20190715118,1181,7,1,6
20190715119,1191,2,1,1
20190715120,1201,8,2,6
20190715121,1211,9,2,7
20190715122,1221,6,6,0
20190715123,1231,7,1,6
20190715124,1241,2,7,5
20190715125,1251,8,4,4
20190715126,1261,8,2,6
20190715127,1271,2,5,3
20190715128,1281,7,8,1
20190715129,1291,6,6,0
20190715130,1301,7,6,1
20190715131,1311,2,0,2
20190715132,1321,2,2,0
20190715133,1331,7,6,1
20190715134,1341,3,1,2
20190715135,1351,9,1,8
20190715136,1361,9,2,7
20190715137,1371,7,6,1
20190715138,1381,6,7,1
20190715139,1391,0,7,7
20190715140,1401,5,8,3
20190715141,1411,9,9,0
20190715142,1421,4,4,0
20190715143,1431,1,9,8
20190715144,1441,4,3,1
20190715145,1451,7,9,2
20190715146,1461,1,7,6
20190715147,1471,4,5,1
20190715148,1481,6,1,5
20190715149,1491,7,2,5
20190715150,1501,1,7,6
20190715151,1511,2,6,4
20190715152,1521,9,4,5
20190715153,1531,3,0,3
20190715154,1541,9,1,8
20190715155,1551,3,8,5
20190715156,1561,2,9,7
20190715157,1571,0,6,6
20190715158,1581,1,6,5
20190715159,1591,1,8,7
20190715160,1601,7,3,4
20190715161,1611,5,1,4
20190715162,1621,9,5,4
20190715163,1631,6,8,2
20190715164,1641,3,6,3
20190715165,1651,8,8,0
20190715166,1661,1,5,4
20190715167,1671,9,0,9
20190715168,1681,4,9,5
20190715169,1691,1,1,0
20190715170,1701,1,5,4
20190715171,1711,1,0,1
20190715172,1721,6,9,3
20190715173,1731,7,5,2
20190715174,1741,3,8,5
20190715175,1751,7,3,4
20190715176,1761,4,5,1
20190715177,1771,2,4,2
20190715178,1781,2,6,4
20190715179,1791,9,8,1
20190715180,1801,2,2,0
20190715181,1811,8,7,1
20190715182,1821,7,7,0
20190715183,1831,4,1,3
20190715184,1841,5,3,2
20190715185,1851,2,2,0
20190715186,1861,2,3,1
20190715187,1871,7,3,4
20190715188,1881,8,3,5
20190715189,1891,6,9,3
20190715190,1901,2,1,1
20190715191,1911,1,2,1
20190715192,1921,9,8,1
20190715193,1931,9,6,3
20190715194,1941,8,4,4
20190715195,1951,0,5,5
20190715196,1961,3,0,3
20190715197,1971,7,7,0
20190715198,1981,2,6,4
20190715199,1991,6,4,2
20190715200,2001,4,3,1
20190715201,2011,4,1,3
20190715202,2021,0,5,5
20190715203,2031,5,0,5
20190715204,2041,1,2,1
20190715205,2051,1,3,2
20190715206,2061,6,2,4
20190715207,2071,0,1,1
20190715208,2081,3,2,1
20190715209,2091,7,6,1
20190715210,2101,5,7,2
20190715211,2111,5,9,4
20190715212,2121,2,8,6
20190715213,2131,3,2,1
20190715214,2141,5,8,3
20190715215,2151,2,9,7
20190715216,2161,9,5,4
20190715217,2171,0,2,2
20190715218,2181,1,9,8
20190715219,2191,5,4,1
20190715220,2201,3,7,4
20190715221,2211,8,1,7
20190715222,2221,2,8,6
20190715223,2231,5,4,1
20190715224,2241,8,1,7
20190715225,2251,0,1,1
20190715226,2261,6,6,0
20190715227,2271,2,3,1
20190715228,2281,0,6,6
20190715229,2291,5,8,3
20190715230,2301,0,2,2
20190715231,2311,2,0,2
20190715232,2321,0,1,1
20190715233,2331,3,8,5
20190715234,2341,9,7,2
20190715235,2351,4,5,1
20190715236,2361,4,1,3
20190715237,2371,7,4,3
20190715238,2381,4,4,0
20190715239,2391,8,7,1
20190715240,2401,7,0,7
20190715241,2411,6,0,6
20190715242,2421,9,1,8
20190715243,2431,8,5,3
20190715244,2441,7,9,2
20190715245,2451,7,7,0
20190715246,2461,8,3,5
20190715247,2471,2,6,4
20190715248,2481,4,1,3
20190715249,2491,8,9,1
20190715250,2501,5,0,5
20190715251,2511,6,6,0
20190715252,2521,3,3,0
20190715253,2531,8,5,3
20190715254,2541,1,3,2
20190715255,2551,9,9,0
20190715256,2561,0,3,3
20190715257,2571,5,7,2
20190715258,2581,6,2,4
20190715259,2591,1,4,3
20190715260,2601,2,2,0
20190715261,2611,3,4,1
20190715262,2621,2,5,3
20190715263,2631,5,4,1
20190715264,2641,9,9,0
20190715265,2651,1,7,6
20190715266,2661,3,9,6
20190715267,2671,8,2,6
20190715268,2681,1,5,4
20190715269,2691,9,9,0
20190715270,2701,1,9,8
20190715271,2711,9,9,0
20190715272,2721,5,8,3
20190715273,2731,4,1,3
20190715274,2741,2,4,2
20190715275,2751,4,6,2
20190715276,2761,0,7,7
20190715277,2771,3,8,5
20190715278,2781,2,3,1
20190715279,2791,6,5,1
20190715280,2801,9,8,1
20190715281,2811,0,5,5
20190715282,2821,3,9,6
20190715283,2831,5,6,1
20190715284,2841,7,5,2
20190715285,2851,7,4,3
20190715286,2861,9,5,4
20190715287,2871,2,2,0
20190715288,2881,8,5,3
20190716001,12,2,0,2
20190716002,22,5,7,2
20190716003,32,4,8,4
20190716004,42,8,1,7
20190716005,52,9,7,2
20190716006,62,6,9,3
20190716007,72,2,3,1
20190716008,82,0,9,9
20190716009,92,9,1,8
20190716010,102,7,0,7
20190716011,112,4,0,4
20190716012,122,1,3,2
20190716013,132,0,0,0
20190716014,142,9,6,3
20190716015,152,1,2,1
20190716016,162,3,4,1
20190716017,172,5,6,1
20190716018,182,9,3,6
20190716019,192,1,5,4
20190716020,202,4,6,2
20190716021,212,4,3,1
20190716022,222,6,8,2
20190716023,232,6,6,0
20190716024,242,4,8,4
20190716025,252,6,2,4
20190716026,262,0,7,7
20190716027,272,6,5,1
20190716028,282,2,3,1
20190716029,292,7,4,3
20190716030,302,5,2,3
20190716031,312,8,9,1
20190716032,322,6,6,0
20190716033,332,7,4,3
20190716034,342,3,1,2
20190716035,352,5,2,3
20190716036,362,1,3,2
20190716037,372,0,7,7
20190716038,382,5,4,1
20190716039,392,6,5,1
20190716040,402,9,2,7
20190716041,412,7,0,7
20190716042,422,9,2,7
20190716043,432,7,3,4
20190716044,442,1,2,1
20190716045,452,7,6,1
20190716046,462,4,9,5
20190716047,472,4,0,4
20190716048,482,9,7,2
20190716049,492,4,4,0
20190716050,502,8,6,2
20190716051,512,6,8,2
20190716052,522,5,9,4
20190716053,532,6,9,3
20190716054,542,4,7,3
20190716055,552,3,0,3
20190716056,562,0,0,0
20190716057,572,3,8,5
20190716058,582,9,9,0
20190716059,592,0,1,1
20190716060,602,8,8,0
20190716061,612,6,7,1
20190716062,622,3,8,5
20190716063,632,2,1,1
20190716064,642,0,9,9
20190716065,652,7,2,5
20190716066,662,3,5,2
20190716067,672,2,5,3
20190716068,682,0,1,1
20190716069,692,7,9,2
20190716070,702,3,5,2
20190716071,712,0,1,1
20190716072,722,7,0,7
20190716073,732,8,8,0
20190716074,742,9,5,4
20190716075,752,8,0,8
20190716076,762,7,8,1
20190716077,772,6,1,5
20190716078,782,9,0,9
20190716079,792,2,7,5
20190716080,802,6,2,4
20190716081,812,4,3,1
20190716082,822,7,3,4
20190716083,832,6,3,3
20190716084,842,3,7,4
20190716085,852,0,5,5
20190716086,862,1,4,3
20190716087,872,9,8,1
20190716088,882,2,3,1
20190716089,892,4,3,1
20190716090,902,9,2,7
20190716091,912,9,7,2
20190716092,922,9,5,4
20190716093,932,1,7,6
20190716094,942,4,0,4
20190716095,952,6,0,6
20190716096,962,1,1,0
20190716097,972,1,5,4
20190716098,982,5,6,1
20190716099,992,5,5,0
20190716100,1002,8,0,8
20190716101,1012,0,3,3
20190716102,1022,2,9,7
20190716103,1032,2,3,1
20190716104,1042,2,9,7
20190716105,1052,7,1,6
20190716106,1062,9,2,7
20190716107,1072,2,7,5
20190716108,1082,6,5,1
20190716109,1092,5,7,2
20190716110,1102,6,1,5
20190716111,1112,4,2,2
20190716112,1122,8,0,8
20190716113,1132,4,2,2
20190716114,1142,6,3,3
20190716115,1152,7,7,0
20190716116,1162,4,1,3
20190716117,1172,5,7,2
20190716118,1182,4,9,5
20190716119,1192,2,8,6
20190716120,1202,2,9,7
20190716121,1212,9,7,2
20190716122,1222,9,0,9
20190716123,1232,5,9,4
20190716124,1242,2,0,2
20190716125,1252,8,1,7
20190716126,1262,8,3,5
20190716127,1272,1,4,3
20190716128,1282,2,6,4
20190716129,1292,5,9,4
20190716130,1302,8,9,1
20190716131,1312,0,0,0
20190716132,1322,4,2,2
20190716133,1332,5,3,2
20190716134,1342,1,3,2
20190716135,1352,5,2,3
20190716136,1362,1,5,4
20190716137,1372,5,0,5
20190716138,1382,9,6,3
20190716139,1392,2,3,1
20190716140,1402,4,4,0
20190716141,1412,0,7,7
20190716142,1422,9,6,3
20190716143,1432,0,2,2
20190716144,1442,4,8,4
20190716145,1452,8,3,5
20190716146,1462,6,8,2
20190716147,1472,4,6,2
20190716148,1482,2,5,3
20190716149,1492,9,3,6
20190716150,1502,7,3,4
20190716151,1512,1,2,1
20190716152,1522,6,4,2
20190716153,1532,5,3,2
20190716154,1542,6,5,1
20190716155,1552,6,5,1
20190716156,1562,8,5,3
20190716157,1572,8,6,2
20190716158,1582,9,6,3
20190716159,1592,5,2,3
20190716160,1602,7,5,2
20190716161,1612,6,1,5
20190716162,1622,2,0,2
20190716163,1632,6,1,5
20190716164,1642,4,1,3
20190716165,1652,1,5,4
20190716166,1662,2,0,2
20190716167,1672,1,3,2
20190716168,1682,3,4,1
20190716169,1692,8,0,8
20190716170,1702,0,8,8
20190716171,1712,8,4,4
20190716172,1722,4,1,3
20190716173,1732,3,0,3
20190716174,1742,4,0,4
20190716175,1752,7,6,1
20190716176,1762,3,1,2
20190716177,1772,7,7,0
20190716178,1782,1,3,2
20190716179,1792,0,0,0
20190716180,1802,5,6,1
20190716181,1812,7,7,0
20190716182,1822,9,7,2
20190716183,1832,5,2,3
20190716184,1842,4,6,2
20190716185,1852,4,7,3
20190716186,1862,3,6,3
20190716187,1872,5,6,1
20190716188,1882,5,8,3
20190716189,1892,3,3,0
20190716190,1902,5,3,2
20190716191,1912,8,4,4
20190716192,1922,8,9,1
20190716193,1932,2,6,4
20190716194,1942,5,7,2
20190716195,1952,5,7,2
20190716196,1962,3,3,0
20190716197,1972,7,0,7
20190716198,1982,7,6,1
20190716199,1992,4,6,2
20190716200,2002,1,7,6
20190716201,2012,6,2,4
20190716202,2022,2,9,7
20190716203,2032,5,1,4
20190716204,2042,9,4,5
20190716205,2052,3,9,6
20190716206,2062,6,5,1
20190716207,2072,5,0,5
20190716208,2082,6,1,5
20190716209,2092,0,0,0
20190716210,2102,6,9,3
20190716211,2112,5,9,4
20190716212,2122,3,4,1
20190716213,2132,8,5,3
20190716214,2142,9,4,5
20190716215,2152,5,8,3
20190716216,2162,3,1,2
20190716217,2172,0,6,6
20190716218,2182,5,6,1
20190716219,2192,5,0,5
20190716220,2202,9,1,8
20190716221,2212,4,9,5
20190716222,2222,7,2,5
20190716223,2232,8,3,5
20190716224,2242,1,4,3
20190716225,2252,7,1,6
20190716226,2262,5,3,2
20190716227,2272,0,2,2
20190716228,2282,4,9,5
20190716229,2292,4,2,2
20190716230,2302,1,5,4
20190716231,2312,2,2,0
20190716232,2322,9,8,1
20190716233,2332,0,7,7
20190716234,2342,7,5,2
20190716235,2352,1,7,6
20190716236,2362,1,1,0
20190716237,2372,8,8,0
20190716238,2382,3,6,3
20190716239,2392,7,1,6
20190716240,2402,4,3,1
20190716241,2412,0,9,9
20190716242,2422,2,1,1
20190716243,2432,0,6,6
20190716244,2442,8,7,1
20190716245,2452,0,0,0
20190716246,2462,5,2,3
20190716247,2472,6,5,1
20190716248,2482,5,5,0
20190716249,2492,4,1,3
20190716250,2502,2,1,1
20190716251,2512,1,4,3
20190716252,2522,9,1,8
20190716253,2532,7,6,1
20190716254,2542,9,4,5
20190716255,2552,1,1,0
20190716256,2562,8,3,5
20190716257,2572,5,9,4
20190716258,2582,2,1,1
20190716259,2592,0,1,1
20190716260,2602,0,5,5
20190716261,2612,8,8,0
20190716262,2622,9,7,2
20190716263,2632,7,9,2
20190716264,2642,8,4,4
20190716265,2652,4,4,0
20190716266,2662,7,4,3
20190716267,2672,0,2,2
20190716268,2682,6,0,6
20190716269,2692,9,8,1
20190716270,2702,8,1,7
20190716271,2712,8,5,3
20190716272,2722,1,4,3
20190716273,2732,0,6,6
20190716274,2742,2,8,6
20190716275,2752,5,0,5
20190716276,2762,9,6,3
20190716277,2772,0,3,3
20190716278,2782,1,5,4
20190716279,2792,1,8,7
20190716280,2802,7,8,1
20190716281,2812,2,8,6
20190716282,2822,8,0,8
20190716283,2832,3,0,3
20190716284,2842,7,1,6
20190716285,2852,5,1,4
20190716286,2862,5,2,3
20190716287,2872,7,9,2
20190716288,2882,7,2,5
20190717001,13,4,9,5
20190717002,23,3,2,1
20190717003,33,0,2,2
20190717004,43,3,8,5
20190717005,53,5,7,2
20190717006,63,6,1,5
20190717007,73,3,2,1
20190717008,83,1,5,4
20190717009,93,2,7,5
20190717010,103,4,5,1
20190717011,113,8,8,0
20190717012,123,5,2,3
20190717013,133,0,5,5
20190717014,143,0,5,5
20190717015,153,1,4,3
20190717016,163,4,3,1
20190717017,173,6,0,6
20190717018,183,3,4,1
20190717019,193,7,9,2
20190717020,203,1,2,1
20190717021,213,3,1,2
20190717022,223,4,2,2
20190717023,233,8,7,1
20190717024,243,2,0,2
20190717025,253,3,0,3
20190717026,263,9,2,7
20190717027,273,0,2,2
20190717028,283,7,9,2
20190717029,293,1,3,2
20190717030,303,9,5,4
20190717031,313,6,9,3
20190717032,323,0,1,1
20190717033,333,7,8,1
20190717034,343,4,6,2
20190717035,353,7,7,0
20190717036,363,8,2,6
20190717037,373,6,6,0
20190717038,383,3,0,3
20190717039,393,8,6,2
20190717040,403,2,4,2
20190717041,413,3,6,3
20190717042,423,4,3,1
20190717043,433,3,1,2
20190717044,443,9,4,5
20190717045,453,0,0,0
20190717046,463,7,8,1
20190717047,473,9,2,7
20190717048,483,6,1,5
20190717049,493,2,7,5
20190717050,503,6,5,1
20190717051,513,6,0,6
20190717052,523,0,6,6
20190717053,533,5,3,2
20190717054,543,0,4,4
20190717055,553,8,7,1
20190717056,563,4,2,2
20190717057,573,0,7,7
20190717058,583,2,6,4
20190717059,593,0,0,0
20190717060,603,2,6,4
20190717061,613,2,2,0
20190717062,623,5,2,3
20190717063,633,5,7,2
20190717064,643,9,6,3
20190717065,653,7,0,7
20190717066,663,6,8,2
20190717067,673,1,6,5
20190717068,683,4,7,3
20190717069,693,4,2,2
20190717070,703,9,9,0
20190717071,713,6,1,5
20190717072,723,9,0,9
20190717073,733,8,4,4
20190717074,743,5,9,4
20190717075,753,3,3,0
20190717076,763,5,7,2
20190717077,773,8,1,7
20190717078,783,1,8,7
20190717079,793,9,9,0
20190717080,803,1,9,8
20190717081,813,0,6,6
20190717082,823,3,9,6
20190717083,833,8,4,4
20190717084,843,5,9,4
20190717085,853,4,6,2
20190717086,863,7,9,2
20190717087,873,9,0,9
20190717088,883,5,4,1
20190717089,893,0,3,3
20190717090,903,8,2,6
20190717091,913,4,6,2
20190717092,923,5,9,4
20190717093,933,9,8,1
20190717094,943,6,1,5
20190717095,953,2,4,2
20190717096,963,5,1,4
20190717097,973,2,8,6
20190717098,983,6,0,6
20190717099,993,2,9,7
20190717100,1003,0,8,8
20190717101,1013,5,2,3
20190717102,1023,2,9,7
20190717103,1033,0,6,6
20190717104,1043,4,6,2
20190717105,1053,8,4,4
20190717106,1063,6,4,2
20190717107,1073,4,9,5
20190717108,1083,3,2,1
20190717109,1093,3,2,1
20190717110,1103,5,1,4
20190717111,1113,9,2,7
20190717112,1123,3,8,5
20190717113,1133,0,2,2
20190717114,1143,7,2,5
20190717115,1153,1,6,5
20190717116,1163,8,4,4
20190717117,1173,3,4,1
20190717118,1183,4,0,4
20190717119,1193,5,1,4
20190717120,1203,9,9,0
20190717121,1213,5,1,4
20190717122,1223,8,7,1
20190717123,1233,3,0,3
20190717124,1243,3,6,3
20190717125,1253,6,5,1
20190717126,1263,6,9,3
20190717127,1273,7,2,5
20190717128,1283,4,2,2
20190717129,1293,9,5,4
20190717130,1303,9,8,1
20190717131,1313,2,1,1
20190717132,1323,2,9,7
20190717133,1333,3,0,3
20190717134,1343,6,4,2
20190717135,1353,8,4,4
20190717136,1363,2,9,7
20190717137,1373,6,2,4
20190717138,1383,3,2,1
20190717139,1393,4,8,4
20190717140,1403,2,8,6
20190717141,1413,7,1,6
20190717142,1423,4,7,3
20190717143,1433,2,1,1
20190717144,1443,9,0,9
20190717145,1453,4,9,5
20190717146,1463,6,3,3
20190717147,1473,1,3,2
20190717148,1483,9,1,8
20190717149,1493,1,0,1
20190717150,1503,2,7,5
20190717151,1513,7,8,1
20190717152,1523,9,7,2
20190717153,1533,2,5,3
20190717154,1543,1,1,0
20190717155,1553,0,3,3
20190717156,1563,4,5,1
20190717157,1573,8,0,8
20190717158,1583,2,6,4
20190717159,1593,5,1,4
20190717160,1603,7,8,1
20190717161,1613,5,8,3
20190717162,1623,3,4,1
20190717163,1633,5,3,2
20190717164,1643,5,6,1
20190717165,1653,3,0,3
20190717166,1663,0,3,3
20190717167,1673,0,1,1
20190717168,1683,5,0,5
20190717169,1693,0,7,7
20190717170,1703,0,0,0
20190717171,1713,6,0,6
20190717172,1723,9,0,9
20190717173,1733,9,6,3
20190717174,1743,4,1,3
20190717175,1753,8,5,3
20190717176,1763,1,0,1
20190717177,1773,3,6,3
20190717178,1783,2,1,1
20190717179,1793,2,5,3
20190717180,1803,1,6,5
20190717181,1813,0,9,9
20190717182,1823,1,6,5
20190717183,1833,6,4,2
20190717184,1843,4,1,3
20190717185,1853,7,9,2
20190717186,1863,5,2,3
20190717187,1873,1,3,2
20190717188,1883,4,1,3
20190717189,1893,2,2,0
20190717190,1903,7,6,1
20190717191,1913,5,1,4
20190717192,1923,0,6,6
20190717193,1933,6,6,0
20190717194,1943,1,8,7
20190717195,1953,6,7,1
20190717196,1963,1,6,5
20190717197,1973,3,3,0
20190717198,1983,7,5,2
20190717199,1993,0,8,8
20190717200,2003,0,9,9
20190717201,2013,8,7,1
20190717202,2023,5,0,5
20190717203,2033,1,2,1
20190717204,2043,6,1,5
20190717205,2053,5,3,2
20190717206,2063,9,4,5
20190717207,2073,1,3,2
20190717208,2083,5,7,2
20190717209,2093,1,6,5
20190717210,2103,0,9,9
20190717211,2113,7,7,0
20190717212,2123,0,8,8
20190717213,2133,6,6,0
20190717214,2143,2,7,5
20190717215,2153,5,5,0
20190717216,2163,7,5,2
20190717217,2173,2,7,5
20190717218,2183,9,7,2
20190717219,2193,3,4,1
20190717220,2203,0,6,6
20190717221,2213,9,9,0
20190717222,2223,6,3,3
20190717223,2233,0,0,0
20190717224,2243,2,9,7
20190717225,2253,2,9,7
20190717226,2263,7,6,1
20190717227,2273,4,6,2
20190717228,2283,0,7,7
20190717229,2293,5,0,5
20190717230,2303,6,9,3
20190717231,2313,4,5,1
20190717232,2323,0,9,9
20190717233,2333,8,5,3
20190717234,2343,1,3,2
20190717235,2353,2,1,1
20190717236,2363,2,5,3
20190717237,2373,9,4,5
20190717238,2383,5,3,2
20190717239,2393,5,6,1
20190717240,2403,5,2,3
20190717241,2413,2,9,7
20190717242,2423,5,8,3
20190717243,2433,7,0,7
20190717244,2443,8,0,8
20190717245,2453,3,6,3
20190717246,2463,6,4,2
20190717247,2473,8,5,3
20190717248,2483,1,7,6
20190717249,2493,8,4,4
20190717250,2503,7,8,1
20190717251,2513,6,8,2
20190717252,2523,1,6,5
20190717253,2533,0,6,6
20190717254,2543,8,8,0
20190717255,2553,7,9,2
20190717256,2563,4,9,5
20190717257,2573,4,6,2
20190717258,2583,4,5,1
20190717259,2593,7,4,3
20190717260,2603,1,8,7
20190717261,2613,4,4,0
20190717262,2623,2,5,3
20190717263,2633,9,0,9
20190717264,2643,1,1,0
20190717265,2653,4,4,0
20190717266,2663,3,4,1
20190717267,2673,2,1,1
20190717268,2683,0,9,9
20190717269,2693,5,1,4
20190717270,2703,7,2,5
20190717271,2713,2,9,7
20190717272,2723,9,8,1
20190717273,2733,6,5,1
20190717274,2743,3,3,0
20190717275,2753,0,8,8
20190717276,2763,4,8,4
20190717277,2773,5,8,3
20190717278,2783,0,8,8
20190717279,2793,0,2,2
20190717280,2803,7,1,6
20190717281,2813,3,4,1
20190717282,2823,2,2,0
20190717283,2833,3,4,1
20190717284,2843,1,8,7
20190717285,2853,5,6,1
20190717286,2863,2,2,0
20190717287,2873,3,4,1
20190717288,2883,8,1,7
20190718001,14,5,6,1
20190718002,24,5,8,3
20190718003,34,7,0,7
20190718004,44,0,7,7
20190718005,54,8,7,1
20190718006,64,2,8,6
20190718007,74,2,1,1
20190718008,84,2,5,3
20190718009,94,3,9,6
20190718010,104,7,9,2
20190718011,114,5,4,1
20190718012,124,1,8,7
20190718013,134,0,3,3
20190718014,144,1,1,0
20190718015,154,2,9,7
20190718016,164,7,4,3
20190718017,174,8,0,8
20190718018,184,0,6,6
20190718019,194,2,4,2
20190718020,204,6,8,2
20190718021,214,7,7,0
20190718022,224,0,1,1
20190718023,234,9,7,2
20190718024,244,8,1,7
20190718025,254,0,1,1
20190718026,264,1,8,7
20190718027,274,1,5,4
20190718028,284,8,5,3
20190718029,294,9,5,4
20190718030,304,8,9,1
20190718031,314,8,3,5
20190718032,324,0,4,4
20190718033,334,9,1,8
20190718034,344,0,5,5
20190718035,354,6,3,3
20190718036,364,2,5,3
20190718037,374,7,3,4
20190718038,384,1,5,4
20190718039,394,6,3,3
20190718040,404,9,9,0
20190718041,414,7,8,1
20190718042,424,0,2,2
20190718043,434,9,5,4
20190718044,444,2,1,1
20190718045,454,5,8,3
20190718046,464,4,4,0
20190718047,474,7,6,1
20190718048,484,9,3,6
20190718049,494,4,0,4
20190718050,504,8,4,4
20190718051,514,9,0,9
20190718052,524,3,4,1
20190718053,534,0,2,2
20190718054,544,3,3,0
20190718055,554,1,0,1
20190718056,564,1,6,5
20190718057,574,5,1,4
20190718058,584,6,3,3
20190718059,594,9,9,0
20190718060,604,0,2,2
20190718061,614,9,8,1
20190718062,624,7,8,1
20190718063,634,8,4,4
20190718064,644,8,0,8
20190718065,654,4,0,4
20190718066,664,9,9,0
20190718067,674,1,0,1
20190718068,684,9,7,2
20190718069,694,4,1,3
20190718070,704,4,6,2
20190718071,714,6,1,5
20190718072,724,9,3,6
20190718073,734,8,6,2
20190718074,744,9,0,9
20190718075,754,6,2,4
20190718076,764,8,1,7
20190718077,774,7,7,0
20190718078,784,5,4,1
20190718079,794,9,7,2
20190718080,804,8,6,2
20190718081,814,3,0,3
20190718082,824,0,0,0
20190718083,834,2,7,5
20190718084,844,3,8,5
20190718085,854,6,6,0
20190718086,864,3,2,1
20190718087,874,2,9,7
20190718088,884,8,7,1
20190718089,894,7,8,1
20190718090,904,0,0,0
20190718091,914,8,6,2
20190718092,924,3,5,2
20190718093,934,8,2,6
20190718094,944,5,3,2
20190718095,954,8,6,2
20190718096,964,7,5,2
20190718097,974,5,8,3
20190718098,984,3,7,4
20190718099,994,2,2,0
20190718100,1004,9,0,9
20190718101,1014,5,4,1
20190718102,1024,0,5,5
20190718103,1034,6,0,6
20190718104,1044,3,3,0
20190718105,1054,3,2,1
20190718106,1064,8,7,1
20190718107,1074,9,0,9
20190718108,1084,0,2,2
20190718109,1094,2,2,0
20190718110,1104,2,0,2
20190718111,1114,6,3,3
20190718112,1124,8,6,2
20190718113,1134,8,0,8
20190718114,1144,7,3,4
20190718115,1154,6,6,0
20190718116,1164,0,1,1
20190718117,1174,2,2,0
20190718118,1184,4,1,3
20190718119,1194,7,9,2
20190718120,1204,0,8,8
20190718121,1214,2,0,2
20190718122,1224,1,7,6
20190718123,1234,8,4,4
20190718124,1244,1,5,4
20190718125,1254,4,8,4
20190718126,1264,4,7,3
20190718127,1274,5,1,4
20190718128,1284,5,8,3
20190718129,1294,2,7,5
20190718130,1304,3,4,1
20190718131,1314,8,9,1
20190718132,1324,7,2,5
20190718133,1334,0,8,8
20190718134,1344,2,1,1
20190718135,1354,4,5,1
20190718136,1364,6,4,2
20190718137,1374,1,7,6
20190718138,1384,6,8,2
20190718139,1394,8,9,1
20190718140,1404,4,1,3
20190718141,1414,6,3,3
20190718142,1424,5,9,4
20190718143,1434,1,4,3
20190718144,1444,6,2,4
20190718145,1454,0,6,6
20190718146,1464,6,3,3
20190718147,1474,1,9,8
20190718148,1484,3,6,3
20190718149,1494,3,2,1
20190718150,1504,5,9,4
20190718151,1514,0,6,6
20190718152,1524,3,0,3
20190718153,1534,0,1,1
20190718154,1544,2,5,3
20190718155,1554,5,7,2
20190718156,1564,4,8,4
20190718157,1574,4,5,1
20190718158,1584,6,3,3
20190718159,1594,0,1,1
20190718160,1604,6,9,3
20190718161,1614,5,2,3
20190718162,1624,9,9,0
20190718163,1634,1,1,0
20190718164,1644,9,1,8
20190718165,1654,7,7,0
20190718166,1664,3,4,1
20190718167,1674,4,1,3
20190718168,1684,4,5,1
20190718169,1694,0,5,5
20190718170,1704,3,2,1
20190718171,1714,9,7,2
20190718172,1724,8,2,6
20190718173,1734,2,2,0
20190718174,1744,7,4,3
20190718175,1754,9,0,9
20190718176,1764,0,5,5
20190718177,1774,8,1,7
20190718178,1784,8,7,1
20190718179,1794,7,5,2
20190718180,1804,6,4,2
20190718181,1814,4,7,3
20190718182,1824,3,0,3
20190718183,1834,2,2,0
20190718184,1844,1,7,6
20190718185,1854,4,9,5
20190718186,1864,4,6,2
20190718187,1874,5,0,5
20190718188,1884,6,5,1
20190718189,1894,9,9,0
20190718190,1904,2,9,7
20190718191,1914,8,0,8
20190718192,1924,5,9,4
20190718193,1934,6,9,3
20190718194,1944,6,0,6
20190718195,1954,3,3,0
20190718196,1964,5,8,3
20190718197,1974,4,9,5
20190718198,1984,5,0,5
20190718199,1994,3,1,2
20190718200,2004,9,5,4
20190718201,2014,8,5,3
20190718202,2024,0,3,3
20190718203,2034,6,6,0
20190718204,2044,2,1,1
20190718205,2054,9,9,0
20190718206,2064,4,0,4
20190718207,2074,3,2,1
20190718208,2084,1,4,3
20190718209,2094,3,5,2
20190718210,2104,4,8,4
20190718211,2114,7,0,7
20190718212,2124,1,8,7
20190718213,2134,0,9,9
20190718214,2144,4,0,4
20190718215,2154,0,1,1
20190718216,2164,9,3,6
20190718217,2174,4,0,4
20190718218,2184,6,5,1
20190718219,2194,9,0,9
20190718220,2204,5,7,2
20190718221,2214,0,9,9
20190718222,2224,2,7,5
20190718223,2234,0,4,4
20190718224,2244,8,5,3
20190718225,2254,4,2,2
20190718226,2264,0,2,2
20190718227,2274,8,0,8
20190718228,2284,9,0,9
20190718229,2294,9,5,4
20190718230,2304,8,8,0
20190718231,2314,3,0,3
20190718232,2324,2,6,4
20190718233,2334,6,2,4
20190718234,2344,1,5,4
20190718235,2354,9,1,8
20190718236,2364,7,7,0
20190718237,2374,0,7,7
20190718238,2384,8,1,7
20190718239,2394,0,9,9
20190718240,2404,2,5,3
20190718241,2414,1,6,5
20190718242,2424,0,7,7
20190718243,2434,0,8,8
20190718244,2444,2,3,1
20190718245,2454,2,6,4
20190718246,2464,7,3,4
20190718247,2474,2,5,3
20190718248,2484,8,1,7
20190718249,2494,2,4,2
20190718250,2504,2,6,4
20190718251,2514,7,4,3
20190718252,2524,6,2,4
20190718253,2534,9,1,8
20190718254,2544,6,8,2
20190718255,2554,9,3,6
20190718256,2564,4,2,2
20190718257,2574,7,9,2
20190718258,2584,4,8,4
20190718259,2594,5,5,0
20190718260,2604,6,2,4
20190718261,2614,6,2,4
20190718262,2624,1,0,1
20190718263,2634,1,0,1
20190718264,2644,5,8,3
20190718265,2654,4,0,4
20190718266,2664,7,9,2
20190718267,2674,3,9,6
20190718268,2684,8,3,5
20190718269,2694,4,2,2
20190718270,2704,7,7,0
20190718271,2714,0,7,7
20190718272,2724,9,4,5
20190718273,2734,9,2,7
20190718274,2744,1,5,4
20190718275,2754,7,4,3
20190718276,2764,2,4,2
20190718277,2774,7,0,7
20190718278,2784,5,4,1
20190718279,2794,1,1,0
20190718280,2804,5,8,3
20190718281,2814,3,9,6
20190718282,2824,4,8,4
20190718283,2834,4,6,2
20190718284,2844,6,5,1
20190718285,2854,7,6,1
20190718286,2864,5,1,4
20190718287,2874,9,5,4
20190718288,2884,4,7,3
20190719001,15,4,5,1
20190719002,25,0,0,0
20190719003,35,8,3,5
20190719004,45,7,9,2
20190719005,55,6,0,6
20190719006,65,3,8,5
20190719007,75,3,3,0
20190719008,85,3,1,2
20190719009,95,4,3,1
20190719010,105,8,6,2
20190719011,115,9,2,7
20190719012,125,1,7,6
20190719013,135,5,3,2
20190719014,145,5,5,0
20190719015,155,0,9,9
20190719016,165,3,2,1
20190719017,175,5,9,4
20190719018,185,6,6,0
20190719019,195,5,1,4
20190719020,205,7,0,7
20190719021,215,5,9,4
20190719022,225,8,8,0
20190719023,235,1,5,4
20190719024,245,4,5,1
20190719025,255,7,4,3
20190719026,265,9,5,4
20190719027,275,9,9,0
20190719028,285,7,3,4
20190719029,295,4,8,4
20190719030,305,2,4,2
20190719031,315,9,6,3
20190719032,325,3,4,1
20190719033,335,3,2,1
20190719034,345,5,4,1
20190719035,355,7,3,4
20190719036,365,7,4,3
20190719037,375,3,3,0
20190719038,385,7,0,7
20190719039,395,7,9,2
20190719040,405,8,3,5
20190719041,415,1,3,2
20190719042,425,5,5,0
20190719043,435,1,5,4
20190719044,445,5,0,5
20190719045,455,5,8,3
20190719046,465,1,3,2
20190719047,475,8,6,2
20190719048,485,4,5,1
20190719049,495,4,4,0
20190719050,505,0,7,7
20190719051,515,7,8,1
20190719052,525,7,7,0
20190719053,535,0,9,9
20190719054,545,0,0,0
20190719055,555,0,8,8
20190719056,565,0,2,2
20190719057,575,3,7,4
20190719058,585,4,3,1
20190719059,595,5,6,1
20190719060,605,5,1,4
20190719061,615,8,0,8
20190719062,625,9,1,8
20190719063,635,3,8,5
20190719064,645,6,7,1
20190719065,655,9,4,5
20190719066,665,1,0,1
20190719067,675,1,0,1
20190719068,685,1,4,3
20190719069,695,6,1,5
20190719070,705,5,9,4
20190719071,715,8,0,8
20190719072,725,0,2,2
20190719073,735,6,8,2
20190719074,745,1,0,1
20190719075,755,8,7,1
20190719076,765,3,5,2
20190719077,775,5,0,5
20190719078,785,8,8,0
20190719079,795,9,6,3
20190719080,805,5,6,1
20190719081,815,2,0,2
20190719082,825,3,7,4
20190719083,835,1,3,2
20190719084,845,5,3,2
20190719085,855,3,1,2
20190719086,865,9,7,2
20190719087,875,9,8,1
20190719088,885,8,4,4
20190719089,895,8,5,3
20190719090,905,6,8,2
20190719091,915,4,8,4
20190719092,925,2,4,2
20190719093,935,9,6,3
20190719094,945,4,2,2
20190719095,955,1,3,2
20190719096,965,3,9,6
20190719097,975,2,8,6
20190719098,985,4,4,0
20190719099,995,8,7,1
20190719100,1005,3,2,1
20190719101,1015,9,1,8
20190719102,1025,8,7,1
20190719103,1035,7,9,2
20190719104,1045,0,1,1
20190719105,1055,2,9,7
20190719106,1065,0,2,2
20190719107,1075,0,5,5
20190719108,1085,6,3,3
20190719109,1095,6,5,1
20190719110,1105,0,7,7
20190719111,1115,7,5,2
20190719112,1125,1,1,0
20190719113,1135,3,5,2
20190719114,1145,3,9,6
20190719115,1155,6,3,3
20190719116,1165,9,2,7
20190719117,1175,1,4,3
20190719118,1185,1,8,7
20190719119,1195,1,9,8
20190719120,1205,2,0,2
20190719121,1215,2,1,1
20190719122,1225,6,9,3
20190719123,1235,8,7,1
20190719124,1245,9,9,0
20190719125,1255,9,7,2
20190719126,1265,4,2,2
20190719127,1275,0,0,0
20190719128,1285,6,4,2
20190719129,1295,4,5,1
20190719130,1305,4,3,1
20190719131,1315,7,5,2
20190719132,1325,8,6,2
20190719133,1335,3,8,5
20190719134,1345,9,8,1
20190719135,1355,0,6,6
20190719136,1365,4,4,0
20190719137,1375,9,5,4
20190719138,1385,8,5,3
20190719139,1395,8,9,1
20190719140,1405,4,5,1
20190719141,1415,3,0,3
20190719142,1425,8,4,4
20190719143,1435,6,7,1
20190719144,1445,3,4,1
20190719145,1455,4,1,3
20190719146,1465,8,4,4
20190719147,1475,9,5,4
20190719148,1485,7,8,1
20190719149,1495,9,0,9
20190719150,1505,7,7,0
20190719151,1515,9,5,4
20190719152,1525,2,5,3
20190719153,1535,9,3,6
20190719154,1545,3,7,4
20190719155,1555,8,0,8
20190719156,1565,8,0,8
20190719157,1575,9,5,4
20190719158,1585,3,3,0
20190719159,1595,6,3,3
20190719160,1605,4,0,4
20190719161,1615,8,0,8
20190719162,1625,6,8,2
20190719163,1635,7,1,6
20190719164,1645,2,0,2
20190719165,1655,4,4,0
20190719166,1665,0,0,0
20190719167,1675,0,1,1
20190719168,1685,1,0,1
20190719169,1695,1,7,6
20190719170,1705,0,0,0
20190719171,1715,6,0,6
20190719172,1725,0,1,1
20190719173,1735,8,8,0
20190719174,1745,1,0,1
20190719175,1755,0,3,3
20190719176,1765,4,2,2
20190719177,1775,5,2,3
20190719178,1785,7,1,6
20190719179,1795,0,7,7
20190719180,1805,4,5,1
20190719181,1815,2,5,3
20190719182,1825,0,5,5
20190719183,1835,8,6,2
20190719184,1845,7,9,2
20190719185,1855,3,5,2
20190719186,1865,0,0,0
20190719187,1875,4,2,2
20190719188,1885,8,1,7
20190719189,1895,5,1,4
20190719190,1905,5,4,1
20190719191,1915,0,7,7
20190719192,1925,9,4,5
20190719193,1935,3,3,0
20190719194,1945,2,4,2
20190719195,1955,0,0,0
20190719196,1965,2,3,1
20190719197,1975,7,0,7
20190719198,1985,9,4,5
20190719199,1995,2,0,2
20190719200,2005,3,7,4
20190719201,2015,5,4,1
20190719202,2025,4,2,2
20190719203,2035,5,1,4
20190719204,2045,2,2,0
20190719205,2055,0,9,9
20190719206,2065,6,4,2
20190719207,2075,2,7,5
20190719208,2085,0,8,8
20190719209,2095,3,2,1
20190719210,2105,4,8,4
20190719211,2115,7,4,3
20190719212,2125,6,6,0
20190719213,2135,4,3,1
20190719214,2145,0,4,4
20190719215,2155,1,6,5
20190719216,2165,7,6,1
20190719217,2175,2,5,3
20190719218,2185,2,6,4
20190719219,2195,2,1,1
20190719220,2205,9,4,5
20190719221,2215,9,9,0
20190719222,2225,3,9,6
20190719223,2235,6,2,4
20190719224,2245,4,9,5
20190719225,2255,1,4,3
20190719226,2265,4,8,4
20190719227,2275,7,4,3
20190719228,2285,8,2,6
20190719229,2295,4,9,5
20190719230,2305,4,2,2
20190719231,2315,6,6,0
20190719232,2325,5,7,2
20190719233,2335,8,9,1
20190719234,2345,0,3,3
20190719235,2355,3,1,2
20190719236,2365,4,2,2
20190719237,2375,1,2,1
20190719238,2385,5,7,2
20190719239,2395,6,8,2
20190719240,2405,6,9,3
20190719241,2415,0,1,1
20190719242,2425,8,5,3
20190719243,2435,5,0,5
20190719244,2445,0,2,2
20190719245,2455,4,9,5
20190719246,2465,6,8,2
20190719247,2475,8,1,7
20190719248,2485,4,0,4
20190719249,2495,0,7,7
20190719250,2505,2,5,3
20190719251,2515,2,4,2
20190719252,2525,4,1,3
20190719253,2535,5,3,2
20190719254,2545,1,0,1
20190719255,2555,6,3,3
20190719256,2565,6,2,4
20190719257,2575,2,0,2
20190719258,2585,6,5,1
20190719259,2595,0,6,6
20190719260,2605,1,9,8
20190719261,2615,0,0,0
20190719262,2625,2,7,5
20190719263,2635,5,5,0
20190719264,2645,8,4,4
20190719265,2655,0,3,3
20190719266,2665,4,3,1
20190719267,2675,8,4,4
20190719268,2685,6,9,3
20190719269,2695,5,7,2
20190719270,2705,4,7,3
20190719271,2715,9,9,0
20190719272,2725,8,9,1
20190719273,2735,4,8,4
20190719274,2745,7,9,2
20190719275,2755,7,6,1
20190719276,2765,5,6,1
20190719277,2775,5,4,1
20190719278,2785,1,6,5
20190719279,2795,6,6,0
20190719280,2805,6,3,3
20190719281,2815,2,9,7
20190719282,2825,1,7,6
20190719283,2835,4,6,2
20190719284,2845,2,0,2
20190719285,2855,2,5,3
20190719286,2865,4,0,4
20190719287,2875,1,9,8
20190719288,2885,0,4,4
20190720001,16,2,5,3
20190720002,26,9,2,7
20190720003,36,2,1,1
20190720004,46,6,9,3
20190720005,56,2,4,2
20190720006,66,0,2,2
20190720007,76,5,5,0
20190720008,86,0,8,8
20190720009,96,0,6,6
20190720010,106,5,4,1
20190720011,116,9,7,2
20190720012,126,8,2,6
20190720013,136,7,6,1
20190720014,146,4,4,0
20190720015,156,7,9,2
20190720016,166,5,5,0
20190720017,176,6,1,5
20190720018,186,8,7,1
20190720019,196,7,5,2
20190720020,206,7,2,5
20190720021,216,6,7,1
20190720022,226,4,7,3
20190720023,236,8,8,0
20190720024,246,1,1,0
20190720025,256,0,2,2
20190720026,266,5,2,3
20190720027,276,8,9,1
20190720028,286,2,0,2
20190720029,296,9,9,0
20190720030,306,8,5,3
20190720031,316,0,6,6
20190720032,326,7,4,3
20190720033,336,4,4,0
20190720034,346,7,7,0
20190720035,356,5,5,0
20190720036,366,4,1,3
20190720037,376,9,6,3
20190720038,386,5,3,2
20190720039,396,4,1,3
20190720040,406,4,7,3
20190720041,416,8,4,4
20190720042,426,4,3,1
20190720043,436,0,3,3
20190720044,446,1,2,1
20190720045,456,8,8,0
20190720046,466,6,5,1
20190720047,476,7,1,6
20190720048,486,5,4,1
20190720049,496,5,4,1
20190720050,506,2,6,4
20190720051,516,9,4,5
20190720052,526,6,3,3
20190720053,536,6,2,4
20190720054,546,7,6,1
20190720055,556,8,4,4
20190720056,566,4,9,5
20190720057,576,7,9,2
20190720058,586,0,9,9
20190720059,596,8,0,8
20190720060,606,2,1,1
20190720061,616,4,1,3
20190720062,626,4,2,2
20190720063,636,2,9,7
20190720064,646,2,6,4
20190720065,656,5,2,3
20190720066,666,6,8,2
20190720067,676,2,9,7
20190720068,686,4,5,1
20190720069,696,8,1,7
20190720070,706,9,6,3
20190720071,716,9,8,1
20190720072,726,6,6,0
20190720073,736,3,7,4
20190720074,746,0,0,0
20190720075,756,1,2,1
20190720076,766,3,4,1
20190720077,776,9,6,3
20190720078,786,5,3,2
20190720079,796,7,0,7
20190720080,806,9,5,4
20190720081,816,0,7,7
20190720082,826,8,6,2
20190720083,836,7,0,7
20190720084,846,7,7,0
20190720085,856,1,9,8
20190720086,866,5,8,3
20190720087,876,4,6,2
20190720088,886,6,7,1
20190720089,896,3,3,0
20190720090,906,2,3,1
20190720091,916,1,2,1
20190720092,926,3,0,3
20190720093,936,1,2,1
20190720094,946,7,9,2
20190720095,956,7,3,4
20190720096,966,9,2,7
20190720097,976,4,7,3
20190720098,986,3,7,4
20190720099,996,2,8,6
20190720100,1006,3,6,3
20190720101,1016,0,8,8
20190720102,1026,0,0,0
20190720103,1036,6,3,3
20190720104,1046,9,8,1
20190720105,1056,0,1,1
20190720106,1066,9,0,9
20190720107,1076,9,5,4
20190720108,1086,2,7,5
20190720109,1096,8,0,8
20190720110,1106,0,3,3
20190720111,1116,6,9,3
20190720112,1126,6,2,4
20190720113,1136,6,3,3
20190720114,1146,9,3,6
20190720115,1156,4,2,2
20190720116,1166,7,2,5
20190720117,1176,5,2,3
20190720118,1186,2,6,4
20190720119,1196,6,7,1
20190720120,1206,3,9,6
20190720121,1216,8,2,6
20190720122,1226,6,3,3
20190720123,1236,1,8,7
20190720124,1246,7,9,2
20190720125,1256,5,3,2
20190720126,1266,3,5,2
20190720127,1276,6,3,3
20190720128,1286,4,3,1
20190720129,1296,1,4,3
20190720130,1306,5,9,4
20190720131,1316,0,9,9
20190720132,1326,7,7,0
20190720133,1336,8,4,4
20190720134,1346,3,6,3
20190720135,1356,6,6,0
20190720136,1366,8,4,4
20190720137,1376,1,8,7
20190720138,1386,6,9,3
20190720139,1396,3,5,2
20190720140,1406,8,1,7
20190720141,1416,7,1,6
20190720142,1426,1,7,6
20190720143,1436,6,6,0
20190720144,1446,0,6,6
20190720145,1456,3,4,1
20190720146,1466,3,9,6
20190720147,1476,4,7,3
20190720148,1486,3,2,1
20190720149,1496,1,4,3
20190720150,1506,9,0,9
20190720151,1516,5,0,5
20190720152,1526,6,7,1
20190720153,1536,0,5,5
20190720154,1546,2,9,7
20190720155,1556,0,4,4
20190720156,1566,4,5,1
20190720157,1576,4,8,4
20190720158,1586,8,0,8
20190720159,1596,5,4,1
20190720160,1606,2,1,1
20190720161,1616,8,5,3
20190720162,1626,0,4,4
20190720163,1636,5,9,4
20190720164,1646,1,9,8
20190720165,1656,0,3,3
20190720166,1666,1,8,7
20190720167,1676,2,9,7
20190720168,1686,1,3,2
20190720169,1696,1,1,0
20190720170,1706,4,7,3
20190720171,1716,9,8,1
20190720172,1726,4,9,5
20190720173,1736,6,7,1
20190720174,1746,4,0,4
20190720175,1756,0,6,6
20190720176,1766,3,1,2
20190720177,1776,9,8,1
20190720178,1786,2,1,1
20190720179,1796,8,2,6
20190720180,1806,6,0,6
20190720181,1816,2,2,0
20190720182,1826,9,5,4
20190720183,1836,3,8,5
20190720184,1846,3,2,1
20190720185,1856,6,4,2
20190720186,1866,8,2,6
20190720187,1876,9,6,3
20190720188,1886,6,9,3
20190720189,1896,6,7,1
20190720190,1906,1,9,8
20190720191,1916,7,0,7
20190720192,1926,0,8,8
20190720193,1936,0,1,1
20190720194,1946,9,4,5
20190720195,1956,4,9,5
20190720196,1966,6,1,5
20190720197,1976,9,4,5
20190720198,1986,1,3,2
20190720199,1996,4,8,4
20190720200,2006,5,3,2
20190720201,2016,0,2,2
20190720202,2026,9,1,8
20190720203,2036,9,1,8
20190720204,2046,1,1,0
20190720205,2056,2,5,3
20190720206,2066,7,6,1
20190720207,2076,2,1,1
20190720208,2086,8,7,1
20190720209,2096,6,3,3
20190720210,2106,1,3,2
20190720211,2116,2,3,1
20190720212,2126,1,2,1
20190720213,2136,7,9,2
20190720214,2146,5,2,3
20190720215,2156,3,5,2
20190720216,2166,7,7,0
20190720217,2176,3,5,2
20190720218,2186,5,6,1
20190720219,2196,4,5,1
20190720220,2206,3,4,1
20190720221,2216,8,6,2
20190720222,2226,4,6,2
20190720223,2236,2,9,7
20190720224,2246,1,7,6
20190720225,2256,9,2,7
20190720226,2266,1,2,1
20190720227,2276,4,2,2
20190720228,2286,3,5,2
20190720229,2296,7,2,5
20190720230,2306,4,5,1
20190720231,2316,1,6,5
20190720232,2326,7,5,2
20190720233,2336,8,7,1
20190720234,2346,2,5,3
20190720235,2356,0,7,7
20190720236,2366,5,5,0
20190720237,2376,9,0,9
20190720238,2386,2,9,7
20190720239,2396,3,0,3
20190720240,2406,1,9,8
20190720241,2416,2,0,2
20190720242,2426,4,9,5
20190720243,2436,0,1,1
20190720244,2446,2,0,2
20190720245,2456,5,6,1
20190720246,2466,6,8,2
20190720247,2476,1,0,1
20190720248,2486,8,5,3
20190720249,2496,4,2,2
20190720250,2506,8,2,6
20190720251,2516,1,2,1
20190720252,2526,2,6,4
20190720253,2536,4,0,4
20190720254,2546,9,8,1
20190720255,2556,6,7,1
20190720256,2566,3,7,4
20190720257,2576,8,6,2
20190720258,2586,8,8,0
20190720259,2596,5,1,4
20190720260,2606,5,0,5
20190720261,2616,6,6,0
20190720262,2626,5,6,1
20190720263,2636,0,0,0
20190720264,2646,2,6,4
20190720265,2656,9,3,6
20190720266,2666,0,4,4
20190720267,2676,6,9,3
20190720268,2686,2,2,0
20190720269,2696,4,3,1
20190720270,2706,5,7,2
20190720271,2716,5,2,3
20190720272,2726,7,2,5
20190720273,2736,8,4,4
20190720274,2746,1,2,1
20190720275,2756,5,3,2
20190720276,2766,9,1,8
20190720277,2776,0,9,9
20190720278,2786,0,1,1
20190720279,2796,1,6,5
20190720280,2806,0,3,3
20190720281,2816,8,8,0
20190720282,2826,4,5,1
20190720283,2836,8,2,6
20190720284,2846,5,2,3
20190720285,2856,2,0,2
20190720286,2866,1,6,5
20190720287,2876,8,6,2
20190720288,2886,2,5,3
20190721001,17,1,3,2
20190721002,27,7,5,2
20190721003,37,1,4,3
20190721004,47,6,6,0
20190721005,57,2,2,0
20190721006,67,5,7,2
20190721007,77,4,5,1
20190721008,87,9,3,6
20190721009,97,9,8,1
20190721010,107,2,5,3
20190721011,117,0,6,6
20190721012,127,6,3,3
20190721013,137,4,0,4
20190721014,147,8,0,8
20190721015,157,1,5,4
20190721016,167,9,2,7
20190721017,177,0,1,1
20190721018,187,8,5,3
20190721019,197,6,1,5
20190721020,207,8,0,8
20190721021,217,2,7,5
20190721022,227,6,0,6
20190721023,237,7,7,0
20190721024,247,6,1,5
20190721025,257,8,2,6
20190721026,267,7,8,1
20190721027,277,6,1,5
20190721028,287,3,5,2
20190721029,297,1,4,3
20190721030,307,0,3,3
20190721031,317,4,0,4
20190721032,327,3,2,1
20190721033,337,6,1,5
20190721034,347,1,9,8
20190721035,357,4,5,1
20190721036,367,6,4,2
20190721037,377,5,4,1
20190721038,387,9,1,8
20190721039,397,7,4,3
20190721040,407,1,6,5
20190721041,417,9,4,5
20190721042,427,2,1,1
20190721043,437,7,4,3
20190721044,447,7,1,6
20190721045,457,4,8,4
20190721046,467,1,8,7
20190721047,477,8,1,7
20190721048,487,6,7,1
20190721049,497,0,7,7
20190721050,507,4,9,5
20190721051,517,4,7,3
20190721052,527,9,5,4
20190721053,537,6,0,6
20190721054,547,0,8,8
20190721055,557,7,4,3
20190721056,567,3,4,1
20190721057,577,5,4,1
20190721058,587,5,4,1
20190721059,597,0,8,8
20190721060,607,7,0,7
20190721061,617,4,2,2
20190721062,627,5,5,0
20190721063,637,6,1,5
20190721064,647,4,8,4
20190721065,657,6,8,2
20190721066,667,8,7,1
20190721067,677,9,3,6
20190721068,687,9,6,3
20190721069,697,8,6,2
20190721070,707,6,2,4
20190721071,717,9,4,5
20190721072,727,8,7,1
20190721073,737,5,6,1
20190721074,747,0,1,1
20190721075,757,4,2,2
20190721076,767,6,5,1
20190721077,777,4,2,2
20190721078,787,4,8,4
20190721079,797,7,1,6
20190721080,807,4,5,1
20190721081,817,7,7,0
20190721082,827,6,9,3
20190721083,837,4,4,0
20190721084,847,0,5,5
20190721085,857,3,1,2
20190721086,867,7,6,1
20190721087,877,0,2,2
20190721088,887,6,0,6
20190721089,897,6,1,5
20190721090,907,8,2,6
20190721091,917,8,1,7
20190721092,927,4,3,1
20190721093,937,4,8,4
20190721094,947,4,9,5
20190721095,957,1,7,6
20190721096,967,7,3,4
20190721097,977,2,4,2
20190721098,987,7,8,1
20190721099,997,4,5,1
20190721100,1007,6,9,3
20190721101,1017,4,7,3
20190721102,1027,4,8,4
20190721103,1037,2,5,3
20190721104,1047,9,4,5
20190721105,1057,9,7,2
20190721106,1067,5,8,3
20190721107,1077,9,2,7
20190721108,1087,1,5,4
20190721109,1097,9,4,5
20190721110,1107,4,2,2
20190721111,1117,2,5,3
20190721112,1127,5,3,2
20190721113,1137,4,2,2
20190721114,1147,4,2,2
20190721115,1157,4,5,1
20190721116,1167,5,9,4
20190721117,1177,8,0,8
20190721118,1187,3,4,1
20190721119,1197,6,9,3
20190721120,1207,7,0,7
20190721121,1217,8,8,0
20190721122,1227,7,6,1
20190721123,1237,7,3,4
20190721124,1247,8,1,7
20190721125,1257,6,8,2
20190721126,1267,4,7,3
20190721127,1277,9,2,7
20190721128,1287,4,7,3
20190721129,1297,1,8,7
20190721130,1307,1,0,1
20190721131,1317,9,6,3
20190721132,1327,5,5,0
20190721133,1337,1,1,0
20190721134,1347,2,9,7
20190721135,1357,1,0,1
20190721136,1367,6,0,6
20190721137,1377,6,6,0
20190721138,1387,2,0,2
20190721139,1397,2,0,2
20190721140,1407,6,4,2
20190721141,1417,8,4,4
20190721142,1427,8,4,4
20190721143,1437,1,6,5
20190721144,1447,9,2,7
20190721145,1457,1,2,1
20190721146,1467,3,0,3
20190721147,1477,9,6,3
20190721148,1487,4,9,5
20190721149,1497,5,2,3
20190721150,1507,7,7,0
20190721151,1517,8,2,6
20190721152,1527,5,5,0
20190721153,1537,6,2,4
20190721154,1547,7,2,5
20190721155,1557,8,2,6
20190721156,1567,0,3,3
20190721157,1577,8,8,0
20190721158,1587,1,3,2
20190721159,1597,4,3,1
20190721160,1607,6,1,5
20190721161,1617,5,4,1
20190721162,1627,8,8,0
20190721163,1637,3,4,1
20190721164,1647,2,9,7
20190721165,1657,4,2,2
20190721166,1667,3,4,1
20190721167,1677,7,6,1
20190721168,1687,7,4,3
20190721169,1697,1,8,7
20190721170,1707,5,6,1
20190721171,1717,0,2,2
20190721172,1727,1,3,2
20190721173,1737,7,3,4
20190721174,1747,3,9,6
20190721175,1757,1,6,5
20190721176,1767,6,1,5
20190721177,1777,0,5,5
20190721178,1787,8,7,1
20190721179,1797,2,2,0
20190721180,1807,8,1,7
20190721181,1817,9,1,8
20190721182,1827,6,9,3
20190721183,1837,7,7,0
20190721184,1847,1,8,7
20190721185,1857,9,2,7
20190721186,1867,7,7,0
20190721187,1877,1,8,7
20190721188,1887,8,4,4
20190721189,1897,3,7,4
20190721190,1907,6,2,4
20190721191,1917,0,0,0
20190721192,1927,9,3,6
20190721193,1937,5,1,4
20190721194,1947,7,9,2
20190721195,1957,3,3,0
20190721196,1967,4,1,3
20190721197,1977,8,7,1
20190721198,1987,6,4,2
20190721199,1997,1,9,8
20190721200,2007,6,1,5
20190721201,2017,5,8,3
20190721202,2027,2,7,5
20190721203,2037,9,0,9
20190721204,2047,6,0,6
20190721205,2057,6,6,0
20190721206,2067,3,0,3
20190721207,2077,3,2,1
20190721208,2087,5,7,2
20190721209,2097,0,3,3
20190721210,2107,7,4,3
20190721211,2117,1,0,1
20190721212,2127,4,9,5
20190721213,2137,8,6,2
20190721214,2147,0,4,4
20190721215,2157,4,6,2
20190721216,2167,8,4,4
20190721217,2177,5,0,5
20190721218,2187,0,8,8
20190721219,2197,0,1,1
20190721220,2207,4,2,2
20190721221,2217,3,5,2
20190721222,2227,6,4,2
20190721223,2237,6,6,0
20190721224,2247,9,4,5
20190721225,2257,0,4,4
20190721226,2267,2,8,6
20190721227,2277,0,6,6
20190721228,2287,1,6,5
20190721229,2297,1,7,6
20190721230,2307,2,2,0
20190721231,2317,9,0,9
20190721232,2327,6,0,6
20190721233,2337,2,3,1
20190721234,2347,2,1,1
20190721235,2357,1,5,4
20190721236,2367,8,5,3
20190721237,2377,4,1,3
20190721238,2387,8,1,7
20190721239,2397,8,3,5
20190721240,2407,9,3,6
20190721241,2417,5,4,1
20190721242,2427,0,6,6
20190721243,2437,3,4,1
20190721244,2447,9,5,4
20190721245,2457,3,8,5
20190721246,2467,1,7,6
20190721247,2477,8,3,5
20190721248,2487,6,0,6
20190721249,2497,5,2,3
20190721250,2507,8,7,1
20190721251,2517,9,4,5
20190721252,2527,7,6,1
20190721253,2537,9,7,2
20190721254,2547,1,2,1
20190721255,2557,0,1,1
20190721256,2567,9,7,2
20190721257,2577,9,1,8
20190721258,2587,9,8,1
20190721259,2597,4,6,2
20190721260,2607,7,2,5
20190721261,2617,7,9,2
20190721262,2627,3,5,2
20190721263,2637,9,6,3
20190721264,2647,9,5,4
20190721265,2657,9,0,9
20190721266,2667,1,0,1
20190721267,2677,6,6,0
20190721268,2687,9,5,4
20190721269,2697,2,4,2
20190721270,2707,6,5,1
20190721271,2717,1,0,1
20190721272,2727,5,2,3
20190721273,2737,3,1,2
20190721274,2747,6,4,2
20190721275,2757,0,6,6
20190721276,2767,8,3,5
20190721277,2777,0,4,4
20190721278,2787,2,9,7
20190721279,2797,9,5,4
20190721280,2807,3,5,2
20190721281,2817,1,7,6
20190721282,2827,0,9,9
20190721283,2837,1,9,8
20190721284,2847,6,3,3
20190721285,2857,3,6,3
20190721286,2867,2,8,6
20190721287,2877,0,2,2
20190721288,2887,5,4,1
20190722001,11,7,0,7
20190722002,21,2,8,6
20190722003,31,1,8,7
20190722004,41,6,2,4
20190722005,51,6,7,1
20190722006,61,2,4,2
20190722007,71,1,2,1
20190722008,81,7,5,2
20190722009,91,0,7,7
20190722010,101,9,1,8
20190722011,111,1,0,1
20190722012,121,8,0,8
20190722013,131,6,0,6
20190722014,141,2,3,1
20190722015,151,1,5,4
20190722016,161,4,4,0
20190722017,171,0,9,9
20190722018,181,8,7,1
20190722019,191,8,3,5
20190722020,201,5,8,3
20190722021,211,2,6,4
20190722022,221,6,0,6
20190722023,231,7,4,3
20190722024,241,3,1,2
20190722025,251,2,3,1
20190722026,261,6,3,3
20190722027,271,0,0,0
20190722028,281,7,9,2
20190722029,291,2,3,1
20190722030,301,6,0,6
20190722031,311,0,0,0
20190722032,321,8,1,7
20190722033,331,8,0,8
20190722034,341,7,8,1
20190722035,351,1,8,7
20190722036,361,4,9,5
20190722037,371,0,6,6
20190722038,381,2,8,6
20190722039,391,2,7,5
20190722040,401,7,2,5
20190722041,411,6,7,1
20190722042,421,8,2,6
20190722043,431,4,1,3
20190722044,441,0,2,2
20190722045,451,2,3,1
20190722046,461,1,1,0
20190722047,471,6,6,0
20190722048,481,9,7,2
20190722049,491,3,0,3
20190722050,501,4,6,2
20190722051,511,1,8,7
20190722052,521,8,0,8
20190722053,531,6,6,0
20190722054,541,1,5,4
20190722055,551,9,2,7
20190722056,561,8,7,1
20190722057,571,7,3,4
20190722058,581,8,2,6
20190722059,591,7,9,2
20190722060,601,0,9,9
20190722061,611,8,6,2
20190722062,621,8,9,1
20190722063,631,5,2,3
20190722064,641,2,8,6
20190722065,651,3,1,2
20190722066,661,4,9,5
20190722067,671,0,1,1
20190722068,681,0,8,8
20190722069,691,5,7,2
20190722070,701,2,9,7
20190722071,711,7,8,1
20190722072,721,4,8,4
20190722073,731,3,7,4
20190722074,741,4,8,4
20190722075,751,2,8,6
20190722076,761,2,8,6
20190722077,771,2,7,5
20190722078,781,9,0,9
20190722079,791,1,2,1
20190722080,801,4,0,4
20190722081,811,0,1,1
20190722082,821,9,6,3
20190722083,831,0,9,9
20190722084,841,6,9,3
20190722085,851,9,8,1
20190722086,861,3,2,1
20190722087,871,7,8,1
20190722088,881,6,9,3
20190722089,891,3,2,1
20190722090,901,5,2,3
20190722091,911,1,9,8
20190722092,921,6,1,5
20190722093,931,2,9,7
20190722094,941,2,9,7
20190722095,951,2,0,2
20190722096,961,9,7,2
20190722097,971,6,6,0
20190722098,981,0,4,4
20190722099,991,3,6,3
20190722100,1001,1,9,8
20190722101,1011,9,0,9
20190722102,1021,7,2,5
20190722103,1031,3,7,4
20190722104,1041,1,1,0
20190722105,1051,3,4,1
20190722106,1061,6,6,0
20190722107,1071,7,5,2
20190722108,1081,0,5,5
20190722109,1091,0,2,2
20190722110,1101,3,3,0
20190722111,1111,8,7,1
20190722112,1121,4,9,5
20190722113,1131,7,2,5
20190722114,1141,5,2,3
20190722115,1151,5,6,1
20190722116,1161,2,6,4
20190722117,1171,4,7,3
20190722118,1181,6,2,4
20190722119,1191,4,6,2
20190722120,1201,3,8,5
20190722121,1211,9,7,2
20190722122,1221,7,9,2
20190722123,1231,5,0,5
20190722124,1241,6,7,1
20190722125,1251,6,3,3
20190722126,1261,2,1,1
20190722127,1271,1,9,8
20190722128,1281,2,9,7
20190722129,1291,0,0,0
20190722130,1301,0,5,5
20190722131,1311,4,2,2
20190722132,1321,9,2,7
20190722133,1331,9,3,6
20190722134,1341,7,6,1
20190722135,1351,4,1,3
20190722136,1361,1,3,2
20190722137,1371,0,8,8
20190722138,1381,5,2,3
20190722139,1391,3,4,1
20190722140,1401,6,0,6
20190722141,1411,1,6,5
20190722142,1421,7,1,6
20190722143,1431,0,9,9
20190722144,1441,7,3,4
20190722145,1451,1,4,3
20190722146,1461,3,8,5
20190722147,1471,4,9,5
20190722148,1481,0,8,8
20190722149,1491,8,6,2
20190722150,1501,0,5,5
20190722151,1511,4,9,5
20190722152,1521,2,4,2
20190722153,1531,4,7,3
20190722154,1541,0,1,1
20190722155,1551,1,8,7
20190722156,1561,5,4,1
20190722157,1571,0,7,7
20190722158,1581,9,5,4
20190722159,1591,9,1,8
20190722160,1601,0,8,8
20190722161,1611,6,4,2
20190722162,1621,6,5,1
20190722163,1631,8,4,4
20190722164,1641,1,8,7
20190722165,1651,8,7,1
20190722166,1661,8,1,7
20190722167,1671,7,4,3
20190722168,1681,7,2,5
20190722169,1691,5,2,3
20190722170,1701,0,5,5
20190722171,1711,1,2,1
20190722172,1721,4,8,4
20190722173,1731,0,7,7
20190722174,1741,3,2,1
20190722175,1751,2,7,5
20190722176,1761,5,8,3
20190722177,1771,8,6,2
20190722178,1781,9,0,9
20190722179,1791,2,3,1
20190722180,1801,4,6,2
20190722181,1811,8,7,1
20190722182,1821,0,9,9
20190722183,1831,1,5,4
20190722184,1841,8,1,7
20190722185,1851,9,0,9
20190722186,1861,0,1,1
20190722187,1871,1,6,5
20190722188,1881,6,8,2
20190722189,1891,5,4,1
20190722190,1901,1,5,4
20190722191,1911,7,3,4
20190722192,1921,0,6,6
20190722193,1931,8,4,4
20190722194,1941,2,5,3
20190722195,1951,1,2,1
20190722196,1961,3,2,1
20190722197,1971,6,3,3
20190722198,1981,7,6,1
20190722199,1991,8,1,7
20190722200,2001,5,3,2
20190722201,2011,4,6,2
20190722202,2021,4,5,1
20190722203,2031,8,1,7
20190722204,2041,2,4,2
20190722205,2051,3,4,1
20190722206,2061,3,2,1
20190722207,2071,5,9,4
20190722208,2081,3,0,3
20190722209,2091,7,7,0
20190722210,2101,4,1,3
20190722211,2111,9,8,1
20190722212,2121,1,3,2
20190722213,2131,1,5,4
20190722214,2141,6,0,6
20190722215,2151,9,9,0
20190722216,2161,6,8,2
20190722217,2171,6,7,1
20190722218,2181,1,2,1
20190722219,2191,3,4,1
20190722220,2201,1,3,2
20190722221,2211,3,7,4
20190722222,2221,8,4,4
20190722223,2231,5,8,3
20190722224,2241,3,3,0
20190722225,2251,5,5,0
20190722226,2261,5,3,2
20190722227,2271,9,9,0
20190722228,2281,7,7,0
20190722229,2291,7,2,5
20190722230,2301,6,3,3
20190722231,2311,6,5,1
20190722232,2321,3,1,2
20190722233,2331,6,2,4
20190722234,2341,2,6,4
20190722235,2351,5,3,2
20190722236,2361,1,5,4
20190722237,2371,1,4,3
20190722238,2381,8,2,6
20190722239,2391,7,5,2
20190722240,2401,8,7,1
20190722241,2411,0,5,5
20190722242,2421,1,4,3
20190722243,2431,9,5,4
20190722244,2441,6,9,3
20190722245,2451,0,3,3
20190722246,2461,2,8,6
20190722247,2471,9,1,8
20190722248,2481,6,3,3
20190722249,2491,6,6,0
20190722250,2501,9,8,1
20190722251,2511,2,9,7
20190722252,2521,6,1,5
20190722253,2531,4,5,1
20190722254,2541,1,5,4
20190722255,2551,6,8,2
20190722256,2561,0,2,2
20190722257,2571,8,5,3
20190722258,2581,2,9,7
20190722259,2591,0,7,7
20190722260,2601,7,5,2
20190722261,2611,7,2,5
20190722262,2621,3,1,2
20190722263,2631,4,3,1
20190722264,2641,1,9,8
20190722265,2651,6,3,3
20190722266,2661,0,1,1
20190722267,2671,5,9,4
20190722268,2681,9,3,6
20190722269,2691,3,8,5
20190722270,2701,2,2,0
20190722271,2711,7,0,7
20190722272,2721,0,1,1
20190722273,2731,9,0,9
20190722274,2741,5,4,1
20190722275,2751,6,7,1
20190722276,2761,7,5,2
20190722277,2771,9,5,4
20190722278,2781,9,5,4
20190722279,2791,3,8,5
20190722280,2801,8,7,1
20190722281,2811,1,6,5
20190722282,2821,4,9,5
20190722283,2831,9,9,0
20190722284,2841,6,3,3
20190722285,2851,7,8,1
20190722286,2861,0,9,9
20190722287,2871,0,0,0
20190722288,2881,6,8,2
20190723001,12,9,9,0
20190723002,22,2,8,6
20190723003,32,2,2,0
20190723004,42,0,2,2
20190723005,52,5,9,4
20190723006,62,1,3,2
20190723007,72,4,4,0
20190723008,82,9,0,9
20190723009,92,8,7,1
20190723010,102,8,9,1
20190723011,112,2,8,6
20190723012,122,3,1,2
20190723013,132,5,6,1
20190723014,142,3,9,6
20190723015,152,2,8,6
20190723016,162,5,7,2
20190723017,172,8,2,6
20190723018,182,8,3,5
20190723019,192,9,0,9
20190723020,202,9,0,9
20190723021,212,6,6,0
20190723022,222,0,1,1
20190723023,232,0,3,3
20190723024,242,1,6,5
20190723025,252,6,1,5
20190723026,262,0,0,0
20190723027,272,7,2,5
20190723028,282,1,0,1
20190723029,292,7,0,7
20190723030,302,0,3,3
20190723031,312,5,1,4
20190723032,322,6,3,3
20190723033,332,5,6,1
20190723034,342,8,4,4
20190723035,352,0,1,1
20190723036,362,8,0,8
20190723037,372,8,8,0
20190723038,382,4,3,1
20190723039,392,5,6,1
20190723040,402,1,6,5
20190723041,412,8,7,1
20190723042,422,0,7,7
20190723043,432,3,7,4
20190723044,442,1,4,3
20190723045,452,7,2,5
20190723046,462,0,5,5
20190723047,472,9,1,8
20190723048,482,7,4,3
20190723049,492,9,6,3
20190723050,502,1,9,8
20190723051,512,9,4,5
20190723052,522,0,9,9
20190723053,532,7,2,5
20190723054,542,1,8,7
20190723055,552,3,1,2
20190723056,562,4,0,4
20190723057,572,6,6,0
20190723058,582,9,0,9
20190723059,592,7,9,2
20190723060,602,5,2,3
20190723061,612,1,9,8
20190723062,622,2,1,1
20190723063,632,4,8,4
20190723064,642,7,8,1
20190723065,652,7,5,2
20190723066,662,3,8,5
20190723067,672,8,1,7
20190723068,682,9,1,8
20190723069,692,5,9,4
20190723070,702,6,1,5
20190723071,712,5,3,2
20190723072,722,4,9,5
20190723073,732,9,1,8
20190723074,742,9,8,1
20190723075,752,3,4,1
20190723076,762,1,6,5
20190723077,772,3,9,6
20190723078,782,3,3,0
20190723079,792,2,4,2
20190723080,802,7,6,1
20190723081,812,9,6,3
20190723082,822,3,0,3
20190723083,832,9,2,7
20190723084,842,5,9,4
20190723085,852,9,4,5
20190723086,862,0,6,6
20190723087,872,6,4,2
20190723088,882,1,2,1
20190723089,892,9,5,4
20190723090,902,7,9,2
20190723091,912,5,0,5
20190723092,922,5,1,4
20190723093,932,6,8,2
20190723094,942,9,7,2
20190723095,952,7,7,0
20190723096,962,3,0,3
20190723097,972,2,1,1
20190723098,982,3,5,2
20190723099,992,5,2,3
20190723100,1002,0,4,4
20190723101,1012,9,6,3
20190723102,1022,2,8,6
20190723103,1032,6,1,5
20190723104,1042,5,7,2
20190723105,1052,9,4,5
20190723106,1062,6,2,4
20190723107,1072,7,5,2
20190723108,1082,3,0,3
20190723109,1092,4,7,3
20190723110,1102,3,7,4
20190723111,1112,0,1,1
20190723112,1122,6,4,2
20190723113,1132,2,1,1
20190723114,1142,0,4,4
20190723115,1152,0,5,5
20190723116,1162,9,4,5
20190723117,1172,5,0,5
20190723118,1182,5,0,5
20190723119,1192,9,6,3
20190723120,1202,8,9,1
20190723121,1212,4,2,2
20190723122,1222,6,8,2
20190723123,1232,2,3,1
20190723124,1242,8,6,2
20190723125,1252,5,8,3
20190723126,1262,8,3,5
20190723127,1272,4,6,2
20190723128,1282,6,6,0
20190723129,1292,2,4,2
20190723130,1302,4,9,5
20190723131,1312,5,9,4
20190723132,1322,7,0,7
20190723133,1332,1,7,6
20190723134,1342,8,0,8
20190723135,1352,2,4,2
20190723136,1362,4,7,3
20190723137,1372,5,9,4
20190723138,1382,4,4,0
20190723139,1392,2,5,3
20190723140,1402,7,6,1
20190723141,1412,2,5,3
20190723142,1422,7,3,4
20190723143,1432,1,0,1
20190723144,1442,1,5,4
20190723145,1452,2,5,3
20190723146,1462,9,3,6
20190723147,1472,7,0,7
20190723148,1482,7,9,2
20190723149,1492,6,6,0
20190723150,1502,5,5,0
20190723151,1512,4,2,2
20190723152,1522,2,4,2
20190723153,1532,4,0,4
20190723154,1542,3,6,3
20190723155,1552,4,2,2
20190723156,1562,0,9,9
20190723157,1572,7,2,5
20190723158,1582,1,4,3
20190723159,1592,9,3,6
20190723160,1602,4,7,3
20190723161,1612,9,5,4
20190723162,1622,3,7,4
20190723163,1632,7,9,2
20190723164,1642,7,0,7
20190723165,1652,3,9,6
20190723166,1662,4,8,4
20190723167,1672,5,7,2
20190723168,1682,1,5,4
20190723169,1692,1,8,7
20190723170,1702,3,8,5
20190723171,1712,8,4,4
20190723172,1722,5,6,1
20190723173,1732,4,5,1
20190723174,1742,7,1,6
20190723175,1752,5,7,2
20190723176,1762,4,0,4
20190723177,1772,0,8,8
20190723178,1782,2,6,4
20190723179,1792,3,8,5
20190723180,1802,5,5,0
20190723181,1812,1,0,1
20190723182,1822,0,1,1
20190723183,1832,3,5,2
20190723184,1842,1,2,1
20190723185,1852,8,0,8
20190723186,1862,0,0,0
20190723187,1872,2,2,0
20190723188,1882,2,4,2
20190723189,1892,6,9,3
20190723190,1902,4,0,4
20190723191,1912,7,4,3
20190723192,1922,7,0,7
20190723193,1932,1,2,1
20190723194,1942,6,5,1
20190723195,1952,0,8,8
20190723196,1962,8,2,6
20190723197,1972,8,1,7
20190723198,1982,9,0,9
20190723199,1992,1,3,2
20190723200,2002,4,2,2
20190723201,2012,5,7,2
20190723202,2022,0,8,8
20190723203,2032,0,9,9
20190723204,2042,6,1,5
20190723205,2052,7,3,4
20190723206,2062,2,7,5
20190723207,2072,3,2,1
20190723208,2082,2,0,2
20190723209,2092,0,0,0
20190723210,2102,8,5,3
20190723211,2112,4,0,4
20190723212,2122,4,2,2
20190723213,2132,6,9,3
20190723214,2142,9,8,1
20190723215,2152,1,3,2
20190723216,2162,2,4,2
20190723217,2172,5,1,4
20190723218,2182,5,4,1
20190723219,2192,1,9,8
20190723220,2202,7,1,6
20190723221,2212,7,7,0
20190723222,2222,8,2,6
20190723223,2232,1,8,7
20190723224,2242,9,4,5
20190723225,2252,0,1,1
20190723226,2262,9,4,5
20190723227,2272,5,4,1
20190723228,2282,3,5,2
20190723229,2292,4,5,1
20190723230,2302,1,4,3
20190723231,2312,1,0,1
20190723232,2322,7,2,5
20190723233,2332,0,5,5
20190723234,2342,7,4,3
20190723235,2352,5,7,2
20190723236,2362,7,4,3
20190723237,2372,3,6,3
20190723238,2382,7,4,3
20190723239,2392,2,9,7
20190723240,2402,2,2,0
20190723241,2412,5,9,4
20190723242,2422,1,7,6
20190723243,2432,2,5,3
20190723244,2442,9,3,6
20190723245,2452,2,6,4
20190723246,2462,9,9,0
20190723247,2472,2,2,0
20190723248,2482,6,6,0
20190723249,2492,6,3,3
20190723250,2502,4,9,5
20190723251,2512,8,5,3
20190723252,2522,1,7,6
20190723253,2532,2,2,0
20190723254,2542,8,7,1
20190723255,2552,9,6,3
20190723256,2562,7,1,6
20190723257,2572,8,2,6
20190723258,2582,1,8,7
20190723259,2592,9,5,4
20190723260,2602,0,6,6
20190723261,2612,4,7,3
20190723262,2622,3,9,6
20190723263,2632,5,0,5
20190723264,2642,4,2,2
20190723265,2652,0,1,1
20190723266,2662,5,9,4
20190723267,2672,3,7,4
20190723268,2682,6,9,3
20190723269,2692,1,5,4
20190723270,2702,0,2,2
20190723271,2712,6,4,2
20190723272,2722,2,6,4
20190723273,2732,8,0,8
20190723274,2742,9,7,2
20190723275,2752,2,0,2
20190723276,2762,7,8,1
20190723277,2772,8,4,4
20190723278,2782,2,1,1
20190723279,2792,9,8,1
20190723280,2802,5,2,3
20190723281,2812,1,9,8
20190723282,2822,1,4,3
20190723283,2832,3,8,5
20190723284,2842,8,8,0
20190723285,2852,6,4,2
20190723286,2862,8,2,6
20190723287,2872,7,2,5
20190723288,2882,2,1,1
20190724001,13,4,7,3
20190724002,23,2,0,2
20190724003,33,1,3,2
20190724004,43,2,2,0
20190724005,53,0,5,5
20190724006,63,1,9,8
20190724007,73,1,3,2
20190724008,83,2,1,1
20190724009,93,4,1,3
20190724010,103,3,9,6
20190724011,113,8,1,7
20190724012,123,4,1,3
20190724013,133,2,5,3
20190724014,143,3,8,5
20190724015,153,7,2,5
20190724016,163,8,7,1
20190724017,173,0,3,3
20190724018,183,7,6,1
20190724019,193,3,7,4
20190724020,203,1,1,0
20190724021,213,9,8,1
20190724022,223,4,5,1
20190724023,233,3,4,1
20190724024,243,8,1,7
20190724025,253,1,2,1
20190724026,263,3,6,3
20190724027,273,4,8,4
20190724028,283,3,1,2
20190724029,293,7,8,1
20190724030,303,4,8,4
20190724031,313,5,2,3
20190724032,323,3,1,2
20190724033,333,5,5,0
20190724034,343,9,8,1
20190724035,353,5,3,2
20190724036,363,7,4,3
20190724037,373,7,0,7
20190724038,383,7,2,5
20190724039,393,7,0,7
20190724040,403,6,2,4
20190724041,413,5,3,2
20190724042,423,2,5,3
20190724043,433,8,5,3
20190724044,443,1,3,2
20190724045,453,2,9,7
20190724046,463,8,7,1
20190724047,473,8,9,1
20190724048,483,6,4,2
20190724049,493,7,2,5
20190724050,503,3,0,3
20190724051,513,4,7,3
20190724052,523,9,1,8
20190724053,533,1,4,3
20190724054,543,8,3,5
20190724055,553,0,9,9
20190724056,563,1,9,8
20190724057,573,7,8,1
20190724058,583,3,7,4
20190724059,593,0,3,3
20190724060,603,3,5,2
20190724061,613,9,0,9
20190724062,623,6,1,5
20190724063,633,8,9,1
20190724064,643,4,4,0
20190724065,653,4,3,1
20190724066,663,3,9,6
20190724067,673,7,8,1
20190724068,683,2,8,6
20190724069,693,2,4,2
20190724070,703,9,0,9
20190724071,713,9,6,3
20190724072,723,7,6,1
20190724073,733,9,8,1
20190724074,743,4,3,1
20190724075,753,3,8,5
20190724076,763,1,1,0
20190724077,773,9,9,0
20190724078,783,9,5,4
20190724079,793,9,3,6
20190724080,803,7,4,3
20190724081,813,6,1,5
20190724082,823,1,3,2
20190724083,833,9,9,0
20190724084,843,0,1,1
20190724085,853,1,6,5
20190724086,863,4,6,2
20190724087,873,6,6,0
20190724088,883,2,9,7
20190724089,893,3,8,5
20190724090,903,0,0,0
20190724091,913,9,4,5
20190724092,923,0,9,9
20190724093,933,0,0,0
20190724094,943,7,0,7
20190724095,953,7,8,1
20190724096,963,1,3,2
20190724097,973,3,0,3
20190724098,983,0,4,4
20190724099,993,1,5,4
20190724100,1003,2,5,3
20190724101,1013,2,5,3
20190724102,1023,9,9,0
20190724103,1033,6,0,6
20190724104,1043,1,7,6
20190724105,1053,9,3,6
20190724106,1063,3,5,2
20190724107,1073,2,8,6
20190724108,1083,6,5,1
20190724109,1093,8,4,4
20190724110,1103,0,8,8
20190724111,1113,6,4,2
20190724112,1123,1,4,3
20190724113,1133,8,7,1
20190724114,1143,0,3,3
20190724115,1153,0,3,3
20190724116,1163,6,0,6
20190724117,1173,3,3,0
20190724118,1183,2,8,6
20190724119,1193,5,2,3
20190724120,1203,2,5,3
20190724121,1213,9,5,4
20190724122,1223,0,7,7
20190724123,1233,3,6,3
20190724124,1243,3,2,1
20190724125,1253,4,8,4
20190724126,1263,8,8,0
20190724127,1273,5,3,2
20190724128,1283,5,1,4
20190724129,1293,8,4,4
20190724130,1303,4,2,2
20190724131,1313,5,4,1
20190724132,1323,5,0,5
20190724133,1333,3,5,2
20190724134,1343,7,0,7
20190724135,1353,1,1,0
20190724136,1363,9,1,8
20190724137,1373,2,2,0
20190724138,1383,1,2,1
20190724139,1393,8,2,6
20190724140,1403,5,7,2
20190724141,1413,8,3,5
20190724142,1423,1,9,8
20190724143,1433,0,6,6
20190724144,1443,8,7,1
20190724145,1453,5,5,0
20190724146,1463,4,9,5
20190724147,1473,4,8,4
20190724148,1483,1,3,2
20190724149,1493,2,2,0
20190724150,1503,2,8,6
20190724151,1513,4,0,4
20190724152,1523,3,9,6
20190724153,1533,7,6,1
20190724154,1543,9,4,5
20190724155,1553,8,2,6
20190724156,1563,8,3,5
20190724157,1573,3,2,1
20190724158,1583,0,2,2
20190724159,1593,2,6,4
20190724160,1603,3,9,6
20190724161,1613,0,6,6
20190724162,1623,9,6,3
20190724163,1633,2,3,1
20190724164,1643,0,0,0
20190724165,1653,7,2,5
20190724166,1663,2,9,7
20190724167,1673,6,0,6
20190724168,1683,2,3,1
20190724169,1693,1,7,6
20190724170,1703,0,3,3
20190724171,1713,4,9,5
20190724172,1723,0,3,3
20190724173,1733,7,9,2
20190724174,1743,2,9,7
20190724175,1753,4,5,1
20190724176,1763,7,4,3
20190724177,1773,2,1,1
20190724178,1783,5,7,2
20190724179,1793,8,4,4
20190724180,1803,1,6,5
20190724181,1813,9,8,1
20190724182,1823,3,0,3
20190724183,1833,7,9,2
20190724184,1843,2,1,1
20190724185,1853,6,4,2
20190724186,1863,8,8,0
20190724187,1873,3,8,5
20190724188,1883,7,4,3
20190724189,1893,4,9,5
20190724190,1903,5,9,4
20190724191,1913,3,2,1
20190724192,1923,9,2,7
20190724193,1933,1,7,6
20190724194,1943,1,0,1
20190724195,1953,5,7,2
20190724196,1963,0,7,7
20190724197,1973,5,5,0
20190724198,1983,0,9,9
20190724199,1993,3,4,1
20190724200,2003,0,2,2
20190724201,2013,1,4,3
20190724202,2023,9,5,4
20190724203,2033,1,8,7
20190724204,2043,7,9,2
20190724205,2053,7,2,5
20190724206,2063,4,5,1
20190724207,2073,5,0,5
20190724208,2083,5,2,3
20190724209,2093,0,5,5
20190724210,2103,5,3,2
20190724211,2113,0,8,8
20190724212,2123,5,1,4
20190724213,2133,1,6,5
20190724214,2143,4,3,1
20190724215,2153,7,3,4
20190724216,2163,6,4,2
20190724217,2173,5,1,4
20190724218,2183,5,2,3
20190724219,2193,4,0,4
20190724220,2203,5,6,1
20190724221,2213,4,3,1
20190724222,2223,1,3,2
20190724223,2233,0,1,1
20190724224,2243,3,8,5
20190724225,2253,2,6,4
20190724226,2263,3,8,5
20190724227,2273,4,7,3
20190724228,2283,8,3,5
20190724229,2293,7,0,7
20190724230,2303,7,4,3
20190724231,2313,6,8,2
20190724232,2323,2,0,2
20190724233,2333,6,7,1
20190724234,2343,8,1,7
20190724235,2353,4,5,1
20190724236,2363,6,3,3
20190724237,2373,4,6,2
20190724238,2383,1,5,4
20190724239,2393,1,6,5
20190724240,2403,8,8,0
20190724241,2413,7,6,1
20190724242,2423,5,0,5
20190724243,2433,9,8,1
20190724244,2443,6,8,2
20190724245,2453,8,1,7
20190724246,2463,9,3,6
20190724247,2473,0,6,6
20190724248,2483,5,6,1
20190724249,2493,8,1,7
20190724250,2503,5,6,1
20190724251,2513,4,4,0
20190724252,2523,5,9,4
20190724253,2533,0,6,6
20190724254,2543,2,9,7
20190724255,2553,2,0,2
20190724256,2563,6,0,6
20190724257,2573,5,3,2
20190724258,2583,9,3,6
20190724259,2593,2,7,5
20190724260,2603,2,0,2
20190724261,2613,2,2,0
20190724262,2623,7,8,1
20190724263,2633,7,6,1
20190724264,2643,6,7,1
20190724265,2653,0,5,5
20190724266,2663,2,5,3
20190724267,2673,5,1,4
20190724268,2683,5,3,2
20190724269,2693,9,0,9
20190724270,2703,7,2,5
20190724271,2713,7,7,0
20190724272,2723,9,9,0
20190724273,2733,7,5,2
20190724274,2743,3,7,4
20190724275,2753,7,4,3
20190724276,2763,7,2,5
20190724277,2773,6,2,4
20190724278,2783,5,9,4
20190724279,2793,7,5,2
20190724280,2803,6,7,1
20190724281,2813,5,5,0
20190724282,2823,3,7,4
20190724283,2833,1,5,4
20190724284,2843,2,8,6
20190724285,2853,7,7,0
20190724286,2863,7,3,4
20190724287,2873,1,5,4
20190724288,2883,6,9,3
20190725001,14,9,5,4
20190725002,24,4,5,1
20190725003,34,7,7,0
20190725004,44,2,7,5
20190725005,54,9,5,4
20190725006,64,8,2,6
20190725007,74,8,3,5
20190725008,84,2,5,3
20190725009,94,2,4,2
20190725010,104,2,6,4
20190725011,114,8,7,1
20190725012,124,0,1,1
20190725013,134,5,4,1
20190725014,144,7,9,2
20190725015,154,4,1,3
20190725016,164,1,6,5
20190725017,174,3,5,2
20190725018,184,0,7,7
20190725019,194,0,5,5
20190725020,204,3,8,5
20190725021,214,8,1,7
20190725022,224,5,8,3
20190725023,234,6,2,4
20190725024,244,9,6,3
20190725025,254,2,2,0
20190725026,264,5,5,0
20190725027,274,5,2,3
20190725028,284,5,0,5
20190725029,294,1,6,5
20190725030,304,5,0,5
20190725031,314,9,7,2
20190725032,324,8,1,7
20190725033,334,6,2,4
20190725034,344,2,8,6
20190725035,354,5,5,0
20190725036,364,9,4,5
20190725037,374,8,4,4
20190725038,384,0,9,9
20190725039,394,6,9,3
20190725040,404,8,9,1
20190725041,414,1,6,5
20190725042,424,1,5,4
20190725043,434,1,9,8
20190725044,444,6,2,4
20190725045,454,3,1,2
20190725046,464,8,1,7
20190725047,474,8,3,5
20190725048,484,3,3,0
20190725049,494,6,2,4
20190725050,504,0,5,5
20190725051,514,4,4,0
20190725052,524,3,3,0
20190725053,534,2,5,3
20190725054,544,6,3,3
20190725055,554,6,4,2
20190725056,564,1,2,1
20190725057,574,9,3,6
20190725058,584,5,2,3
20190725059,594,9,1,8
20190725060,604,1,5,4
20190725061,614,4,7,3
20190725062,624,3,8,5
20190725063,634,7,2,5
20190725064,644,8,6,2
20190725065,654,3,3,0
20190725066,664,9,9,0
20190725067,674,0,3,3
20190725068,684,7,0,7
20190725069,694,2,5,3
20190725070,704,9,0,9
20190725071,714,4,4,0
20190725072,724,1,2,1
20190725073,734,9,2,7
20190725074,744,8,8,0
20190725075,754,1,2,1
20190725076,764,3,2,1
20190725077,774,7,1,6
20190725078,784,0,9,9
20190725079,794,7,1,6
20190725080,804,0,3,3
20190725081,814,4,8,4
20190725082,824,7,0,7
20190725083,834,2,6,4
20190725084,844,5,0,5
20190725085,854,4,2,2
20190725086,864,9,6,3
20190725087,874,7,7,0
20190725088,884,4,7,3
20190725089,894,6,7,1
20190725090,904,6,4,2
20190725091,914,7,7,0
20190725092,924,1,0,1
20190725093,934,8,9,1
20190725094,944,1,9,8
20190725095,954,5,0,5
20190725096,964,5,9,4
20190725097,974,9,2,7
20190725098,984,7,9,2
20190725099,994,2,3,1
20190725100,1004,8,2,6
20190725101,1014,0,7,7
20190725102,1024,4,7,3
20190725103,1034,2,9,7
20190725104,1044,8,2,6
20190725105,1054,6,4,2
20190725106,1064,8,7,1
20190725107,1074,3,0,3
20190725108,1084,7,9,2
20190725109,1094,2,6,4
20190725110,1104,0,0,0
20190725111,1114,9,6,3
20190725112,1124,7,8,1
20190725113,1134,8,4,4
20190725114,1144,0,7,7
20190725115,1154,0,5,5
20190725116,1164,2,7,5
20190725117,1174,9,6,3
20190725118,1184,2,8,6
20190725119,1194,6,2,4
20190725120,1204,5,3,2
20190725121,1214,2,0,2
20190725122,1224,7,3,4
20190725123,1234,9,3,6
20190725124,1244,5,9,4
20190725125,1254,9,7,2
20190725126,1264,2,0,2
20190725127,1274,0,5,5
20190725128,1284,3,3,0
20190725129,1294,0,5,5
20190725130,1304,0,8,8
20190725131,1314,8,4,4
20190725132,1324,6,5,1
20190725133,1334,6,5,1
20190725134,1344,8,5,3
20190725135,1354,0,7,7
20190725136,1364,5,5,0
20190725137,1374,2,2,0
20190725138,1384,0,1,1
20190725139,1394,6,0,6
20190725140,1404,6,3,3
20190725141,1414,7,1,6
20190725142,1424,9,8,1
20190725143,1434,6,1,5
20190725144,1444,0,7,7
20190725145,1454,8,7,1
20190725146,1464,7,1,6
20190725147,1474,9,3,6
20190725148,1484,5,3,2
20190725149,1494,1,8,7
20190725150,1504,2,4,2
20190725151,1514,4,2,2
20190725152,1524,2,1,1
20190725153,1534,8,7,1
20190725154,1544,2,1,1
20190725155,1554,3,2,1
20190725156,1564,6,2,4
20190725157,1574,6,6,0
20190725158,1584,7,3,4
20190725159,1594,9,1,8
20190725160,1604,5,8,3
20190725161,1614,9,9,0
20190725162,1624,9,4,5
20190725163,1634,6,3,3
20190725164,1644,9,2,7
20190725165,1654,6,9,3
20190725166,1664,7,9,2
20190725167,1674,4,0,4
20190725168,1684,2,2,0
20190725169,1694,5,1,4
20190725170,1704,6,6,0
20190725171,1714,5,0,5
20190725172,1724,5,6,1
20190725173,1734,9,1,8
20190725174,1744,7,3,4
20190725175,1754,0,8,8
20190725176,1764,8,3,5
20190725177,1774,9,7,2
20190725178,1784,6,2,4
20190725179,1794,7,1,6
20190725180,1804,4,2,2
20190725181,1814,5,7,2
20190725182,1824,5,9,4
20190725183,1834,9,5,4
20190725184,1844,0,1,1
20190725185,1854,8,2,6
20190725186,1864,9,7,2
20190725187,1874,4,8,4
20190725188,1884,4,9,5
20190725189,1894,0,7,7
20190725190,1904,3,7,4
20190725191,1914,5,6,1
20190725192,1924,5,7,2
20190725193,1934,6,9,3
20190725194,1944,1,2,1
20190725195,1954,0,2,2
20190725196,1964,8,3,5
20190725197,1974,1,8,7
20190725198,1984,8,3,5
20190725199,1994,2,7,5
20190725200,2004,0,8,8
20190725201,2014,7,8,1
20190725202,2024,9,5,4
20190725203,2034,5,5,0
20190725204,2044,0,8,8
20190725205,2054,3,5,2
20190725206,2064,8,4,4
20190725207,2074,5,3,2
20190725208,2084,4,2,2
20190725209,2094,3,3,0
20190725210,2104,8,3,5
20190725211,2114,5,3,2
20190725212,2124,0,4,4
20190725213,2134,9,5,4
20190725214,2144,5,8,3
20190725215,2154,8,2,6
20190725216,2164,2,3,1
20190725217,2174,0,4,4
20190725218,2184,7,5,2
20190725219,2194,3,8,5
20190725220,2204,5,2,3
20190725221,2214,6,7,1
20190725222,2224,0,5,5
20190725223,2234,5,9,4
20190725224,2244,5,1,4
20190725225,2254,2,4,2
20190725226,2264,0,0,0
20190725227,2274,8,3,5
20190725228,2284,6,6,0
20190725229,2294,1,2,1
20190725230,2304,9,3,6
20190725231,2314,8,7,1
20190725232,2324,6,8,2
20190725233,2334,2,9,7
20190725234,2344,7,7,0
20190725235,2354,7,9,2
20190725236,2364,3,9,6
20190725237,2374,1,7,6
20190725238,2384,1,2,1
20190725239,2394,0,5,5
20190725240,2404,9,3,6
20190725241,2414,0,9,9
20190725242,2424,7,2,5
20190725243,2434,6,2,4
20190725244,2444,4,4,0
20190725245,2454,2,3,1
20190725246,2464,6,1,5
20190725247,2474,4,1,3
20190725248,2484,9,8,1
20190725249,2494,0,7,7
20190725250,2504,9,0,9
20190725251,2514,1,5,4
20190725252,2524,8,7,1
20190725253,2534,1,1,0
20190725254,2544,8,8,0
20190725255,2554,0,9,9
20190725256,2564,2,7,5
20190725257,2574,4,9,5
20190725258,2584,1,9,8
20190725259,2594,9,3,6
20190725260,2604,9,7,2
20190725261,2614,0,7,7
20190725262,2624,3,1,2
20190725263,2634,5,7,2
20190725264,2644,1,9,8
20190725265,2654,2,3,1
20190725266,2664,2,6,4
20190725267,2674,8,0,8
20190725268,2684,8,7,1
20190725269,2694,1,7,6
20190725270,2704,5,5,0
20190725271,2714,4,5,1
20190725272,2724,6,5,1
20190725273,2734,4,2,2
20190725274,2744,6,9,3
20190725275,2754,6,5,1
20190725276,2764,9,9,0
20190725277,2774,8,1,7
20190725278,2784,2,2,0
20190725279,2794,9,5,4
20190725280,2804,1,0,1
20190725281,2814,0,9,9
20190725282,2824,9,4,5
20190725283,2834,7,5,2
20190725284,2844,8,5,3
20190725285,2854,2,3,1
20190725286,2864,2,3,1
20190725287,2874,5,8,3
20190725288,2884,6,6,0
20190726001,15,8,6,2
20190726002,25,2,9,7
20190726003,35,1,2,1
20190726004,45,1,7,6
20190726005,55,5,2,3
20190726006,65,5,5,0
20190726007,75,6,2,4
20190726008,85,9,6,3
20190726009,95,9,7,2
20190726010,105,6,4,2
20190726011,115,4,2,2
20190726012,125,4,3,1
20190726013,135,4,1,3
20190726014,145,4,8,4
20190726015,155,1,2,1
20190726016,165,4,5,1
20190726017,175,3,2,1
20190726018,185,3,2,1
20190726019,195,5,5,0
20190726020,205,8,1,7
20190726021,215,1,4,3
20190726022,225,0,0,0
20190726023,235,7,8,1
20190726024,245,8,3,5
20190726025,255,7,2,5
20190726026,265,2,4,2
20190726027,275,5,1,4
20190726028,285,9,6,3
20190726029,295,0,2,2
20190726030,305,6,0,6
20190726031,315,8,0,8
20190726032,325,9,0,9
20190726033,335,3,6,3
20190726034,345,3,1,2
20190726035,355,1,6,5
20190726036,365,1,1,0
20190726037,375,7,1,6
20190726038,385,6,0,6
20190726039,395,6,7,1
20190726040,405,4,8,4
20190726041,415,4,1,3
20190726042,425,7,7,0
20190726043,435,1,1,0
20190726044,445,5,7,2
20190726045,455,2,0,2
20190726046,465,1,0,1
20190726047,475,2,6,4
20190726048,485,2,5,3
20190726049,495,1,7,6
20190726050,505,5,8,3
20190726051,515,8,9,1
20190726052,525,7,5,2
20190726053,535,3,7,4
20190726054,545,8,4,4
20190726055,555,0,1,1
20190726056,565,6,8,2
20190726057,575,8,4,4
20190726058,585,1,8,7
20190726059,595,2,2,0
20190726060,605,9,6,3
20190726061,615,1,8,7
20190726062,625,0,7,7
20190726063,635,6,3,3
20190726064,645,8,1,7
20190726065,655,7,2,5
20190726066,665,8,6,2
20190726067,675,8,7,1
20190726068,685,3,1,2
20190726069,695,5,3,2
20190726070,705,5,4,1
20190726071,715,5,0,5
20190726072,725,5,0,5
20190726073,735,3,8,5
20190726074,745,6,3,3
20190726075,755,7,0,7
20190726076,765,7,1,6
20190726077,775,8,6,2
20190726078,785,4,1,3
20190726079,795,6,8,2
20190726080,805,1,9,8
20190726081,815,2,5,3
20190726082,825,1,8,7
20190726083,835,2,2,0
20190726084,845,3,2,1
20190726085,855,7,5,2
20190726086,865,3,3,0
20190726087,875,9,8,1
20190726088,885,1,0,1
20190726089,895,9,2,7
20190726090,905,0,9,9
20190726091,915,7,7,0
20190726092,925,6,3,3
20190726093,935,0,1,1
20190726094,945,0,6,6
20190726095,955,4,7,3
20190726096,965,7,7,0
20190726097,975,7,3,4
20190726098,985,4,2,2
20190726099,995,1,2,1
20190726100,1005,6,2,4
20190726101,1015,0,7,7
20190726102,1025,2,4,2
20190726103,1035,9,9,0
20190726104,1045,2,2,0
20190726105,1055,3,2,1
20190726106,1065,1,7,6
20190726107,1075,6,9,3
20190726108,1085,3,5,2
20190726109,1095,5,7,2
20190726110,1105,9,9,0
20190726111,1115,4,2,2
20190726112,1125,6,6,0
20190726113,1135,8,6,2
20190726114,1145,2,9,7
20190726115,1155,6,8,2
20190726116,1165,4,8,4
20190726117,1175,0,6,6
20190726118,1185,2,3,1
20190726119,1195,8,9,1
20190726120,1205,4,5,1
20190726121,1215,3,6,3
20190726122,1225,7,5,2
20190726123,1235,1,1,0
20190726124,1245,4,0,4
20190726125,1255,5,5,0
20190726126,1265,2,6,4
20190726127,1275,4,8,4
20190726128,1285,6,2,4
20190726129,1295,2,5,3
20190726130,1305,8,8,0
20190726131,1315,8,9,1
20190726132,1325,7,9,2
20190726133,1335,3,8,5
20190726134,1345,4,2,2
20190726135,1355,9,8,1
20190726136,1365,6,3,3
20190726137,1375,9,3,6
20190726138,1385,9,5,4
20190726139,1395,3,1,2
20190726140,1405,1,3,2
20190726141,1415,5,4,1
20190726142,1425,8,7,1
20190726143,1435,0,9,9
20190726144,1445,3,6,3
20190726145,1455,7,5,2
20190726146,1465,2,8,6
20190726147,1475,7,9,2
20190726148,1485,0,4,4
20190726149,1495,2,3,1
20190726150,1505,5,3,2
20190726151,1515,2,8,6
20190726152,1525,6,8,2
20190726153,1535,3,5,2
20190726154,1545,1,2,1
20190726155,1555,7,1,6
20190726156,1565,9,1,8
20190726157,1575,3,8,5
20190726158,1585,8,9,1
20190726159,1595,4,6,2
20190726160,1605,6,7,1
20190726161,1615,2,0,2
20190726162,1625,9,0,9
20190726163,1635,5,5,0
20190726164,1645,8,4,4
20190726165,1655,0,9,9
20190726166,1665,3,4,1
20190726167,1675,4,8,4
20190726168,1685,6,1,5
20190726169,1695,1,9,8
20190726170,1705,8,4,4
20190726171,1715,1,6,5
20190726172,1725,2,6,4
20190726173,1735,3,5,2
20190726174,1745,1,4,3
20190726175,1755,6,6,0
20190726176,1765,7,2,5
20190726177,1775,8,3,5
20190726178,1785,5,4,1
20190726179,1795,8,3,5
20190726180,1805,7,7,0
20190726181,1815,2,5,3
20190726182,1825,6,5,1
20190726183,1835,4,6,2
20190726184,1845,0,2,2
20190726185,1855,7,3,4
20190726186,1865,4,1,3
20190726187,1875,2,5,3
20190726188,1885,8,5,3
20190726189,1895,6,5,1
20190726190,1905,6,6,0
20190726191,1915,7,9,2
20190726192,1925,5,1,4
20190726193,1935,0,2,2
20190726194,1945,1,7,6
20190726195,1955,3,9,6
20190726196,1965,6,9,3
20190726197,1975,4,2,2
20190726198,1985,8,4,4
20190726199,1995,5,0,5
20190726200,2005,8,4,4
20190726201,2015,1,6,5
20190726202,2025,9,7,2
20190726203,2035,6,0,6
20190726204,2045,9,1,8
20190726205,2055,8,4,4
20190726206,2065,2,3,1
20190726207,2075,8,1,7
20190726208,2085,7,9,2
20190726209,2095,8,1,7
20190726210,2105,5,0,5
20190726211,2115,4,0,4
20190726212,2125,4,1,3
20190726213,2135,1,6,5
20190726214,2145,2,7,5
20190726215,2155,3,3,0
20190726216,2165,8,1,7
20190726217,2175,4,6,2
20190726218,2185,3,0,3
20190726219,2195,8,2,6
20190726220,2205,7,9,2
20190726221,2215,1,0,1
20190726222,2225,2,2,0
20190726223,2235,8,0,8
20190726224,2245,2,5,3
20190726225,2255,1,1,0
20190726226,2265,9,2,7
20190726227,2275,3,9,6
20190726228,2285,1,1,0
20190726229,2295,8,6,2
20190726230,2305,2,7,5
20190726231,2315,7,1,6
20190726232,2325,0,6,6
20190726233,2335,4,5,1
20190726234,2345,8,5,3
20190726235,2355,6,5,1
20190726236,2365,9,9,0
20190726237,2375,7,5,2
20190726238,2385,4,1,3
20190726239,2395,7,0,7
20190726240,2405,8,1,7
20190726241,2415,0,5,5
20190726242,2425,1,3,2
20190726243,2435,6,4,2
20190726244,2445,9,0,9
20190726245,2455,4,9,5
20190726246,2465,1,2,1
20190726247,2475,5,7,2
20190726248,2485,8,7,1
20190726249,2495,1,7,6
20190726250,2505,1,7,6
20190726251,2515,8,7,1
20190726252,2525,0,8,8
20190726253,2535,6,0,6
20190726254,2545,5,0,5
20190726255,2555,6,3,3
20190726256,2565,2,9,7
20190726257,2575,8,2,6
20190726258,2585,5,0,5
20190726259,2595,6,5,1
20190726260,2605,6,3,3
20190726261,2615,3,7,4
20190726262,2625,3,1,2
20190726263,2635,4,7,3
20190726264,2645,5,3,2
20190726265,2655,9,1,8
20190726266,2665,6,9,3
20190726267,2675,5,5,0
20190726268,2685,0,8,8
20190726269,2695,9,9,0
20190726270,2705,7,6,1
20190726271,2715,4,9,5
20190726272,2725,5,6,1
20190726273,2735,1,5,4
20190726274,2745,4,7,3
20190726275,2755,4,2,2
20190726276,2765,9,5,4
20190726277,2775,7,3,4
20190726278,2785,1,8,7
20190726279,2795,7,7,0
20190726280,2805,3,7,4
20190726281,2815,0,0,0
20190726282,2825,8,7,1
20190726283,2835,3,2,1
20190726284,2845,6,4,2
20190726285,2855,9,1,8
20190726286,2865,2,4,2
20190726287,2875,6,2,4
20190726288,2885,7,9,2
20190727001,16,9,3,6
20190727002,26,9,6,3
20190727003,36,0,1,1
20190727004,46,9,4,5
20190727005,56,9,3,6
20190727006,66,5,8,3
20190727007,76,5,8,3
20190727008,86,8,6,2
20190727009,96,0,7,7
20190727010,106,3,0,3
20190727011,116,2,3,1
20190727012,126,2,8,6
20190727013,136,3,5,2
20190727014,146,5,8,3
20190727015,156,4,7,3
20190727016,166,0,6,6
20190727017,176,9,0,9
20190727018,186,8,4,4
20190727019,196,8,6,2
20190727020,206,9,4,5
20190727021,216,3,6,3
20190727022,226,3,3,0
20190727023,236,4,4,0
20190727024,246,0,5,5
20190727025,256,5,4,1
20190727026,266,5,0,5
20190727027,276,1,8,7
20190727028,286,4,7,3
20190727029,296,4,0,4
20190727030,306,5,1,4
20190727031,316,9,3,6
20190727032,326,3,7,4
20190727033,336,2,6,4
20190727034,346,0,8,8
20190727035,356,8,9,1
20190727036,366,6,1,5
20190727037,376,0,0,0
20190727038,386,9,6,3
20190727039,396,1,6,5
20190727040,406,3,6,3
20190727041,416,4,0,4
20190727042,426,0,4,4
20190727043,436,4,1,3
20190727044,446,7,5,2
20190727045,456,4,1,3
20190727046,466,7,7,0
20190727047,476,5,4,1
20190727048,486,4,0,4
20190727049,496,0,1,1
20190727050,506,6,1,5
20190727051,516,0,7,7
20190727052,526,8,0,8
20190727053,536,8,4,4
20190727054,546,9,7,2
20190727055,556,8,2,6
20190727056,566,7,9,2
20190727057,576,2,2,0
20190727058,586,7,6,1
20190727059,596,7,7,0
20190727060,606,0,4,4
20190727061,616,7,2,5
20190727062,626,5,3,2
20190727063,636,7,3,4
20190727064,646,6,8,2
20190727065,656,4,0,4
20190727066,666,2,3,1
20190727067,676,0,6,6
20190727068,686,6,0,6
20190727069,696,5,0,5
20190727070,706,0,9,9
20190727071,716,0,8,8
20190727072,726,1,3,2
20190727073,736,6,0,6
20190727074,746,1,3,2
20190727075,756,1,7,6
20190727076,766,1,6,5
20190727077,776,2,6,4
20190727078,786,1,6,5
20190727079,796,1,7,6
20190727080,806,0,4,4
20190727081,816,5,4,1
20190727082,826,0,9,9
20190727083,836,4,8,4
20190727084,846,4,8,4
20190727085,856,1,8,7
20190727086,866,2,8,6
20190727087,876,5,3,2
20190727088,886,2,5,3
20190727089,896,5,6,1
20190727090,906,1,8,7
20190727091,916,0,2,2
20190727092,926,1,3,2
20190727093,936,1,5,4
20190727094,946,1,3,2
20190727095,956,0,4,4
20190727096,966,3,3,0
20190727097,976,7,9,2
20190727098,986,8,8,0
20190727099,996,1,3,2
20190727100,1006,3,8,5
20190727101,1016,7,4,3
20190727102,1026,9,5,4
20190727103,1036,0,7,7
20190727104,1046,6,6,0
20190727105,1056,3,9,6
20190727106,1066,8,6,2
20190727107,1076,7,2,5
20190727108,1086,5,3,2
20190727109,1096,3,9,6
20190727110,1106,6,3,3
20190727111,1116,8,8,0
20190727112,1126,0,0,0
20190727113,1136,4,9,5
20190727114,1146,2,9,7
20190727115,1156,9,3,6
20190727116,1166,2,1,1
20190727117,1176,7,1,6
20190727118,1186,6,7,1
20190727119,1196,1,8,7
20190727120,1206,7,6,1
20190727121,1216,2,8,6
20190727122,1226,8,0,8
20190727123,1236,4,9,5
20190727124,1246,1,1,0
20190727125,1256,5,1,4
20190727126,1266,3,9,6
20190727127,1276,0,1,1
20190727128,1286,1,2,1
20190727129,1296,5,6,1
20190727130,1306,6,1,5
20190727131,1316,2,8,6
20190727132,1326,0,7,7
20190727133,1336,1,0,1
20190727134,1346,4,2,2
20190727135,1356,0,0,0
20190727136,1366,9,2,7
20190727137,1376,9,9,0
20190727138,1386,6,3,3
20190727139,1396,6,2,4
20190727140,1406,1,1,0
20190727141,1416,0,1,1
20190727142,1426,4,4,0
20190727143,1436,7,3,4
20190727144,1446,0,8,8
20190727145,1456,3,3,0
20190727146,1466,3,3,0
20190727147,1476,9,0,9
20190727148,1486,8,4,4
20190727149,1496,3,0,3
20190727150,1506,9,6,3
20190727151,1516,4,3,1
20190727152,1526,7,4,3
20190727153,1536,9,5,4
20190727154,1546,9,9,0
20190727155,1556,2,7,5
20190727156,1566,5,6,1
20190727157,1576,4,2,2
20190727158,1586,0,0,0
20190727159,1596,2,6,4
20190727160,1606,9,5,4
20190727161,1616,6,3,3
20190727162,1626,0,3,3
20190727163,1636,4,7,3
20190727164,1646,5,9,4
20190727165,1656,4,8,4
20190727166,1666,6,9,3
20190727167,1676,3,8,5
20190727168,1686,6,4,2
20190727169,1696,3,0,3
20190727170,1706,4,8,4
20190727171,1716,9,0,9
20190727172,1726,9,6,3
20190727173,1736,7,3,4
20190727174,1746,5,9,4
20190727175,1756,4,7,3
20190727176,1766,1,3,2
20190727177,1776,6,6,0
20190727178,1786,2,9,7
20190727179,1796,3,8,5
20190727180,1806,0,0,0
20190727181,1816,8,4,4
20190727182,1826,2,7,5
20190727183,1836,0,8,8
20190727184,1846,9,3,6
20190727185,1856,9,0,9
20190727186,1866,2,5,3
20190727187,1876,5,8,3
20190727188,1886,5,0,5
20190727189,1896,5,7,2
20190727190,1906,8,6,2
20190727191,1916,1,5,4
20190727192,1926,1,4,3
20190727193,1936,0,3,3
20190727194,1946,2,7,5
20190727195,1956,0,8,8
20190727196,1966,0,1,1
20190727197,1976,0,8,8
20190727198,1986,4,7,3
20190727199,1996,7,1,6
20190727200,2006,6,3,3
20190727201,2016,4,2,2
20190727202,2026,6,3,3
20190727203,2036,7,8,1
20190727204,2046,7,8,1
20190727205,2056,7,5,2
20190727206,2066,5,3,2
20190727207,2076,8,6,2
20190727208,2086,6,3,3
20190727209,2096,9,1,8
20190727210,2106,2,0,2
20190727211,2116,6,9,3
20190727212,2126,7,1,6
20190727213,2136,4,2,2
20190727214,2146,6,0,6
20190727215,2156,0,6,6
20190727216,2166,1,4,3
20190727217,2176,1,4,3
20190727218,2186,4,0,4
20190727219,2196,9,6,3
20190727220,2206,2,0,2
20190727221,2216,4,0,4
20190727222,2226,2,8,6
20190727223,2236,3,3,0
20190727224,2246,4,5,1
20190727225,2256,0,3,3
20190727226,2266,9,2,7
20190727227,2276,6,3,3
20190727228,2286,7,6,1
20190727229,2296,9,9,0
20190727230,2306,2,6,4
20190727231,2316,7,8,1
20190727232,2326,6,6,0
20190727233,2336,6,3,3
20190727234,2346,3,1,2
20190727235,2356,5,3,2
20190727236,2366,4,2,2
20190727237,2376,3,2,1
20190727238,2386,6,5,1
20190727239,2396,0,6,6
20190727240,2406,2,9,7
20190727241,2416,9,3,6
20190727242,2426,7,0,7
20190727243,2436,8,6,2
20190727244,2446,1,6,5
20190727245,2456,7,3,4
20190727246,2466,5,0,5
20190727247,2476,1,6,5
20190727248,2486,1,1,0
20190727249,2496,3,3,0
20190727250,2506,5,8,3
20190727251,2516,0,8,8
20190727252,2526,4,3,1
20190727253,2536,9,2,7
20190727254,2546,4,3,1
20190727255,2556,3,0,3
20190727256,2566,7,7,0
20190727257,2576,2,6,4
20190727258,2586,5,0,5
20190727259,2596,9,4,5
20190727260,2606,5,8,3
20190727261,2616,2,3,1
20190727262,2626,9,7,2
20190727263,2636,7,4,3
20190727264,2646,7,4,3
20190727265,2656,1,6,5
20190727266,2666,2,0,2
20190727267,2676,0,1,1
20190727268,2686,9,8,1
20190727269,2696,8,8,0
20190727270,2706,7,2,5
20190727271,2716,9,9,0
20190727272,2726,3,2,1
20190727273,2736,7,5,2
20190727274,2746,9,8,1
20190727275,2756,4,4,0
20190727276,2766,7,6,1
20190727277,2776,3,4,1
20190727278,2786,2,0,2
20190727279,2796,4,7,3
20190727280,2806,3,9,6
20190727281,2816,5,5,0
20190727282,2826,7,3,4
20190727283,2836,9,2,7
20190727284,2846,1,0,1
20190727285,2856,8,7,1
20190727286,2866,8,2,6
20190727287,2876,7,0,7
20190727288,2886,1,7,6
20190728001,17,0,9,9
20190728002,27,7,8,1
20190728003,37,5,4,1
20190728004,47,4,9,5
20190728005,57,1,6,5
20190728006,67,6,4,2
20190728007,77,4,2,2
20190728008,87,0,1,1
20190728009,97,2,6,4
20190728010,107,1,3,2
20190728011,117,9,3,6
20190728012,127,6,8,2
20190728013,137,5,7,2
20190728014,147,5,3,2
20190728015,157,7,0,7
20190728016,167,8,0,8
20190728017,177,7,3,4
20190728018,187,5,0,5
20190728019,197,7,9,2
20190728020,207,3,7,4
20190728021,217,9,7,2
20190728022,227,7,9,2
20190728023,237,8,1,7
20190728024,247,6,5,1
20190728025,257,5,6,1
20190728026,267,8,4,4
20190728027,277,5,1,4
20190728028,287,2,6,4
20190728029,297,9,1,8
20190728030,307,9,4,5
20190728031,317,0,8,8
20190728032,327,1,8,7
20190728033,337,0,7,7
20190728034,347,8,0,8
20190728035,357,8,8,0
20190728036,367,2,3,1
20190728037,377,2,5,3
20190728038,387,7,0,7
20190728039,397,4,3,1
20190728040,407,8,0,8
20190728041,417,4,6,2
20190728042,427,2,9,7
20190728043,437,5,7,2
20190728044,447,6,9,3
20190728045,457,8,7,1
20190728046,467,0,8,8
20190728047,477,0,8,8
20190728048,487,9,4,5
20190728049,497,6,2,4
20190728050,507,1,1,0
20190728051,517,8,1,7
20190728052,527,1,8,7
20190728053,537,0,2,2
20190728054,547,8,9,1
20190728055,557,5,2,3
20190728056,567,3,5,2
20190728057,577,2,8,6
20190728058,587,6,4,2
20190728059,597,6,3,3
20190728060,607,3,1,2
20190728061,617,9,5,4
20190728062,627,1,8,7
20190728063,637,1,0,1
20190728064,647,7,7,0
20190728065,657,2,8,6
20190728066,667,2,6,4
20190728067,677,3,7,4
20190728068,687,6,5,1
20190728069,697,6,5,1
20190728070,707,1,4,3
20190728071,717,3,6,3
20190728072,727,6,3,3
20190728073,737,3,6,3
20190728074,747,5,6,1
20190728075,757,3,0,3
20190728076,767,6,9,3
20190728077,777,6,1,5
20190728078,787,6,3,3
20190728079,797,2,2,0
20190728080,807,7,5,2
20190728081,817,7,0,7
20190728082,827,6,7,1
20190728083,837,2,7,5
20190728084,847,2,1,1
20190728085,857,6,3,3
20190728086,867,8,7,1
20190728087,877,0,2,2
20190728088,887,4,2,2
20190728089,897,2,4,2
20190728090,907,1,9,8
20190728091,917,9,7,2
20190728092,927,5,9,4
20190728093,937,2,1,1
20190728094,947,4,5,1
20190728095,957,2,3,1
20190728096,967,7,2,5
20190728097,977,9,7,2
20190728098,987,7,7,0
20190728099,997,6,0,6
20190728100,1007,8,5,3
20190728101,1017,7,7,0
20190728102,1027,0,8,8
20190728103,1037,3,4,1
20190728104,1047,1,0,1
20190728105,1057,2,2,0
20190728106,1067,2,4,2
20190728107,1077,1,9,8
20190728108,1087,9,8,1
20190728109,1097,9,4,5
20190728110,1107,0,3,3
20190728111,1117,7,4,3
20190728112,1127,0,2,2
20190728113,1137,1,1,0
20190728114,1147,8,7,1
20190728115,1157,0,8,8
20190728116,1167,8,3,5
20190728117,1177,0,8,8
20190728118,1187,3,9,6
20190728119,1197,1,6,5
20190728120,1207,8,2,6
20190728121,1217,9,2,7
20190728122,1227,5,9,4
20190728123,1237,3,6,3
20190728124,1247,8,7,1
20190728125,1257,7,8,1
20190728126,1267,7,2,5
20190728127,1277,3,8,5
20190728128,1287,1,9,8
20190728129,1297,9,2,7
20190728130,1307,1,5,4
20190728131,1317,9,1,8
20190728132,1327,2,0,2
20190728133,1337,8,9,1
20190728134,1347,4,0,4
20190728135,1357,9,8,1
20190728136,1367,6,9,3
20190728137,1377,5,9,4
20190728138,1387,4,9,5
20190728139,1397,5,3,2
20190728140,1407,8,2,6
20190728141,1417,2,6,4
20190728142,1427,9,8,1
20190728143,1437,7,5,2
20190728144,1447,0,0,0
20190728145,1457,6,6,0
20190728146,1467,5,0,5
20190728147,1477,8,7,1
20190728148,1487,7,5,2
20190728149,1497,4,1,3
20190728150,1507,2,4,2
20190728151,1517,2,8,6
20190728152,1527,4,4,0
20190728153,1537,2,9,7
20190728154,1547,9,6,3
20190728155,1557,8,2,6
20190728156,1567,2,8,6
20190728157,1577,5,9,4
20190728158,1587,7,8,1
20190728159,1597,1,1,0
20190728160,1607,9,6,3
20190728161,1617,5,6,1
20190728162,1627,5,3,2
20190728163,1637,8,3,5
20190728164,1647,5,6,1
20190728165,1657,4,4,0
20190728166,1667,8,0,8
20190728167,1677,6,7,1
20190728168,1687,7,6,1
20190728169,1697,5,5,0
20190728170,1707,2,9,7
20190728171,1717,9,4,5
20190728172,1727,2,4,2
20190728173,1737,7,8,1
20190728174,1747,0,0,0
20190728175,1757,5,3,2
20190728176,1767,4,3,1
20190728177,1777,7,6,1
20190728178,1787,9,6,3
20190728179,1797,4,9,5
20190728180,1807,5,0,5
20190728181,1817,7,3,4
20190728182,1827,7,7,0
20190728183,1837,2,4,2
20190728184,1847,2,7,5
20190728185,1857,6,7,1
20190728186,1867,8,8,0
20190728187,1877,6,2,4
20190728188,1887,2,7,5
20190728189,1897,5,6,1
20190728190,1907,3,2,1
20190728191,1917,0,2,2
20190728192,1927,5,8,3
20190728193,1937,1,0,1
20190728194,1947,5,8,3
20190728195,1957,8,5,3
20190728196,1967,7,1,6
20190728197,1977,2,8,6
20190728198,1987,8,6,2
20190728199,1997,3,8,5
20190728200,2007,5,4,1
20190728201,2017,6,7,1
20190728202,2027,6,4,2
20190728203,2037,3,3,0
20190728204,2047,3,4,1
20190728205,2057,9,2,7
20190728206,2067,8,1,7
20190728207,2077,0,0,0
20190728208,2087,0,7,7
20190728209,2097,1,6,5
20190728210,2107,5,8,3
20190728211,2117,5,7,2
20190728212,2127,2,2,0
20190728213,2137,6,1,5
20190728214,2147,4,4,0
20190728215,2157,1,5,4
20190728216,2167,7,9,2
20190728217,2177,0,2,2
20190728218,2187,1,7,6
20190728219,2197,4,9,5
20190728220,2207,6,9,3
20190728221,2217,3,0,3
20190728222,2227,0,1,1
20190728223,2237,8,5,3
20190728224,2247,9,6,3
20190728225,2257,1,6,5
20190728226,2267,5,3,2
20190728227,2277,8,5,3
20190728228,2287,3,4,1
20190728229,2297,4,1,3
20190728230,2307,2,0,2
20190728231,2317,8,5,3
20190728232,2327,5,0,5
20190728233,2337,8,7,1
20190728234,2347,5,2,3
20190728235,2357,1,8,7
20190728236,2367,9,2,7
20190728237,2377,9,9,0
20190728238,2387,2,3,1
20190728239,2397,2,0,2
20190728240,2407,2,2,0
20190728241,2417,3,9,6
20190728242,2427,6,6,0
20190728243,2437,0,1,1
20190728244,2447,4,4,0
20190728245,2457,1,9,8
20190728246,2467,0,7,7
20190728247,2477,5,4,1
20190728248,2487,1,8,7
20190728249,2497,8,3,5
20190728250,2507,8,4,4
20190728251,2517,4,6,2
20190728252,2527,3,2,1
20190728253,2537,5,5,0
20190728254,2547,9,8,1
20190728255,2557,7,4,3
20190728256,2567,1,6,5
20190728257,2577,8,8,0
20190728258,2587,8,9,1
20190728259,2597,7,4,3
20190728260,2607,6,6,0
20190728261,2617,9,3,6
20190728262,2627,2,4,2
20190728263,2637,8,5,3
20190728264,2647,5,2,3
20190728265,2657,7,6,1
20190728266,2667,7,9,2
20190728267,2677,1,3,2
20190728268,2687,8,2,6
20190728269,2697,3,1,2
20190728270,2707,0,0,0
20190728271,2717,6,7,1
20190728272,2727,5,9,4
20190728273,2737,6,6,0
20190728274,2747,1,3,2
20190728275,2757,0,3,3
20190728276,2767,0,9,9
20190728277,2777,4,3,1
20190728278,2787,6,1,5
20190728279,2797,6,2,4
20190728280,2807,7,0,7
20190728281,2817,6,7,1
20190728282,2827,4,4,0
20190728283,2837,1,2,1
20190728284,2847,6,0,6
20190728285,2857,1,8,7
20190728286,2867,4,8,4
20190728287,2877,1,4,3
20190728288,2887,4,3,1
20190729001,11,7,5,2
20190729002,21,2,7,5
20190729003,31,9,9,0
20190729004,41,8,9,1
20190729005,51,2,7,5
20190729006,61,0,0,0
20190729007,71,8,3,5
20190729008,81,6,1,5
20190729009,91,2,6,4
20190729010,101,8,6,2
20190729011,111,8,7,1
20190729012,121,6,4,2
20190729013,131,8,1,7
20190729014,141,2,9,7
20190729015,151,1,4,3
20190729016,161,3,3,0
20190729017,171,3,7,4
20190729018,181,2,7,5
20190729019,191,8,3,5
20190729020,201,4,5,1
20190729021,211,5,9,4
20190729022,221,8,5,3
20190729023,231,2,3,1
20190729024,241,5,8,3
20190729025,251,3,7,4
20190729026,261,7,1,6
20190729027,271,1,4,3
20190729028,281,8,3,5
20190729029,291,8,9,1
20190729030,301,5,2,3
20190729031,311,5,8,3
20190729032,321,3,3,0
20190729033,331,1,6,5
20190729034,341,3,6,3
20190729035,351,4,6,2
20190729036,361,5,0,5
20190729037,371,2,5,3
20190729038,381,9,1,8
20190729039,391,0,3,3
20190729040,401,4,4,0
20190729041,411,6,2,4
20190729042,421,7,9,2
20190729043,431,4,8,4
20190729044,441,1,9,8
20190729045,451,9,6,3
20190729046,461,7,4,3
20190729047,471,0,3,3
20190729048,481,8,5,3
20190729049,491,0,3,3
20190729050,501,6,5,1
20190729051,511,5,5,0
20190729052,521,6,2,4
20190729053,531,8,9,1
20190729054,541,3,7,4
20190729055,551,2,0,2
20190729056,561,1,3,2
20190729057,571,0,8,8
20190729058,581,6,4,2
20190729059,591,8,9,1
20190729060,601,3,6,3
20190729061,611,9,8,1
20190729062,621,9,5,4
20190729063,631,8,2,6
20190729064,641,8,7,1
20190729065,651,1,9,8
20190729066,661,6,1,5
20190729067,671,4,9,5
20190729068,681,8,7,1
20190729069,691,4,6,2
20190729070,701,7,9,2
20190729071,711,3,6,3
20190729072,721,1,9,8
20190729073,731,0,7,7
20190729074,741,9,0,9
20190729075,751,2,2,0
20190729076,761,6,3,3
20190729077,771,4,0,4
20190729078,781,1,4,3
20190729079,791,6,6,0
20190729080,801,6,2,4
20190729081,811,9,1,8
20190729082,821,5,3,2
20190729083,831,0,2,2
20190729084,841,8,9,1
20190729085,851,4,4,0
20190729086,861,2,7,5
20190729087,871,7,4,3
20190729088,881,5,0,5
20190729089,891,9,7,2
20190729090,901,9,2,7
20190729091,911,8,4,4
20190729092,921,2,9,7
20190729093,931,2,5,3
20190729094,941,7,6,1
20190729095,951,3,5,2
20190729096,961,0,4,4
20190729097,971,3,9,6
20190729098,981,7,1,6
20190729099,991,8,2,6
20190729100,1001,2,5,3
20190729101,1011,0,0,0
20190729102,1021,8,2,6
20190729103,1031,7,5,2
20190729104,1041,5,7,2
20190729105,1051,2,2,0
20190729106,1061,1,2,1
20190729107,1071,5,3,2
20190729108,1081,5,8,3
20190729109,1091,5,8,3
20190729110,1101,5,6,1
20190729111,1111,2,7,5
20190729112,1121,6,7,1
20190729113,1131,2,5,3
20190729114,1141,5,8,3
20190729115,1151,3,8,5
20190729116,1161,2,2,0
20190729117,1171,8,9,1
20190729118,1181,4,6,2
20190729119,1191,5,3,2
20190729120,1201,5,9,4
20190729121,1211,3,8,5
20190729122,1221,7,8,1
20190729123,1231,1,9,8
20190729124,1241,1,5,4
20190729125,1251,3,9,6
20190729126,1261,3,0,3
20190729127,1271,7,6,1
20190729128,1281,3,3,0
20190729129,1291,2,2,0
20190729130,1301,5,4,1
20190729131,1311,3,1,2
20190729132,1321,9,7,2
20190729133,1331,7,8,1
20190729134,1341,2,6,4
20190729135,1351,6,0,6
20190729136,1361,0,5,5
20190729137,1371,9,4,5
20190729138,1381,9,8,1
20190729139,1391,8,4,4
20190729140,1401,4,5,1
20190729141,1411,6,3,3
20190729142,1421,8,7,1
20190729143,1431,4,7,3
20190729144,1441,0,4,4
20190729145,1451,7,9,2
20190729146,1461,5,2,3
20190729147,1471,1,8,7
20190729148,1481,0,7,7
20190729149,1491,6,4,2
20190729150,1501,0,8,8
20190729151,1511,8,0,8
20190729152,1521,5,1,4
20190729153,1531,4,9,5
20190729154,1541,2,9,7
20190729155,1551,8,6,2
20190729156,1561,2,6,4
20190729157,1571,8,4,4
20190729158,1581,6,9,3
20190729159,1591,8,0,8
20190729160,1601,0,4,4
20190729161,1611,7,1,6
20190729162,1621,7,2,5
20190729163,1631,0,2,2
20190729164,1641,7,1,6
20190729165,1651,4,2,2
20190729166,1661,7,6,1
20190729167,1671,6,5,1
20190729168,1681,9,6,3
20190729169,1691,6,5,1
20190729170,1701,4,4,0
20190729171,1711,3,5,2
20190729172,1721,9,5,4
20190729173,1731,0,1,1
20190729174,1741,5,5,0
20190729175,1751,5,0,5
20190729176,1761,7,8,1
20190729177,1771,2,2,0
20190729178,1781,2,6,4
20190729179,1791,1,3,2
20190729180,1801,0,2,2
20190729181,1811,8,2,6
20190729182,1821,4,9,5
20190729183,1831,2,5,3
20190729184,1841,4,3,1
20190729185,1851,5,5,0
20190729186,1861,4,2,2
20190729187,1871,9,6,3
20190729188,1881,4,9,5
20190729189,1891,4,2,2
20190729190,1901,5,9,4
20190729191,1911,4,3,1
20190729192,1921,7,3,4
20190729193,1931,8,0,8
20190729194,1941,9,6,3
20190729195,1951,7,2,5
20190729196,1961,9,1,8
20190729197,1971,9,8,1
20190729198,1981,3,3,0
20190729199,1991,3,0,3
20190729200,2001,7,8,1
20190729201,2011,4,1,3
20190729202,2021,7,4,3
20190729203,2031,1,5,4
20190729204,2041,1,4,3
20190729205,2051,4,2,2
20190729206,2061,4,6,2
20190729207,2071,3,2,1
20190729208,2081,2,5,3
20190729209,2091,5,1,4
20190729210,2101,7,4,3
20190729211,2111,6,5,1
20190729212,2121,8,5,3
20190729213,2131,2,3,1
20190729214,2141,6,0,6
20190729215,2151,3,4,1
20190729216,2161,2,9,7
20190729217,2171,6,0,6
20190729218,2181,5,3,2
20190729219,2191,0,0,0
20190729220,2201,6,5,1
20190729221,2211,6,3,3
20190729222,2221,0,5,5
20190729223,2231,6,9,3
20190729224,2241,1,0,1
20190729225,2251,0,2,2
20190729226,2261,8,3,5
20190729227,2271,3,0,3
20190729228,2281,5,7,2
20190729229,2291,3,1,2
20190729230,2301,9,4,5
20190729231,2311,2,7,5
20190729232,2321,0,0,0
20190729233,2331,8,2,6
20190729234,2341,2,8,6
20190729235,2351,7,9,2
20190729236,2361,5,8,3
20190729237,2371,5,5,0
20190729238,2381,9,0,9
20190729239,2391,9,8,1
20190729240,2401,2,4,2
20190729241,2411,2,1,1
20190729242,2421,9,9,0
20190729243,2431,0,1,1
20190729244,2441,2,8,6
20190729245,2451,6,5,1
20190729246,2461,8,5,3
20190729247,2471,5,1,4
20190729248,2481,9,9,0
20190729249,2491,8,6,2
20190729250,2501,5,6,1
20190729251,2511,1,3,2
20190729252,2521,8,4,4
20190729253,2531,6,2,4
20190729254,2541,8,9,1
20190729255,2551,4,7,3
20190729256,2561,4,5,1
20190729257,2571,8,3,5
20190729258,2581,8,3,5
20190729259,2591,9,6,3
20190729260,2601,6,6,0
20190729261,2611,8,0,8
20190729262,2621,7,5,2
20190729263,2631,0,3,3
20190729264,2641,3,7,4
20190729265,2651,2,3,1
20190729266,2661,7,6,1
20190729267,2671,2,0,2
20190729268,2681,2,9,7
20190729269,2691,6,4,2
20190729270,2701,5,6,1
20190729271,2711,4,8,4
20190729272,2721,3,0,3
20190729273,2731,6,4,2
20190729274,2741,9,1,8
20190729275,2751,0,5,5
20190729276,2761,2,0,2
20190729277,2771,9,4,5
20190729278,2781,0,0,0
20190729279,2791,6,7,1
20190729280,2801,3,6,3
20190729281,2811,7,0,7
20190729282,2821,1,0,1
20190729283,2831,0,3,3
20190729284,2841,3,5,2
20190729285,2851,2,1,1
20190729286,2861,7,4,3
20190729287,2871,7,0,7
20190729288,2881,0,2,2
20190730001,12,1,8,7
20190730002,22,8,4,4
20190730003,32,3,7,4
20190730004,42,0,3,3
20190730005,52,1,1,0
20190730006,62,4,5,1
20190730007,72,9,6,3
20190730008,82,5,5,0
20190730009,92,1,4,3
20190730010,102,9,8,1
20190730011,112,5,1,4
20190730012,122,2,5,3
20190730013,132,0,5,5
20190730014,142,4,4,0
20190730015,152,8,1,7
20190730016,162,1,8,7
20190730017,172,7,9,2
20190730018,182,3,7,4
20190730019,192,0,0,0
20190730020,202,5,3,2
20190730021,212,9,6,3
20190730022,222,7,1,6
20190730023,232,1,4,3
20190730024,242,4,1,3
20190730025,252,4,7,3
20190730026,262,8,8,0
20190730027,272,7,2,5
20190730028,282,4,9,5
20190730029,292,7,9,2
20190730030,302,0,9,9
20190730031,312,6,2,4
20190730032,322,7,6,1
20190730033,332,5,9,4
20190730034,342,7,5,2
20190730035,352,8,0,8
20190730036,362,3,5,2
20190730037,372,9,4,5
20190730038,382,3,8,5
20190730039,392,2,9,7
20190730040,402,9,0,9
20190730041,412,9,0,9
20190730042,422,7,1,6
20190730043,432,5,8,3
20190730044,442,7,1,6
20190730045,452,8,3,5
20190730046,462,2,7,5
20190730047,472,2,0,2
20190730048,482,2,5,3
20190730049,492,0,3,3
20190730050,502,1,5,4
20190730051,512,3,6,3
20190730052,522,4,5,1
20190730053,532,2,7,5
20190730054,542,3,2,1
20190730055,552,2,8,6
20190730056,562,7,5,2
20190730057,572,2,4,2
20190730058,582,5,3,2
20190730059,592,1,0,1
20190730060,602,3,6,3
20190730061,612,2,1,1
20190730062,622,6,6,0
20190730063,632,5,0,5
20190730064,642,7,3,4
20190730065,652,9,9,0
20190730066,662,0,0,0
20190730067,672,2,3,1
20190730068,682,8,2,6
20190730069,692,5,5,0
20190730070,702,5,1,4
20190730071,712,3,1,2
20190730072,722,6,4,2
20190730073,732,5,5,0
20190730074,742,8,1,7
20190730075,752,0,8,8
20190730076,762,6,7,1
20190730077,772,0,6,6
20190730078,782,3,4,1
20190730079,792,0,5,5
20190730080,802,2,8,6
20190730081,812,7,4,3
20190730082,822,1,0,1
20190730083,832,3,8,5
20190730084,842,6,8,2
20190730085,852,2,4,2
20190730086,862,5,3,2
20190730087,872,8,8,0
20190730088,882,0,4,4
20190730089,892,6,4,2
20190730090,902,4,1,3
20190730091,912,3,6,3
20190730092,922,8,7,1
20190730093,932,9,8,1
20190730094,942,5,2,3
20190730095,952,7,1,6
20190730096,962,9,6,3
20190730097,972,4,0,4
20190730098,982,2,5,3
20190730099,992,8,8,0
20190730100,1002,0,2,2
20190730101,1012,3,5,2
20190730102,1022,1,2,1
20190730103,1032,5,9,4
20190730104,1042,9,3,6
20190730105,1052,0,6,6
20190730106,1062,5,5,0
20190730107,1072,6,8,2
20190730108,1082,3,7,4
20190730109,1092,4,6,2
20190730110,1102,4,2,2
20190730111,1112,8,0,8
20190730112,1122,5,1,4
20190730113,1132,8,7,1
20190730114,1142,1,5,4
20190730115,1152,1,2,1
20190730116,1162,1,2,1
20190730117,1172,1,8,7
20190730118,1182,2,1,1
20190730119,1192,3,0,3
20190730120,1202,2,5,3
20190730121,1212,4,6,2
20190730122,1222,8,6,2
20190730123,1232,3,3,0
20190730124,1242,2,4,2
20190730125,1252,8,8,0
20190730126,1262,5,5,0
20190730127,1272,7,4,3
20190730128,1282,2,3,1
20190730129,1292,6,0,6
20190730130,1302,3,7,4
20190730131,1312,9,4,5
20190730132,1322,8,3,5
20190730133,1332,1,5,4
20190730134,1342,8,4,4
20190730135,1352,9,5,4
20190730136,1362,9,3,6
20190730137,1372,8,6,2
20190730138,1382,0,0,0
20190730139,1392,7,8,1
20190730140,1402,3,9,6
20190730141,1412,1,8,7
20190730142,1422,2,9,7
20190730143,1432,8,1,7
20190730144,1442,9,0,9
20190730145,1452,0,8,8
20190730146,1462,6,6,0
20190730147,1472,2,3,1
20190730148,1482,6,2,4
20190730149,1492,4,4,0
20190730150,1502,3,1,2
20190730151,1512,8,6,2
20190730152,1522,2,2,0
20190730153,1532,0,1,1
20190730154,1542,9,6,3
20190730155,1552,6,5,1
20190730156,1562,2,5,3
20190730157,1572,2,9,7
20190730158,1582,5,4,1
20190730159,1592,4,9,5
20190730160,1602,0,5,5
20190730161,1612,3,6,3
20190730162,1622,8,4,4
20190730163,1632,6,7,1
20190730164,1642,6,9,3
20190730165,1652,7,6,1
20190730166,1662,9,8,1
20190730167,1672,9,0,9
20190730168,1682,0,1,1
20190730169,1692,1,1,0
20190730170,1702,9,9,0
20190730171,1712,1,5,4
20190730172,1722,4,7,3
20190730173,1732,6,6,0
20190730174,1742,4,4,0
20190730175,1752,1,7,6
20190730176,1762,8,5,3
20190730177,1772,1,0,1
20190730178,1782,3,4,1
20190730179,1792,0,5,5
20190730180,1802,9,7,2
20190730181,1812,3,2,1
20190730182,1822,5,4,1
20190730183,1832,5,9,4
20190730184,1842,7,0,7
20190730185,1852,9,5,4
20190730186,1862,3,0,3
20190730187,1872,1,3,2
20190730188,1882,7,2,5
20190730189,1892,0,9,9
20190730190,1902,9,6,3
20190730191,1912,9,8,1
20190730192,1922,8,8,0
20190730193,1932,0,3,3
20190730194,1942,3,3,0
20190730195,1952,1,9,8
20190730196,1962,0,3,3
20190730197,1972,8,7,1
20190730198,1982,5,7,2
20190730199,1992,7,1,6
20190730200,2002,1,0,1
20190730201,2012,3,2,1
20190730202,2022,9,6,3
20190730203,2032,6,6,0
20190730204,2042,3,2,1
20190730205,2052,8,8,0
20190730206,2062,1,9,8
20190730207,2072,5,2,3
20190730208,2082,1,2,1
20190730209,2092,6,4,2
20190730210,2102,8,9,1
20190730211,2112,2,3,1
20190730212,2122,0,3,3
20190730213,2132,0,1,1
20190730214,2142,7,3,4
20190730215,2152,1,1,0
20190730216,2162,2,3,1
20190730217,2172,4,5,1
20190730218,2182,9,7,2
20190730219,2192,4,3,1
20190730220,2202,0,1,1
20190730221,2212,6,8,2
20190730222,2222,5,2,3
20190730223,2232,7,7,0
20190730224,2242,9,7,2
20190730225,2252,4,6,2
20190730226,2262,5,9,4
20190730227,2272,6,5,1
20190730228,2282,9,7,2
20190730229,2292,5,6,1
20190730230,2302,1,2,1
20190730231,2312,9,7,2
20190730232,2322,0,1,1
20190730233,2332,7,3,4
20190730234,2342,0,7,7
20190730235,2352,8,5,3
20190730236,2362,2,9,7
20190730237,2372,6,2,4
20190730238,2382,4,0,4
20190730239,2392,2,8,6
20190730240,2402,0,1,1
20190730241,2412,1,4,3
20190730242,2422,2,7,5
20190730243,2432,4,6,2
20190730244,2442,9,6,3
20190730245,2452,0,2,2
20190730246,2462,0,1,1
20190730247,2472,4,1,3
20190730248,2482,9,0,9
20190730249,2492,7,6,1
20190730250,2502,3,3,0
20190730251,2512,7,4,3
20190730252,2522,4,7,3
20190730253,2532,0,1,1
20190730254,2542,5,9,4
20190730255,2552,3,7,4
20190730256,2562,2,4,2
20190730257,2572,0,9,9
20190730258,2582,1,4,3
20190730259,2592,6,2,4
20190730260,2602,3,2,1
20190730261,2612,4,3,1
20190730262,2622,6,9,3
20190730263,2632,4,2,2
20190730264,2642,2,6,4
20190730265,2652,0,6,6
20190730266,2662,3,0,3
20190730267,2672,4,0,4
20190730268,2682,3,7,4
20190730269,2692,4,8,4
20190730270,2702,7,0,7
20190730271,2712,3,8,5
20190730272,2722,3,3,0
20190730273,2732,9,8,1
20190730274,2742,6,6,0
20190730275,2752,5,8,3
20190730276,2762,2,6,4
20190730277,2772,5,9,4
20190730278,2782,7,3,4
20190730279,2792,6,1,5
20190730280,2802,3,8,5
20190730281,2812,8,5,3
20190730282,2822,9,7,2
20190730283,2832,4,8,4
20190730284,2842,5,5,0
20190730285,2852,7,3,4
20190730286,2862,4,6,2
20190730287,2872,4,9,5
20190730288,2882,0,8,8
20190731001,13,3,7,4
20190731002,23,1,0,1
20190731003,33,9,6,3
20190731004,43,5,4,1
20190731005,53,1,9,8
20190731006,63,1,5,4
20190731007,73,8,6,2
20190731008,83,7,7,0
20190731009,93,6,5,1
20190731010,103,9,5,4
20190731011,113,0,5,5
20190731012,123,2,5,3
20190731013,133,7,4,3
20190731014,143,7,9,2
20190731015,153,4,2,2
20190731016,163,4,8,4
20190731017,173,2,8,6
20190731018,183,8,1,7
20190731019,193,1,9,8
20190731020,203,6,6,0
20190731021,213,5,3,2
20190731022,223,2,6,4
20190731023,233,4,4,0
20190731024,243,1,9,8
20190731025,253,6,7,1
20190731026,263,5,6,1
20190731027,273,1,5,4
20190731028,283,1,4,3
20190731029,293,7,5,2
20190731030,303,2,4,2
20190731031,313,4,4,0
20190731032,323,6,4,2
20190731033,333,2,9,7
20190731034,343,8,6,2
20190731035,353,1,2,1
20190731036,363,7,8,1
20190731037,373,0,6,6
20190731038,383,8,0,8
20190731039,393,4,4,0
20190731040,403,8,1,7
20190731041,413,7,6,1
20190731042,423,0,6,6
20190731043,433,7,0,7
20190731044,443,0,7,7
20190731045,453,7,6,1
20190731046,463,8,6,2
20190731047,473,5,9,4
20190731048,483,6,4,2
20190731049,493,7,1,6
20190731050,503,5,8,3
20190731051,513,4,1,3
20190731052,523,1,3,2
20190731053,533,3,1,2
20190731054,543,8,8,0
20190731055,553,5,4,1
20190731056,563,9,2,7
20190731057,573,3,8,5
20190731058,583,5,6,1
20190731059,593,1,5,4
20190731060,603,1,0,1
20190731061,613,4,1,3
20190731062,623,5,4,1
20190731063,633,8,2,6
20190731064,643,3,9,6
20190731065,653,1,0,1
20190731066,663,5,5,0
20190731067,673,7,6,1
20190731068,683,4,8,4
20190731069,693,3,5,2
20190731070,703,3,9,6
20190731071,713,3,5,2
20190731072,723,8,9,1
20190731073,733,6,2,4
20190731074,743,0,8,8
20190731075,753,6,3,3
20190731076,763,8,9,1
20190731077,773,5,6,1
20190731078,783,3,4,1
20190731079,793,5,9,4
20190731080,803,3,2,1
20190731081,813,3,5,2
20190731082,823,0,1,1
20190731083,833,9,8,1
20190731084,843,4,8,4
20190731085,853,6,7,1
20190731086,863,1,3,2
20190731087,873,2,5,3
20190731088,883,8,5,3
20190731089,893,7,2,5
20190731090,903,7,6,1
20190731091,913,4,7,3
20190731092,923,1,7,6
20190731093,933,8,9,1
20190731094,943,4,1,3
20190731095,953,8,6,2
20190731096,963,7,0,7
20190731097,973,9,7,2
20190731098,983,2,5,3
20190731099,993,9,8,1
20190731100,1003,8,8,0
20190731101,1013,0,9,9
20190731102,1023,1,0,1
20190731103,1033,0,0,0
20190731104,1043,6,9,3
20190731105,1053,8,7,1
20190731106,1063,5,2,3
20190731107,1073,1,9,8
20190731108,1083,8,4,4
20190731109,1093,5,2,3
20190731110,1103,2,0,2
20190731111,1113,0,6,6
20190731112,1123,8,7,1
20190731113,1133,9,9,0
20190731114,1143,9,9,0
20190731115,1153,2,9,7
20190731116,1163,5,1,4
20190731117,1173,9,9,0
20190731118,1183,2,7,5
20190731119,1193,2,5,3
20190731120,1203,0,1,1
20190731121,1213,8,8,0
20190731122,1223,3,8,5
20190731123,1233,3,9,6
20190731124,1243,4,2,2
20190731125,1253,5,5,0
20190731126,1263,9,8,1
20190731127,1273,4,4,0
20190731128,1283,0,4,4
20190731129,1293,1,1,0
20190731130,1303,5,2,3
20190731131,1313,7,7,0
20190731132,1323,3,2,1
20190731133,1333,5,4,1
20190731134,1343,9,7,2
20190731135,1353,4,5,1
20190731136,1363,0,4,4
20190731137,1373,4,7,3
20190731138,1383,5,9,4
20190731139,1393,5,0,5
20190731140,1403,0,5,5
20190731141,1413,8,7,1
20190731142,1423,2,2,0
20190731143,1433,6,8,2
20190731144,1443,5,2,3
20190731145,1453,5,1,4
20190731146,1463,6,8,2
20190731147,1473,7,8,1
20190731148,1483,5,6,1
20190731149,1493,2,1,1
20190731150,1503,9,6,3
20190731151,1513,2,5,3
20190731152,1523,7,6,1
20190731153,1533,8,0,8
20190731154,1543,5,3,2
20190731155,1553,6,8,2
20190731156,1563,1,9,8
20190731157,1573,2,0,2
20190731158,1583,0,3,3
20190731159,1593,4,2,2
20190731160,1603,2,3,1
20190731161,1613,2,3,1
20190731162,1623,1,0,1
20190731163,1633,1,5,4
20190731164,1643,6,2,4
20190731165,1653,0,3,3
20190731166,1663,2,0,2
20190731167,1673,9,6,3
20190731168,1683,2,1,1
20190731169,1693,3,8,5
20190731170,1703,7,7,0
20190731171,1713,6,1,5
20190731172,1723,0,4,4
20190731173,1733,2,1,1
20190731174,1743,0,2,2
20190731175,1753,5,8,3
20190731176,1763,1,3,2
20190731177,1773,7,3,4
20190731178,1783,9,7,2
20190731179,1793,9,2,7
20190731180,1803,2,1,1
20190731181,1813,1,6,5
20190731182,1823,1,9,8
20190731183,1833,5,4,1
20190731184,1843,6,4,2
20190731185,1853,9,2,7
20190731186,1863,6,5,1
20190731187,1873,9,2,7
20190731188,1883,7,6,1
20190731189,1893,0,8,8
20190731190,1903,1,5,4
20190731191,1913,9,2,7
20190731192,1923,9,8,1
20190731193,1933,9,3,6
20190731194,1943,8,3,5
20190731195,1953,0,7,7
20190731196,1963,1,5,4
20190731197,1973,6,6,0
20190731198,1983,2,3,1
20190731199,1993,3,8,5
20190731200,2003,1,8,7
20190731201,2013,8,4,4
20190731202,2023,9,1,8
20190731203,2033,0,2,2
20190731204,2043,4,0,4
20190731205,2053,5,7,2
20190731206,2063,9,3,6
20190731207,2073,7,5,2
20190731208,2083,6,8,2
20190731209,2093,4,7,3
20190731210,2103,1,6,5
20190731211,2113,7,1,6
20190731212,2123,2,0,2
20190731213,2133,8,0,8
20190731214,2143,8,4,4
20190731215,2153,9,4,5
20190731216,2163,0,2,2
20190731217,2173,7,9,2
20190731218,2183,3,2,1
20190731219,2193,4,7,3
20190731220,2203,5,8,3
20190731221,2213,0,6,6
20190731222,2223,6,5,1
20190731223,2233,9,1,8
20190731224,2243,4,6,2
20190731225,2253,7,0,7
20190731226,2263,6,7,1
20190731227,2273,7,1,6
20190731228,2283,4,6,2
20190731229,2293,1,7,6
20190731230,2303,3,8,5
20190731231,2313,9,3,6
20190731232,2323,7,5,2
20190731233,2333,7,9,2
20190731234,2343,9,9,0
20190731235,2353,9,0,9
20190731236,2363,8,7,1
20190731237,2373,8,7,1
20190731238,2383,1,9,8
20190731239,2393,2,4,2
20190731240,2403,5,1,4
20190731241,2413,2,8,6
20190731242,2423,0,5,5
20190731243,2433,3,0,3
20190731244,2443,8,1,7
20190731245,2453,0,5,5
20190731246,2463,2,6,4
20190731247,2473,9,3,6
20190731248,2483,9,8,1
20190731249,2493,8,3,5
20190731250,2503,4,9,5
20190731251,2513,3,4,1
20190731252,2523,1,4,3
20190731253,2533,4,9,5
20190731254,2543,1,7,6
20190731255,2553,4,5,1
20190731256,2563,0,2,2
20190731257,2573,0,8,8
20190731258,2583,5,2,3
20190731259,2593,9,1,8
20190731260,2603,9,4,5
20190731261,2613,5,4,1
20190731262,2623,5,3,2
20190731263,2633,0,4,4
20190731264,2643,7,3,4
20190731265,2653,5,7,2
20190731266,2663,4,3,1
20190731267,2673,6,5,1
20190731268,2683,4,8,4
20190731269,2693,8,4,4
20190731270,2703,0,5,5
20190731271,2713,7,6,1
20190731272,2723,6,9,3
20190731273,2733,9,3,6
20190731274,2743,1,6,5
20190731275,2753,4,4,0
20190731276,2763,5,1,4
20190731277,2773,4,9,5
20190731278,2783,4,6,2
20190731279,2793,1,9,8
20190731280,2803,0,1,1
20190731281,2813,8,9,1
20190731282,2823,5,1,4
20190731283,2833,8,8,0
20190731284,2843,1,7,6
20190731285,2853,9,1,8
20190731286,2863,2,6,4
20190731287,2873,7,0,7
20190731288,2883,4,0,4
20190801001,14,8,0,8
20190801002,24,0,2,2
20190801003,34,7,3,4
20190801004,44,8,2,6
20190801005,54,1,7,6
20190801006,64,3,9,6
20190801007,74,8,2,6
20190801008,84,7,6,1
20190801009,94,9,7,2
20190801010,104,9,5,4
20190801011,114,8,1,7
20190801012,124,7,7,0
20190801013,134,3,9,6
20190801014,144,0,9,9
20190801015,154,0,3,3
20190801016,164,9,0,9
20190801017,174,0,2,2
20190801018,184,5,2,3
20190801019,194,8,4,4
20190801020,204,9,6,3
20190801021,214,8,7,1
20190801022,224,5,8,3
20190801023,234,8,5,3
20190801024,244,5,0,5
20190801025,254,2,3,1
20190801026,264,6,6,0
20190801027,274,6,4,2
20190801028,284,9,0,9
20190801029,294,4,5,1
20190801030,304,0,5,5
20190801031,314,6,8,2
20190801032,324,2,9,7
20190801033,334,0,7,7
20190801034,344,6,3,3
20190801035,354,1,3,2
20190801036,364,0,5,5
20190801037,374,5,4,1
20190801038,384,0,0,0
20190801039,394,9,4,5
20190801040,404,9,3,6
20190801041,414,1,6,5
20190801042,424,0,0,0
20190801043,434,1,0,1
20190801044,444,9,3,6
20190801045,454,8,6,2
20190801046,464,5,1,4
20190801047,474,3,3,0
20190801048,484,5,0,5
20190801049,494,0,3,3
20190801050,504,2,9,7
20190801051,514,7,7,0
20190801052,524,1,1,0
20190801053,534,3,2,1
20190801054,544,2,0,2
20190801055,554,7,2,5
20190801056,564,6,0,6
20190801057,574,0,8,8
20190801058,584,6,2,4
20190801059,594,3,8,5
20190801060,604,9,6,3
20190801061,614,0,3,3
20190801062,624,6,2,4
20190801063,634,9,2,7
20190801064,644,1,6,5
20190801065,654,7,5,2
20190801066,664,6,7,1
20190801067,674,9,0,9
20190801068,684,3,4,1
20190801069,694,1,4,3
20190801070,704,0,5,5
20190801071,714,0,6,6
20190801072,724,7,0,7
20190801073,734,4,1,3
20190801074,744,9,9,0
20190801075,754,0,2,2
20190801076,764,1,5,4
20190801077,774,4,6,2
20190801078,784,1,3,2
20190801079,794,9,2,7
20190801080,804,4,9,5
20190801081,814,1,0,1
20190801082,824,7,6,1
20190801083,834,6,7,1
20190801084,844,4,2,2
20190801085,854,9,8,1
20190801086,864,5,7,2
20190801087,874,5,0,5
20190801088,884,1,8,7
20190801089,894,9,4,5
20190801090,904,7,0,7
20190801091,914,9,0,9
20190801092,924,5,8,3
20190801093,934,0,2,2
20190801094,944,1,7,6
20190801095,954,8,1,7
20190801096,964,2,8,6
20190801097,974,4,5,1
20190801098,984,2,3,1
20190801099,994,1,7,6
20190801100,1004,4,7,3
20190801101,1014,3,8,5
20190801102,1024,0,9,9
20190801103,1034,3,0,3
20190801104,1044,4,1,3
20190801105,1054,4,2,2
20190801106,1064,2,9,7
20190801107,1074,1,4,3
20190801108,1084,1,4,3
20190801109,1094,4,0,4
20190801110,1104,6,1,5
20190801111,1114,4,3,1
20190801112,1124,6,2,4
20190801113,1134,0,2,2
20190801114,1144,3,9,6
20190801115,1154,1,7,6
20190801116,1164,9,6,3
20190801117,1174,5,7,2
20190801118,1184,9,4,5
20190801119,1194,4,6,2
20190801120,1204,4,5,1
20190801121,1214,8,4,4
20190801122,1224,7,5,2
20190801123,1234,8,3,5
20190801124,1244,0,6,6
20190801125,1254,7,2,5
20190801126,1264,9,5,4
20190801127,1274,8,8,0
20190801128,1284,3,6,3
20190801129,1294,2,9,7
20190801130,1304,7,4,3
20190801131,1314,2,3,1
20190801132,1324,7,0,7
20190801133,1334,4,1,3
20190801134,1344,4,2,2
20190801135,1354,9,1,8
20190801136,1364,6,7,1
20190801137,1374,6,5,1
20190801138,1384,7,2,5
20190801139,1394,1,4,3
20190801140,1404,9,4,5
20190801141,1414,6,4,2
20190801142,1424,5,1,4
20190801143,1434,1,5,4
20190801144,1444,3,2,1
20190801145,1454,6,2,4
20190801146,1464,0,8,8
20190801147,1474,1,5,4
20190801148,1484,3,3,0
20190801149,1494,6,3,3
20190801150,1504,4,2,2
20190801151,1514,7,2,5
20190801152,1524,2,4,2
20190801153,1534,0,9,9
20190801154,1544,6,5,1
20190801155,1554,7,2,5
20190801156,1564,0,9,9
20190801157,1574,1,2,1
20190801158,1584,3,8,5
20190801159,1594,8,6,2
20190801160,1604,1,9,8
20190801161,1614,8,0,8
20190801162,1624,8,5,3
20190801163,1634,5,0,5
20190801164,1644,6,9,3
20190801165,1654,0,1,1
20190801166,1664,1,0,1
20190801167,1674,5,0,5
20190801168,1684,5,0,5
20190801169,1694,2,4,2
20190801170,1704,5,2,3
20190801171,1714,8,9,1
20190801172,1724,8,0,8
20190801173,1734,2,0,2
20190801174,1744,6,1,5
20190801175,1754,8,9,1
20190801176,1764,7,3,4
20190801177,1774,2,0,2
20190801178,1784,8,8,0
20190801179,1794,4,1,3
20190801180,1804,3,1,2
20190801181,1814,7,6,1
20190801182,1824,1,5,4
20190801183,1834,4,3,1
20190801184,1844,0,6,6
20190801185,1854,5,2,3
20190801186,1864,6,6,0
20190801187,1874,0,5,5
20190801188,1884,7,2,5
20190801189,1894,3,0,3
20190801190,1904,6,2,4
20190801191,1914,7,4,3
20190801192,1924,4,6,2
20190801193,1934,0,8,8
20190801194,1944,6,9,3
20190801195,1954,3,0,3
20190801196,1964,1,6,5
20190801197,1974,2,4,2
20190801198,1984,6,3,3
20190801199,1994,7,5,2
20190801200,2004,5,8,3
20190801201,2014,5,7,2
20190801202,2024,1,9,8
20190801203,2034,4,3,1
20190801204,2044,9,1,8
20190801205,2054,4,1,3
20190801206,2064,5,1,4
20190801207,2074,7,0,7
20190801208,2084,7,8,1
20190801209,2094,2,6,4
20190801210,2104,0,0,0
20190801211,2114,2,8,6
20190801212,2124,9,6,3
20190801213,2134,8,6,2
20190801214,2144,1,0,1
20190801215,2154,8,1,7
20190801216,2164,0,4,4
20190801217,2174,1,5,4
20190801218,2184,9,2,7
20190801219,2194,4,6,2
20190801220,2204,4,3,1
20190801221,2214,9,0,9
20190801222,2224,7,5,2
20190801223,2234,9,7,2
20190801224,2244,4,7,3
20190801225,2254,4,6,2
20190801226,2264,5,3,2
20190801227,2274,1,7,6
20190801228,2284,7,7,0
20190801229,2294,6,7,1
20190801230,2304,5,2,3
20190801231,2314,5,8,3
20190801232,2324,2,0,2
20190801233,2334,6,2,4
20190801234,2344,5,0,5
20190801235,2354,3,0,3
20190801236,2364,4,1,3
20190801237,2374,2,6,4
20190801238,2384,0,5,5
20190801239,2394,9,7,2
20190801240,2404,8,9,1
20190801241,2414,3,8,5
20190801242,2424,3,3,0
20190801243,2434,8,2,6
20190801244,2444,8,9,1
20190801245,2454,1,7,6
20190801246,2464,3,3,0
20190801247,2474,0,0,0
20190801248,2484,5,0,5
20190801249,2494,2,8,6
20190801250,2504,3,5,2
20190801251,2514,7,9,2
20190801252,2524,9,7,2
20190801253,2534,7,2,5
20190801254,2544,2,8,6
20190801255,2554,2,5,3
20190801256,2564,8,7,1
20190801257,2574,5,5,0
20190801258,2584,5,2,3
20190801259,2594,1,7,6
20190801260,2604,0,0,0
20190801261,2614,1,5,4
20190801262,2624,8,7,1
20190801263,2634,8,9,1
20190801264,2644,2,6,4
20190801265,2654,7,6,1
20190801266,2664,6,5,1
20190801267,2674,7,5,2
20190801268,2684,2,1,1
20190801269,2694,9,3,6
20190801270,2704,6,2,4
20190801271,2714,3,2,1
20190801272,2724,9,0,9
20190801273,2734,5,1,4
20190801274,2744,0,0,0
20190801275,2754,4,4,0
20190801276,2764,9,9,0
20190801277,2774,0,1,1
20190801278,2784,7,1,6
20190801279,2794,8,1,7
20190801280,2804,7,2,5
20190801281,2814,9,3,6
20190801282,2824,7,5,2
20190801283,2834,9,4,5
20190801284,2844,5,4,1
20190801285,2854,4,6,2
20190801286,2864,9,9,0
20190801287,2874,6,4,2
20190801288,2884,9,4,5
20190802001,15,3,6,3
20190802002,25,5,6,1
20190802003,35,9,8,1
20190802004,45,3,6,3
20190802005,55,8,2,6
20190802006,65,3,0,3
20190802007,75,9,9,0
20190802008,85,2,2,0
20190802009,95,7,0,7
20190802010,105,2,9,7
20190802011,115,1,5,4
20190802012,125,1,0,1
20190802013,135,9,3,6
20190802014,145,1,0,1
20190802015,155,2,3,1
20190802016,165,8,0,8
20190802017,175,2,3,1
20190802018,185,2,0,2
20190802019,195,8,2,6
20190802020,205,7,3,4
20190802021,215,8,2,6
20190802022,225,2,4,2
20190802023,235,0,0,0
20190802024,245,6,8,2
20190802025,255,6,7,1
20190802026,265,5,5,0
20190802027,275,5,8,3
20190802028,285,9,6,3
20190802029,295,9,7,2
20190802030,305,4,0,4
20190802031,315,7,4,3
20190802032,325,4,0,4
20190802033,335,8,6,2
20190802034,345,7,9,2
20190802035,355,3,3,0
20190802036,365,5,5,0
20190802037,375,0,1,1
20190802038,385,8,7,1
20190802039,395,1,5,4
20190802040,405,6,7,1
20190802041,415,7,3,4
20190802042,425,5,2,3
20190802043,435,5,7,2
20190802044,445,2,4,2
20190802045,455,6,8,2
20190802046,465,4,9,5
20190802047,475,4,0,4
20190802048,485,6,6,0
20190802049,495,2,6,4
20190802050,505,2,3,1
20190802051,515,6,8,2
20190802052,525,1,8,7
20190802053,535,7,9,2
20190802054,545,9,1,8
20190802055,555,5,6,1
20190802056,565,0,8,8
20190802057,575,5,5,0
20190802058,585,0,8,8
20190802059,595,1,6,5
20190802060,605,5,5,0
20190802061,615,1,3,2
20190802062,625,8,2,6
20190802063,635,0,7,7
20190802064,645,8,3,5
20190802065,655,0,1,1
20190802066,665,4,4,0
20190802067,675,0,2,2
20190802068,685,8,2,6
20190802069,695,3,8,5
20190802070,705,1,9,8
20190802071,715,6,3,3
20190802072,725,6,5,1
20190802073,735,0,8,8
20190802074,745,0,9,9
20190802075,755,7,4,3
20190802076,765,5,9,4
20190802077,775,6,3,3
20190802078,785,6,4,2
20190802079,795,4,9,5
20190802080,805,4,6,2
20190802081,815,7,6,1
20190802082,825,6,9,3
20190802083,835,0,2,2
20190802084,845,2,8,6
20190802085,855,6,3,3
20190802086,865,6,8,2
20190802087,875,9,5,4
20190802088,885,9,9,0
20190802089,895,8,9,1
20190802090,905,0,0,0
20190802091,915,9,0,9
20190802092,925,1,8,7
20190802093,935,8,8,0
20190802094,945,9,9,0
20190802095,955,5,0,5
20190802096,965,1,6,5
20190802097,975,6,3,3
20190802098,985,6,2,4
20190802099,995,7,7,0
20190802100,1005,1,8,7
20190802101,1015,2,0,2
20190802102,1025,2,8,6
20190802103,1035,9,2,7
20190802104,1045,0,2,2
20190802105,1055,2,8,6
20190802106,1065,0,2,2
20190802107,1075,2,3,1
20190802108,1085,2,8,6
20190802109,1095,0,1,1
20190802110,1105,4,1,3
20190802111,1115,5,8,3
20190802112,1125,9,1,8
20190802113,1135,5,8,3
20190802114,1145,7,7,0
20190802115,1155,2,5,3
20190802116,1165,7,1,6
20190802117,1175,2,2,0
20190802118,1185,3,6,3
20190802119,1195,5,8,3
20190802120,1205,5,5,0
20190802121,1215,2,2,0
20190802122,1225,0,3,3
20190802123,1235,8,1,7
20190802124,1245,7,5,2
20190802125,1255,7,2,5
20190802126,1265,5,3,2
20190802127,1275,9,4,5
20190802128,1285,9,7,2
20190802129,1295,8,5,3
20190802130,1305,3,2,1
20190802131,1315,9,3,6
20190802132,1325,3,2,1
20190802133,1335,5,3,2
20190802134,1345,2,1,1
20190802135,1355,2,0,2
20190802136,1365,7,0,7
20190802137,1375,2,9,7
20190802138,1385,1,9,8
20190802139,1395,0,7,7
20190802140,1405,2,1,1
20190802141,1415,7,3,4
20190802142,1425,1,6,5
20190802143,1435,1,7,6
20190802144,1445,6,0,6
20190802145,1455,1,1,0
20190802146,1465,3,8,5
20190802147,1475,0,7,7
20190802148,1485,2,3,1
20190802149,1495,8,4,4
20190802150,1505,1,0,1
20190802151,1515,4,2,2
20190802152,1525,2,0,2
20190802153,1535,3,1,2
20190802154,1545,4,7,3
20190802155,1555,7,8,1
20190802156,1565,9,4,5
20190802157,1575,2,9,7
20190802158,1585,6,3,3
20190802159,1595,8,1,7
20190802160,1605,9,3,6
20190802161,1615,5,2,3
20190802162,1625,9,3,6
20190802163,1635,3,7,4
20190802164,1645,5,0,5
20190802165,1655,4,1,3
20190802166,1665,0,7,7
20190802167,1675,9,1,8
20190802168,1685,6,7,1
20190802169,1695,6,5,1
20190802170,1705,6,5,1
20190802171,1715,0,5,5
20190802172,1725,8,9,1
20190802173,1735,2,5,3
20190802174,1745,3,5,2
20190802175,1755,1,6,5
20190802176,1765,9,3,6
20190802177,1775,7,9,2
20190802178,1785,5,6,1
20190802179,1795,1,1,0
20190802180,1805,4,5,1
20190802181,1815,3,6,3
20190802182,1825,1,8,7
20190802183,1835,9,0,9
20190802184,1845,5,7,2
20190802185,1855,9,7,2
20190802186,1865,0,1,1
20190802187,1875,5,3,2
20190802188,1885,8,3,5
20190802189,1895,5,6,1
20190802190,1905,5,8,3
20190802191,1915,3,8,5
20190802192,1925,5,6,1
20190802193,1935,3,8,5
20190802194,1945,3,2,1
20190802195,1955,7,5,2
20190802196,1965,6,6,0
20190802197,1975,7,0,7
20190802198,1985,6,7,1
20190802199,1995,6,9,3
20190802200,2005,0,1,1
20190802201,2015,0,4,4
20190802202,2025,8,6,2
20190802203,2035,6,6,0
20190802204,2045,1,1,0
20190802205,2055,8,6,2
20190802206,2065,3,8,5
20190802207,2075,6,6,0
20190802208,2085,8,7,1
20190802209,2095,1,4,3
20190802210,2105,2,3,1
20190802211,2115,9,8,1
20190802212,2125,3,2,1
20190802213,2135,1,0,1
20190802214,2145,9,5,4
20190802215,2155,8,8,0
20190802216,2165,9,8,1
20190802217,2175,5,4,1
20190802218,2185,5,3,2
20190802219,2195,9,3,6
20190802220,2205,9,9,0
20190802221,2215,6,0,6
20190802222,2225,3,3,0
20190802223,2235,0,5,5
20190802224,2245,1,6,5
20190802225,2255,1,5,4
20190802226,2265,2,3,1
20190802227,2275,3,3,0
20190802228,2285,8,8,0
20190802229,2295,4,0,4
20190802230,2305,0,6,6
20190802231,2315,3,6,3
20190802232,2325,1,1,0
20190802233,2335,2,6,4
20190802234,2345,7,5,2
20190802235,2355,0,8,8
20190802236,2365,2,9,7
20190802237,2375,1,3,2
20190802238,2385,0,7,7
20190802239,2395,9,0,9
20190802240,2405,3,7,4
20190802241,2415,0,5,5
20190802242,2425,0,9,9
20190802243,2435,1,3,2
20190802244,2445,6,6,0
20190802245,2455,2,4,2
20190802246,2465,4,5,1
20190802247,2475,5,6,1
20190802248,2485,1,2,1
20190802249,2495,6,7,1
20190802250,2505,7,7,0
20190802251,2515,2,4,2
20190802252,2525,3,6,3
20190802253,2535,4,8,4
20190802254,2545,8,1,7
20190802255,2555,8,0,8
20190802256,2565,6,2,4
20190802257,2575,7,6,1
20190802258,2585,8,9,1
20190802259,2595,6,9,3
20190802260,2605,9,1,8
20190802261,2615,8,4,4
20190802262,2625,7,4,3
20190802263,2635,4,3,1
20190802264,2645,5,9,4
20190802265,2655,8,6,2
20190802266,2665,7,3,4
20190802267,2675,8,5,3
20190802268,2685,3,4,1
20190802269,2695,3,4,1
20190802270,2705,1,7,6
20190802271,2715,8,1,7
20190802272,2725,3,1,2
20190802273,2735,6,6,0
20190802274,2745,1,2,1
20190802275,2755,9,3,6
20190802276,2765,1,9,8
20190802277,2775,5,9,4
20190802278,2785,1,1,0
20190802279,2795,5,9,4
20190802280,2805,7,1,6
20190802281,2815,7,9,2
20190802282,2825,5,6,1
20190802283,2835,2,4,2
20190802284,2845,7,7,0
20190802285,2855,2,1,1
20190802286,2865,7,3,4
20190802287,2875,4,1,3
20190802288,2885,1,6,5
20190803001,16,9,3,6
20190803002,26,7,7,0
20190803003,36,7,7,0
20190803004,46,6,0,6
20190803005,56,0,0,0
20190803006,66,0,1,1
20190803007,76,1,9,8
20190803008,86,1,9,8
20190803009,96,4,6,2
20190803010,106,3,5,2
20190803011,116,5,6,1
20190803012,126,9,1,8
20190803013,136,8,4,4
20190803014,146,4,4,0
20190803015,156,6,6,0
20190803016,166,1,5,4
20190803017,176,7,9,2
20190803018,186,9,9,0
20190803019,196,8,6,2
20190803020,206,8,7,1
20190803021,216,3,1,2
20190803022,226,2,3,1
20190803023,236,4,0,4
20190803024,246,8,4,4
20190803025,256,1,9,8
20190803026,266,3,8,5
20190803027,276,3,1,2
20190803028,286,1,6,5
20190803029,296,6,3,3
20190803030,306,3,1,2
20190803031,316,1,2,1
20190803032,326,3,0,3
20190803033,336,9,6,3
20190803034,346,2,6,4
20190803035,356,1,9,8
20190803036,366,2,0,2
20190803037,376,7,5,2
20190803038,386,1,2,1
20190803039,396,4,4,0
20190803040,406,5,1,4
20190803041,416,6,7,1
20190803042,426,4,6,2
20190803043,436,3,7,4
20190803044,446,6,2,4
20190803045,456,5,7,2
20190803046,466,9,5,4
20190803047,476,6,7,1
20190803048,486,4,9,5
20190803049,496,9,7,2
20190803050,506,9,5,4
20190803051,516,1,3,2
20190803052,526,9,6,3
20190803053,536,5,5,0
20190803054,546,7,8,1
20190803055,556,9,8,1
20190803056,566,9,5,4
20190803057,576,2,6,4
20190803058,586,6,6,0
20190803059,596,3,9,6
20190803060,606,0,0,0
20190803061,616,5,4,1
20190803062,626,7,8,1
20190803063,636,8,3,5
20190803064,646,7,2,5
20190803065,656,4,8,4
20190803066,666,4,6,2
20190803067,676,9,3,6
20190803068,686,5,5,0
20190803069,696,7,5,2
20190803070,706,4,2,2
20190803071,716,8,2,6
20190803072,726,8,4,4
20190803073,736,9,3,6
20190803074,746,3,6,3
20190803075,756,3,8,5
20190803076,766,7,9,2
20190803077,776,2,1,1
20190803078,786,1,1,0
20190803079,796,2,2,0
20190803080,806,2,7,5
20190803081,816,3,4,1
20190803082,826,6,1,5
20190803083,836,3,3,0
20190803084,846,8,6,2
20190803085,856,4,2,2
20190803086,866,2,0,2
20190803087,876,7,5,2
20190803088,886,7,9,2
20190803089,896,9,1,8
20190803090,906,0,7,7
20190803091,916,5,2,3
20190803092,926,4,0,4
20190803093,936,8,8,0
20190803094,946,5,3,2
20190803095,956,1,4,3
20190803096,966,7,6,1
20190803097,976,9,3,6
20190803098,986,5,8,3
20190803099,996,5,0,5
20190803100,1006,5,8,3
20190803101,1016,1,2,1
20190803102,1026,3,5,2
20190803103,1036,5,5,0
20190803104,1046,9,1,8
20190803105,1056,2,9,7
20190803106,1066,1,2,1
20190803107,1076,0,5,5
20190803108,1086,9,4,5
20190803109,1096,3,5,2
20190803110,1106,8,6,2
20190803111,1116,3,7,4
20190803112,1126,5,0,5
20190803113,1136,5,8,3
20190803114,1146,1,8,7
20190803115,1156,5,3,2
20190803116,1166,4,3,1
20190803117,1176,3,3,0
20190803118,1186,6,3,3
20190803119,1196,6,1,5
20190803120,1206,4,1,3
20190803121,1216,4,8,4
20190803122,1226,7,1,6
20190803123,1236,4,7,3
20190803124,1246,1,1,0
20190803125,1256,8,1,7
20190803126,1266,9,7,2
20190803127,1276,0,5,5
20190803128,1286,0,5,5
20190803129,1296,2,2,0
20190803130,1306,3,8,5
20190803131,1316,2,6,4
20190803132,1326,8,3,5
20190803133,1336,4,0,4
20190803134,1346,1,8,7
20190803135,1356,3,1,2
20190803136,1366,0,1,1
20190803137,1376,5,7,2
20190803138,1386,6,9,3
20190803139,1396,3,4,1
20190803140,1406,6,3,3
20190803141,1416,0,6,6
20190803142,1426,6,3,3
20190803143,1436,0,3,3
20190803144,1446,8,4,4
20190803145,1456,5,3,2
20190803146,1466,8,1,7
20190803147,1476,3,1,2
20190803148,1486,6,6,0
20190803149,1496,0,9,9
20190803150,1506,5,0,5
20190803151,1516,0,9,9
20190803152,1526,4,7,3
20190803153,1536,9,5,4
20190803154,1546,3,2,1
20190803155,1556,7,3,4
20190803156,1566,5,9,4
20190803157,1576,8,6,2
20190803158,1586,9,3,6
20190803159,1596,3,6,3
20190803160,1606,1,2,1
20190803161,1616,3,4,1
20190803162,1626,7,8,1
20190803163,1636,3,3,0
20190803164,1646,2,0,2
20190803165,1656,0,1,1
20190803166,1666,7,2,5
20190803167,1676,2,5,3
20190803168,1686,5,0,5
20190803169,1696,5,8,3
20190803170,1706,2,1,1
20190803171,1716,4,8,4
20190803172,1726,5,3,2
20190803173,1736,0,3,3
20190803174,1746,4,0,4
20190803175,1756,1,5,4
20190803176,1766,4,1,3
20190803177,1776,1,8,7
20190803178,1786,1,3,2
20190803179,1796,9,7,2
20190803180,1806,2,3,1
20190803181,1816,3,3,0
20190803182,1826,7,3,4
20190803183,1836,6,7,1
20190803184,1846,8,6,2
20190803185,1856,1,8,7
20190803186,1866,2,2,0
20190803187,1876,0,6,6
20190803188,1886,3,7,4
20190803189,1896,1,1,0
20190803190,1906,6,2,4
20190803191,1916,4,5,1
20190803192,1926,6,0,6
20190803193,1936,4,4,0
20190803194,1946,4,5,1
20190803195,1956,9,3,6
20190803196,1966,6,6,0
20190803197,1976,4,3,1
20190803198,1986,9,5,4
20190803199,1996,7,6,1
20190803200,2006,5,7,2
20190803201,2016,8,0,8
20190803202,2026,4,2,2
20190803203,2036,9,9,0
20190803204,2046,2,2,0
20190803205,2056,6,8,2
20190803206,2066,7,5,2
20190803207,2076,5,7,2
20190803208,2086,7,1,6
20190803209,2096,1,5,4
20190803210,2106,5,3,2
20190803211,2116,4,9,5
20190803212,2126,6,8,2
20190803213,2136,8,1,7
20190803214,2146,6,8,2
20190803215,2156,6,5,1
20190803216,2166,4,2,2
20190803217,2176,2,9,7
20190803218,2186,0,7,7
20190803219,2196,7,9,2
20190803220,2206,1,8,7
20190803221,2216,6,0,6
20190803222,2226,3,7,4
20190803223,2236,0,7,7
20190803224,2246,6,1,5
20190803225,2256,7,6,1
20190803226,2266,9,8,1
20190803227,2276,2,4,2
20190803228,2286,9,5,4
20190803229,2296,2,9,7
20190803230,2306,7,4,3
20190803231,2316,0,7,7
20190803232,2326,5,5,0
20190803233,2336,9,4,5
20190803234,2346,4,7,3
20190803235,2356,0,2,2
20190803236,2366,1,4,3
20190803237,2376,7,4,3
20190803238,2386,0,6,6
20190803239,2396,0,5,5
20190803240,2406,7,3,4
20190803241,2416,6,6,0
20190803242,2426,5,1,4
20190803243,2436,8,2,6
20190803244,2446,0,6,6
20190803245,2456,5,1,4
20190803246,2466,8,8,0
20190803247,2476,1,7,6
20190803248,2486,8,7,1
20190803249,2496,4,7,3
20190803250,2506,9,4,5
20190803251,2516,6,2,4
20190803252,2526,6,7,1
20190803253,2536,9,7,2
20190803254,2546,5,3,2
20190803255,2556,4,6,2
20190803256,2566,3,8,5
20190803257,2576,7,6,1
20190803258,2586,7,9,2
20190803259,2596,7,7,0
20190803260,2606,0,8,8
20190803261,2616,1,3,2
20190803262,2626,8,2,6
20190803263,2636,8,0,8
20190803264,2646,2,8,6
20190803265,2656,3,1,2
20190803266,2666,8,1,7
20190803267,2676,7,6,1
20190803268,2686,2,4,2
20190803269,2696,6,6,0
20190803270,2706,1,4,3
20190803271,2716,1,9,8
20190803272,2726,1,5,4
20190803273,2736,9,3,6
20190803274,2746,2,7,5
20190803275,2756,1,0,1
20190803276,2766,7,8,1
20190803277,2776,7,9,2
20190803278,2786,0,7,7
20190803279,2796,2,0,2
20190803280,2806,4,1,3
20190803281,2816,4,1,3
20190803282,2826,0,3,3
20190803283,2836,9,6,3
20190803284,2846,1,5,4
20190803285,2856,8,8,0
20190803286,2866,9,0,9
20190803287,2876,6,0,6
20190803288,2886,7,6,1
20190804001,17,7,9,2
20190804002,27,3,9,6
20190804003,37,6,0,6
20190804004,47,1,2,1
20190804005,57,2,4,2
20190804006,67,9,2,7
20190804007,77,7,7,0
20190804008,87,5,3,2
20190804009,97,3,3,0
20190804010,107,6,5,1
20190804011,117,2,1,1
20190804012,127,4,9,5
20190804013,137,9,7,2
20190804014,147,0,0,0
20190804015,157,3,2,1
20190804016,167,6,3,3
20190804017,177,5,8,3
20190804018,187,0,1,1
20190804019,197,7,0,7
20190804020,207,3,2,1
20190804021,217,5,9,4
20190804022,227,4,9,5
20190804023,237,1,9,8
20190804024,247,6,5,1
20190804025,257,7,9,2
20190804026,267,0,2,2
20190804027,277,6,2,4
20190804028,287,7,9,2
20190804029,297,9,4,5
20190804030,307,9,3,6
20190804031,317,2,3,1
20190804032,327,3,3,0
20190804033,337,3,7,4
20190804034,347,3,8,5
20190804035,357,9,6,3
20190804036,367,2,7,5
20190804037,377,7,6,1
20190804038,387,7,8,1
20190804039,397,7,5,2
20190804040,407,2,4,2
20190804041,417,7,0,7
20190804042,427,3,1,2
20190804043,437,1,9,8
20190804044,447,3,9,6
20190804045,457,5,9,4
20190804046,467,7,7,0
20190804047,477,1,7,6
20190804048,487,5,0,5
20190804049,497,6,3,3
20190804050,507,2,7,5
20190804051,517,5,4,1
20190804052,527,8,6,2
20190804053,537,3,4,1
20190804054,547,0,1,1
20190804055,557,4,2,2
20190804056,567,0,8,8
20190804057,577,3,3,0
20190804058,587,5,1,4
20190804059,597,9,9,0
20190804060,607,9,5,4
20190804061,617,6,3,3
20190804062,627,1,5,4
20190804063,637,1,5,4
20190804064,647,0,3,3
20190804065,657,1,7,6
20190804066,667,1,3,2
20190804067,677,0,0,0
20190804068,687,9,8,1
20190804069,697,7,9,2
20190804070,707,4,5,1
20190804071,717,2,3,1
20190804072,727,4,2,2
20190804073,737,5,1,4
20190804074,747,3,2,1
20190804075,757,6,9,3
20190804076,767,1,0,1
20190804077,777,1,6,5
20190804078,787,8,1,7
20190804079,797,1,7,6
20190804080,807,8,5,3
20190804081,817,4,4,0
20190804082,827,4,4,0
20190804083,837,7,1,6
20190804084,847,6,4,2
20190804085,857,0,3,3
20190804086,867,1,3,2
20190804087,877,5,3,2
20190804088,887,8,6,2
20190804089,897,0,4,4
20190804090,907,9,7,2
20190804091,917,4,3,1
20190804092,927,8,6,2
20190804093,937,9,6,3
20190804094,947,3,5,2
20190804095,957,7,2,5
20190804096,967,8,4,4
20190804097,977,1,6,5
20190804098,987,2,4,2
20190804099,997,3,3,0
20190804100,1007,6,0,6
20190804101,1017,4,8,4
20190804102,1027,0,0,0
20190804103,1037,8,3,5
20190804104,1047,4,0,4
20190804105,1057,1,9,8
20190804106,1067,9,0,9
20190804107,1077,1,7,6
20190804108,1087,5,0,5
20190804109,1097,0,4,4
20190804110,1107,1,7,6
20190804111,1117,1,9,8
20190804112,1127,1,0,1
20190804113,1137,3,7,4
20190804114,1147,3,3,0
20190804115,1157,5,0,5
20190804116,1167,3,2,1
20190804117,1177,4,2,2
20190804118,1187,6,8,2
20190804119,1197,2,9,7
20190804120,1207,4,0,4
20190804121,1217,9,6,3
20190804122,1227,3,8,5
20190804123,1237,4,4,0
20190804124,1247,0,9,9
20190804125,1257,6,6,0
20190804126,1267,2,6,4
20190804127,1277,8,9,1
20190804128,1287,1,0,1
20190804129,1297,1,5,4
20190804130,1307,3,2,1
20190804131,1317,2,5,3
20190804132,1327,4,0,4
20190804133,1337,4,4,0
20190804134,1347,7,4,3
20190804135,1357,4,7,3
20190804136,1367,7,1,6
20190804137,1377,8,5,3
20190804138,1387,5,6,1
20190804139,1397,9,6,3
20190804140,1407,0,8,8
20190804141,1417,7,0,7
20190804142,1427,2,8,6
20190804143,1437,6,5,1
20190804144,1447,5,4,1
20190804145,1457,8,2,6
20190804146,1467,2,6,4
20190804147,1477,7,1,6
20190804148,1487,8,1,7
20190804149,1497,7,9,2
20190804150,1507,8,7,1
20190804151,1517,4,3,1
20190804152,1527,0,4,4
20190804153,1537,8,6,2
20190804154,1547,9,3,6
20190804155,1557,5,7,2
20190804156,1567,4,3,1
20190804157,1577,3,0,3
20190804158,1587,3,6,3
20190804159,1597,5,6,1
20190804160,1607,5,8,3
20190804161,1617,9,7,2
20190804162,1627,0,7,7
20190804163,1637,1,2,1
20190804164,1647,7,7,0
20190804165,1657,0,6,6
20190804166,1667,0,1,1
20190804167,1677,7,9,2
20190804168,1687,5,3,2
20190804169,1697,7,8,1
20190804170,1707,6,0,6
20190804171,1717,3,3,0
20190804172,1727,8,1,7
20190804173,1737,1,2,1
20190804174,1747,5,0,5
20190804175,1757,7,3,4
20190804176,1767,8,1,7
20190804177,1777,7,2,5
20190804178,1787,1,7,6
20190804179,1797,3,4,1
20190804180,1807,4,9,5
20190804181,1817,0,5,5
20190804182,1827,4,7,3
20190804183,1837,9,8,1
20190804184,1847,0,8,8
20190804185,1857,5,7,2
20190804186,1867,7,6,1
20190804187,1877,6,6,0
20190804188,1887,5,9,4
20190804189,1897,1,1,0
20190804190,1907,3,0,3
20190804191,1917,6,0,6
20190804192,1927,0,0,0
20190804193,1937,6,8,2
20190804194,1947,6,3,3
20190804195,1957,3,4,1
20190804196,1967,9,9,0
20190804197,1977,3,2,1
20190804198,1987,3,6,3
20190804199,1997,7,2,5
20190804200,2007,5,2,3
20190804201,2017,0,7,7
20190804202,2027,9,1,8
20190804203,2037,1,0,1
20190804204,2047,5,6,1
20190804205,2057,3,3,0
20190804206,2067,8,4,4
20190804207,2077,3,0,3
20190804208,2087,6,7,1
20190804209,2097,4,4,0
20190804210,2107,0,8,8
20190804211,2117,2,6,4
20190804212,2127,8,0,8
20190804213,2137,7,6,1
20190804214,2147,7,5,2
20190804215,2157,3,8,5
20190804216,2167,6,7,1
20190804217,2177,4,7,3
20190804218,2187,3,7,4
20190804219,2197,6,7,1
20190804220,2207,9,1,8
20190804221,2217,6,6,0
20190804222,2227,8,0,8
20190804223,2237,9,5,4
20190804224,2247,1,5,4
20190804225,2257,7,6,1
20190804226,2267,0,9,9
20190804227,2277,7,2,5
20190804228,2287,3,4,1
20190804229,2297,6,4,2
20190804230,2307,2,8,6
20190804231,2317,9,2,7
20190804232,2327,2,8,6
20190804233,2337,5,9,4
20190804234,2347,0,5,5
20190804235,2357,9,2,7
20190804236,2367,6,3,3
20190804237,2377,5,2,3
20190804238,2387,3,0,3
20190804239,2397,4,1,3
20190804240,2407,0,1,1
20190804241,2417,3,9,6
20190804242,2427,9,2,7
20190804243,2437,2,7,5
20190804244,2447,6,2,4
20190804245,2457,6,2,4
20190804246,2467,0,0,0
20190804247,2477,6,6,0
20190804248,2487,9,8,1
20190804249,2497,0,0,0
20190804250,2507,7,3,4
20190804251,2517,9,3,6
20190804252,2527,6,1,5
20190804253,2537,1,4,3
20190804254,2547,5,8,3
20190804255,2557,7,5,2
20190804256,2567,2,7,5
20190804257,2577,0,2,2
20190804258,2587,6,6,0
20190804259,2597,3,2,1
20190804260,2607,7,8,1
20190804261,2617,4,4,0
20190804262,2627,2,4,2
20190804263,2637,5,4,1
20190804264,2647,6,1,5
20190804265,2657,4,1,3
20190804266,2667,3,0,3
20190804267,2677,0,2,2
20190804268,2687,4,9,5
20190804269,2697,8,0,8
20190804270,2707,7,6,1
20190804271,2717,5,3,2
20190804272,2727,9,0,9
20190804273,2737,4,6,2
20190804274,2747,7,7,0
20190804275,2757,4,0,4
20190804276,2767,2,4,2
20190804277,2777,2,2,0
20190804278,2787,4,7,3
20190804279,2797,1,7,6
20190804280,2807,4,5,1
20190804281,2817,4,9,5
20190804282,2827,5,8,3
20190804283,2837,4,2,2
20190804284,2847,5,1,4
20190804285,2857,9,5,4
20190804286,2867,3,8,5
20190804287,2877,8,0,8
20190804288,2887,5,3,2
20190805001,11,0,1,1
20190805002,21,0,2,2
20190805003,31,1,2,1
20190805004,41,9,9,0
20190805005,51,4,9,5
20190805006,61,3,6,3
20190805007,71,2,7,5
20190805008,81,2,7,5
20190805009,91,2,7,5
20190805010,101,4,1,3
20190805011,111,5,9,4
20190805012,121,8,3,5
20190805013,131,6,2,4
20190805014,141,5,2,3
20190805015,151,4,8,4
20190805016,161,6,8,2
20190805017,171,3,3,0
20190805018,181,1,9,8
20190805019,191,3,0,3
20190805020,201,1,9,8
20190805021,211,0,0,0
20190805022,221,9,1,8
20190805023,231,2,2,0
20190805024,241,4,1,3
20190805025,251,9,1,8
20190805026,261,4,2,2
20190805027,271,3,2,1
20190805028,281,8,5,3
20190805029,291,2,9,7
20190805030,301,1,1,0
20190805031,311,7,5,2
20190805032,321,8,1,7
20190805033,331,9,3,6
20190805034,341,1,1,0
20190805035,351,1,5,4
20190805036,361,5,4,1
20190805037,371,9,1,8
20190805038,381,4,5,1
20190805039,391,2,3,1
20190805040,401,4,5,1
20190805041,411,8,8,0
20190805042,421,2,8,6
20190805043,431,5,4,1
20190805044,441,5,4,1
20190805045,451,5,6,1
20190805046,461,2,7,5
20190805047,471,0,8,8
20190805048,481,6,5,1
20190805049,491,6,7,1
20190805050,501,6,2,4
20190805051,511,4,6,2
20190805052,521,8,5,3
20190805053,531,1,1,0
20190805054,541,1,5,4
20190805055,551,7,8,1
20190805056,561,7,7,0
20190805057,571,2,2,0
20190805058,581,3,0,3
20190805059,591,1,2,1
20190805060,601,9,9,0
20190805061,611,2,7,5
20190805062,621,0,5,5
20190805063,631,4,4,0
20190805064,641,3,6,3
20190805065,651,6,0,6
20190805066,661,4,1,3
20190805067,671,1,8,7
20190805068,681,9,2,7
20190805069,691,7,8,1
20190805070,701,8,0,8
20190805071,711,1,7,6
20190805072,721,0,9,9
20190805073,731,5,5,0
20190805074,741,8,6,2
20190805075,751,0,1,1
20190805076,761,8,7,1
20190805077,771,3,0,3
20190805078,781,8,5,3
20190805079,791,6,4,2
20190805080,801,6,8,2
20190805081,811,3,8,5
20190805082,821,3,6,3
20190805083,831,9,2,7
20190805084,841,8,1,7
20190805085,851,4,8,4
20190805086,861,9,6,3
20190805087,871,8,7,1
20190805088,881,9,4,5
20190805089,891,3,9,6
20190805090,901,1,4,3
20190805091,911,3,0,3
20190805092,921,6,5,1
20190805093,931,0,7,7
20190805094,941,0,4,4
20190805095,951,1,9,8
20190805096,961,0,6,6
20190805097,971,7,0,7
20190805098,981,3,1,2
20190805099,991,2,4,2
20190805100,1001,1,6,5
20190805101,1011,9,4,5
20190805102,1021,4,8,4
20190805103,1031,9,5,4
20190805104,1041,6,5,1
20190805105,1051,7,2,5
20190805106,1061,8,0,8
20190805107,1071,5,7,2
20190805108,1081,8,9,1
20190805109,1091,7,8,1
20190805110,1101,6,3,3
20190805111,1111,1,2,1
20190805112,1121,1,7,6
20190805113,1131,1,8,7
20190805114,1141,8,7,1
20190805115,1151,1,6,5
20190805116,1161,1,3,2
20190805117,1171,7,0,7
20190805118,1181,7,1,6
20190805119,1191,8,2,6
20190805120,1201,3,6,3
20190805121,1211,6,2,4
20190805122,1221,4,1,3
20190805123,1231,6,1,5
20190805124,1241,0,3,3
20190805125,1251,6,2,4
20190805126,1261,8,9,1
20190805127,1271,8,2,6
20190805128,1281,0,9,9
20190805129,1291,4,6,2
20190805130,1301,5,1,4
20190805131,1311,5,8,3
20190805132,1321,8,5,3
20190805133,1331,5,8,3
20190805134,1341,7,1,6
20190805135,1351,5,2,3
20190805136,1361,8,1,7
20190805137,1371,4,8,4
20190805138,1381,4,0,4
20190805139,1391,2,2,0
20190805140,1401,8,6,2
20190805141,1411,5,1,4
20190805142,1421,5,2,3
20190805143,1431,9,6,3
20190805144,1441,2,7,5
20190805145,1451,3,4,1
20190805146,1461,0,6,6
20190805147,1471,7,5,2
20190805148,1481,2,5,3
20190805149,1491,4,7,3
20190805150,1501,0,6,6
20190805151,1511,1,3,2
20190805152,1521,2,8,6
20190805153,1531,5,4,1
20190805154,1541,8,3,5
20190805155,1551,3,4,1
20190805156,1561,8,4,4
20190805157,1571,1,2,1
20190805158,1581,4,3,1
20190805159,1591,7,7,0
20190805160,1601,6,6,0
20190805161,1611,0,5,5
20190805162,1621,3,2,1
20190805163,1631,4,5,1
20190805164,1641,4,9,5
20190805165,1651,9,9,0
20190805166,1661,3,0,3
20190805167,1671,8,0,8
20190805168,1681,1,5,4
20190805169,1691,1,6,5
20190805170,1701,2,2,0
20190805171,1711,2,1,1
20190805172,1721,0,2,2
20190805173,1731,6,6,0
20190805174,1741,1,5,4
20190805175,1751,7,2,5
20190805176,1761,8,8,0
20190805177,1771,3,2,1
20190805178,1781,4,2,2
20190805179,1791,1,7,6
20190805180,1801,2,2,0
20190805181,1811,9,8,1
20190805182,1821,2,2,0
20190805183,1831,4,4,0
20190805184,1841,3,7,4
20190805185,1851,8,1,7
20190805186,1861,9,5,4
20190805187,1871,5,5,0
20190805188,1881,6,2,4
20190805189,1891,5,9,4
20190805190,1901,6,4,2
20190805191,1911,8,8,0
20190805192,1921,2,8,6
20190805193,1931,3,0,3
20190805194,1941,4,9,5
20190805195,1951,9,6,3
20190805196,1961,3,6,3
20190805197,1971,2,9,7
20190805198,1981,1,9,8
20190805199,1991,6,3,3
20190805200,2001,6,9,3
20190805201,2011,4,2,2
20190805202,2021,0,1,1
20190805203,2031,0,1,1
20190805204,2041,2,9,7
20190805205,2051,6,5,1
20190805206,2061,4,9,5
20190805207,2071,0,3,3
20190805208,2081,9,3,6
20190805209,2091,5,7,2
20190805210,2101,4,6,2
20190805211,2111,1,9,8
20190805212,2121,0,3,3
20190805213,2131,3,9,6
20190805214,2141,9,4,5
20190805215,2151,0,4,4
20190805216,2161,2,9,7
20190805217,2171,0,8,8
20190805218,2181,5,3,2
20190805219,2191,1,5,4
20190805220,2201,3,2,1
20190805221,2211,8,6,2
20190805222,2221,6,1,5
20190805223,2231,9,3,6
20190805224,2241,5,6,1
20190805225,2251,4,7,3
20190805226,2261,8,3,5
20190805227,2271,0,7,7
20190805228,2281,9,0,9
20190805229,2291,9,6,3
20190805230,2301,2,3,1
20190805231,2311,2,7,5
20190805232,2321,5,4,1
20190805233,2331,6,2,4
20190805234,2341,6,2,4
20190805235,2351,3,9,6
20190805236,2361,8,1,7
20190805237,2371,1,0,1
20190805238,2381,4,2,2
20190805239,2391,8,7,1
20190805240,2401,8,7,1
20190805241,2411,7,9,2
20190805242,2421,4,6,2
20190805243,2431,1,4,3
20190805244,2441,0,8,8
20190805245,2451,1,2,1
20190805246,2461,3,7,4
20190805247,2471,5,6,1
20190805248,2481,1,5,4
20190805249,2491,5,6,1
20190805250,2501,9,8,1
20190805251,2511,9,0,9
20190805252,2521,2,0,2
20190805253,2531,8,2,6
20190805254,2541,9,0,9
20190805255,2551,0,6,6
20190805256,2561,3,1,2
20190805257,2571,3,6,3
20190805258,2581,5,3,2
20190805259,2591,7,2,5
20190805260,2601,0,4,4
20190805261,2611,3,5,2
20190805262,2621,9,2,7
20190805263,2631,5,6,1
20190805264,2641,4,0,4
20190805265,2651,0,5,5
20190805266,2661,3,4,1
20190805267,2671,8,7,1
20190805268,2681,1,9,8
20190805269,2691,1,9,8
20190805270,2701,8,4,4
20190805271,2711,9,1,8
20190805272,2721,7,3,4
20190805273,2731,9,9,0
20190805274,2741,8,0,8
20190805275,2751,2,4,2
20190805276,2761,4,9,5
20190805277,2771,4,5,1
20190805278,2781,9,8,1
20190805279,2791,6,4,2
20190805280,2801,2,1,1
20190805281,2811,0,8,8
20190805282,2821,7,7,0
20190805283,2831,2,7,5
20190805284,2841,5,3,2
20190805285,2851,2,3,1
20190805286,2861,9,1,8
20190805287,2871,3,8,5
20190805288,2881,8,5,3
20190806001,12,9,2,7
20190806002,22,5,6,1
20190806003,32,5,8,3
20190806004,42,6,8,2
20190806005,52,7,9,2
20190806006,62,7,3,4
20190806007,72,0,0,0
20190806008,82,7,4,3
20190806009,92,9,4,5
20190806010,102,5,0,5
20190806011,112,8,1,7
20190806012,122,3,7,4
20190806013,132,2,7,5
20190806014,142,3,6,3
20190806015,152,4,6,2
20190806016,162,0,4,4
20190806017,172,4,6,2
20190806018,182,0,9,9
20190806019,192,2,7,5
20190806020,202,8,0,8
20190806021,212,7,0,7
20190806022,222,0,1,1
20190806023,232,2,3,1
20190806024,242,1,0,1
20190806025,252,1,2,1
20190806026,262,2,6,4
20190806027,272,1,0,1
20190806028,282,7,6,1
20190806029,292,6,5,1
20190806030,302,5,9,4
20190806031,312,2,7,5
20190806032,322,6,1,5
20190806033,332,4,4,0
20190806034,342,9,2,7
20190806035,352,6,7,1
20190806036,362,5,5,0
20190806037,372,0,5,5
20190806038,382,2,2,0
20190806039,392,2,4,2
20190806040,402,2,6,4
20190806041,412,6,4,2
20190806042,422,5,3,2
20190806043,432,5,6,1
20190806044,442,9,2,7
20190806045,452,0,3,3
20190806046,462,7,0,7
20190806047,472,9,5,4
20190806048,482,8,4,4
20190806049,492,7,8,1
20190806050,502,1,8,7
20190806051,512,5,3,2
20190806052,522,0,1,1
20190806053,532,5,6,1
20190806054,542,2,9,7
20190806055,552,3,2,1
20190806056,562,3,9,6
20190806057,572,0,2,2
20190806058,582,7,6,1
20190806059,592,1,5,4
20190806060,602,4,2,2
20190806061,612,8,8,0
20190806062,622,5,8,3
20190806063,632,3,7,4
20190806064,642,0,3,3
20190806065,652,3,3,0
20190806066,662,5,9,4
20190806067,672,3,0,3
20190806068,682,5,2,3
20190806069,692,5,7,2
20190806070,702,0,7,7
20190806071,712,6,3,3
20190806072,722,2,1,1
20190806073,732,3,1,2
20190806074,742,3,3,0
20190806075,752,8,1,7
20190806076,762,9,5,4
20190806077,772,1,2,1
20190806078,782,3,4,1
20190806079,792,5,5,0
20190806080,802,5,4,1
20190806081,812,2,1,1
20190806082,822,6,2,4
20190806083,832,4,2,2
20190806084,842,7,9,2
20190806085,852,5,6,1
20190806086,862,1,2,1
20190806087,872,4,5,1
20190806088,882,2,0,2
20190806089,892,9,1,8
20190806090,902,3,7,4
20190806091,912,8,6,2
20190806092,922,8,4,4
20190806093,932,2,6,4
20190806094,942,3,7,4
20190806095,952,8,1,7
20190806096,962,9,1,8
20190806097,972,4,1,3
20190806098,982,1,3,2
20190806099,992,5,5,0
20190806100,1002,4,8,4
20190806101,1012,5,4,1
20190806102,1022,0,8,8
20190806103,1032,3,3,0
20190806104,1042,8,5,3
20190806105,1052,8,8,0
20190806106,1062,1,5,4
20190806107,1072,2,3,1
20190806108,1082,7,2,5
20190806109,1092,5,2,3
20190806110,1102,9,4,5
20190806111,1112,1,3,2
20190806112,1122,9,2,7
20190806113,1132,5,8,3
20190806114,1142,6,0,6
20190806115,1152,5,6,1
20190806116,1162,4,2,2
20190806117,1172,0,2,2
20190806118,1182,3,4,1
20190806119,1192,0,8,8
20190806120,1202,2,3,1
20190806121,1212,8,0,8
20190806122,1222,0,0,0
20190806123,1232,1,2,1
20190806124,1242,2,2,0
20190806125,1252,9,2,7
20190806126,1262,8,3,5
20190806127,1272,8,6,2
20190806128,1282,0,8,8
20190806129,1292,2,8,6
20190806130,1302,0,0,0
20190806131,1312,4,9,5
20190806132,1322,4,2,2
20190806133,1332,0,8,8
20190806134,1342,9,5,4
20190806135,1352,0,9,9
20190806136,1362,8,8,0
20190806137,1372,4,8,4
20190806138,1382,0,5,5
20190806139,1392,8,8,0
20190806140,1402,2,1,1
20190806141,1412,8,8,0
20190806142,1422,8,7,1
20190806143,1432,2,5,3
20190806144,1442,2,8,6
20190806145,1452,5,0,5
20190806146,1462,1,4,3
20190806147,1472,1,9,8
20190806148,1482,0,0,0
20190806149,1492,2,7,5
20190806150,1502,1,6,5
20190806151,1512,9,9,0
20190806152,1522,9,9,0
20190806153,1532,4,1,3
20190806154,1542,2,3,1
20190806155,1552,5,9,4
20190806156,1562,8,3,5
20190806157,1572,0,6,6
20190806158,1582,2,1,1
20190806159,1592,9,2,7
20190806160,1602,3,0,3
20190806161,1612,1,1,0
20190806162,1622,4,7,3
20190806163,1632,3,9,6
20190806164,1642,6,4,2
20190806165,1652,6,0,6
20190806166,1662,1,4,3
20190806167,1672,9,9,0
20190806168,1682,1,5,4
20190806169,1692,8,3,5
20190806170,1702,7,7,0
20190806171,1712,1,3,2
20190806172,1722,9,4,5
20190806173,1732,9,9,0
20190806174,1742,2,2,0
20190806175,1752,1,2,1
20190806176,1762,5,9,4
20190806177,1772,0,5,5
20190806178,1782,2,6,4
20190806179,1792,7,9,2
20190806180,1802,0,8,8
20190806181,1812,7,2,5
20190806182,1822,6,9,3
20190806183,1832,5,4,1
20190806184,1842,0,4,4
20190806185,1852,2,9,7
20190806186,1862,6,6,0
20190806187,1872,9,6,3
20190806188,1882,9,6,3
20190806189,1892,2,7,5
20190806190,1902,8,2,6
20190806191,1912,4,3,1
20190806192,1922,6,0,6
20190806193,1932,8,6,2
20190806194,1942,0,1,1
20190806195,1952,2,7,5
20190806196,1962,6,5,1
20190806197,1972,5,6,1
20190806198,1982,0,6,6
20190806199,1992,1,0,1
20190806200,2002,9,5,4
20190806201,2012,8,9,1
20190806202,2022,3,2,1
20190806203,2032,3,7,4
20190806204,2042,7,9,2
20190806205,2052,7,6,1
20190806206,2062,7,4,3
20190806207,2072,8,0,8
20190806208,2082,1,1,0
20190806209,2092,6,1,5
20190806210,2102,1,6,5
20190806211,2112,7,3,4
20190806212,2122,4,6,2
20190806213,2132,9,7,2
20190806214,2142,1,7,6
20190806215,2152,9,7,2
20190806216,2162,8,9,1
20190806217,2172,4,6,2
20190806218,2182,5,0,5
20190806219,2192,2,1,1
20190806220,2202,6,7,1
20190806221,2212,5,9,4
20190806222,2222,6,6,0
20190806223,2232,7,9,2
20190806224,2242,1,3,2
20190806225,2252,4,8,4
20190806226,2262,9,1,8
20190806227,2272,8,1,7
20190806228,2282,6,9,3
20190806229,2292,0,8,8
20190806230,2302,9,1,8
20190806231,2312,5,6,1
20190806232,2322,2,9,7
20190806233,2332,9,5,4
20190806234,2342,4,5,1
20190806235,2352,1,4,3
20190806236,2362,0,0,0
20190806237,2372,9,8,1
20190806238,2382,9,4,5
20190806239,2392,1,1,0
20190806240,2402,8,3,5
20190806241,2412,0,2,2
20190806242,2422,2,1,1
20190806243,2432,0,9,9
20190806244,2442,1,8,7
20190806245,2452,5,8,3
20190806246,2462,7,3,4
20190806247,2472,8,1,7
20190806248,2482,9,3,6
20190806249,2492,8,7,1
20190806250,2502,1,6,5
20190806251,2512,9,3,6
20190806252,2522,4,6,2
20190806253,2532,5,0,5
20190806254,2542,1,0,1
20190806255,2552,1,5,4
20190806256,2562,9,6,3
20190806257,2572,8,5,3
20190806258,2582,7,1,6
20190806259,2592,1,4,3
20190806260,2602,5,0,5
20190806261,2612,2,9,7
20190806262,2622,4,6,2
20190806263,2632,0,1,1
20190806264,2642,1,9,8
20190806265,2652,8,7,1
20190806266,2662,3,8,5
20190806267,2672,8,9,1
20190806268,2682,8,6,2
20190806269,2692,5,1,4
20190806270,2702,7,5,2
20190806271,2712,2,0,2
20190806272,2722,3,6,3
20190806273,2732,8,1,7
20190806274,2742,2,8,6
20190806275,2752,1,2,1
20190806276,2762,2,6,4
20190806277,2772,8,3,5
20190806278,2782,2,8,6
20190806279,2792,2,1,1
20190806280,2802,5,7,2
20190806281,2812,1,7,6
20190806282,2822,5,0,5
20190806283,2832,7,1,6
20190806284,2842,2,9,7
20190806285,2852,6,8,2
20190806286,2862,8,7,1
20190806287,2872,7,8,1
20190806288,2882,0,4,4
20190807001,13,2,3,1
20190807002,23,5,9,4
20190807003,33,1,3,2
20190807004,43,0,8,8
20190807005,53,0,7,7
20190807006,63,3,7,4
20190807007,73,5,1,4
20190807008,83,2,8,6
20190807009,93,7,1,6
20190807010,103,0,5,5
20190807011,113,1,1,0
20190807012,123,5,4,1
20190807013,133,5,7,2
20190807014,143,5,1,4
20190807015,153,7,2,5
20190807016,163,8,6,2
20190807017,173,7,1,6
20190807018,183,5,2,3
20190807019,193,3,9,6
20190807020,203,0,5,5
20190807021,213,9,6,3
20190807022,223,9,0,9
20190807023,233,3,5,2
20190807024,243,7,5,2
20190807025,253,4,5,1
20190807026,263,5,7,2
20190807027,273,0,0,0
20190807028,283,1,3,2
20190807029,293,6,3,3
20190807030,303,2,6,4
20190807031,313,1,2,1
20190807032,323,5,6,1
20190807033,333,3,0,3
20190807034,343,7,4,3
20190807035,353,0,2,2
20190807036,363,0,9,9
20190807037,373,7,1,6
20190807038,383,5,8,3
20190807039,393,8,5,3
20190807040,403,1,1,0
20190807041,413,4,4,0
20190807042,423,3,0,3
20190807043,433,6,9,3
20190807044,443,0,2,2
20190807045,453,4,4,0
20190807046,463,8,6,2
20190807047,473,3,6,3
20190807048,483,9,0,9
20190807049,493,7,3,4
20190807050,503,2,2,0
20190807051,513,0,1,1
20190807052,523,9,9,0
20190807053,533,3,9,6
20190807054,543,4,1,3
20190807055,553,1,4,3
20190807056,563,1,6,5
20190807057,573,6,2,4
20190807058,583,7,4,3
20190807059,593,2,1,1
20190807060,603,4,4,0
20190807061,613,4,8,4
20190807062,623,0,0,0
20190807063,633,1,2,1
20190807064,643,4,0,4
20190807065,653,9,8,1
20190807066,663,3,3,0
20190807067,673,0,9,9
20190807068,683,0,4,4
20190807069,693,9,1,8
20190807070,703,3,7,4
20190807071,713,7,3,4
20190807072,723,6,5,1
20190807073,733,0,8,8
20190807074,743,6,8,2
20190807075,753,9,3,6
20190807076,763,1,8,7
20190807077,773,6,3,3
20190807078,783,7,5,2
20190807079,793,5,6,1
20190807080,803,8,5,3
20190807081,813,5,6,1
20190807082,823,3,7,4
20190807083,833,9,1,8
20190807084,843,7,3,4
20190807085,853,2,3,1
20190807086,863,7,7,0
20190807087,873,9,7,2
20190807088,883,6,3,3
20190807089,893,8,6,2
20190807090,903,2,7,5
20190807091,913,2,5,3
20190807092,923,7,6,1
20190807093,933,3,0,3
20190807094,943,2,9,7
20190807095,953,3,3,0
20190807096,963,9,8,1
20190807097,973,6,9,3
20190807098,983,9,1,8
20190807099,993,1,6,5
20190807100,1003,4,8,4
20190807101,1013,6,6,0
20190807102,1023,1,8,7
20190807103,1033,7,9,2
20190807104,1043,1,8,7
20190807105,1053,7,8,1
20190807106,1063,6,1,5
20190807107,1073,8,8,0
20190807108,1083,0,8,8
20190807109,1093,9,5,4
20190807110,1103,8,3,5
20190807111,1113,8,7,1
20190807112,1123,1,4,3
20190807113,1133,4,9,5
20190807114,1143,5,1,4
20190807115,1153,8,2,6
20190807116,1163,0,5,5
20190807117,1173,5,1,4
20190807118,1183,5,5,0
20190807119,1193,7,1,6
20190807120,1203,4,6,2
20190807121,1213,8,7,1
20190807122,1223,8,9,1
20190807123,1233,7,9,2
20190807124,1243,4,7,3
20190807125,1253,5,2,3
20190807126,1263,2,2,0
20190807127,1273,3,4,1
20190807128,1283,5,8,3
20190807129,1293,0,5,5
20190807130,1303,2,3,1
20190807131,1313,5,5,0
20190807132,1323,7,4,3
20190807133,1333,2,9,7
20190807134,1343,4,1,3
20190807135,1353,0,9,9
20190807136,1363,1,4,3
20190807137,1373,2,0,2
20190807138,1383,7,0,7
20190807139,1393,4,9,5
20190807140,1403,7,2,5
20190807141,1413,2,5,3
20190807142,1423,9,2,7
20190807143,1433,0,1,1
20190807144,1443,1,2,1
20190807145,1453,5,2,3
20190807146,1463,9,8,1
20190807147,1473,5,5,0
20190807148,1483,5,8,3
20190807149,1493,6,2,4
20190807150,1503,1,2,1
20190807151,1513,6,6,0
20190807152,1523,8,5,3
20190807153,1533,0,0,0
20190807154,1543,6,0,6
20190807155,1553,9,4,5
20190807156,1563,9,5,4
20190807157,1573,0,7,7
20190807158,1583,3,2,1
20190807159,1593,8,6,2
20190807160,1603,2,7,5
20190807161,1613,3,0,3
20190807162,1623,8,6,2
20190807163,1633,4,7,3
20190807164,1643,8,5,3
20190807165,1653,3,1,2
20190807166,1663,3,5,2
20190807167,1673,4,0,4
20190807168,1683,5,6,1
20190807169,1693,7,9,2
20190807170,1703,9,1,8
20190807171,1713,6,5,1
20190807172,1723,4,8,4
20190807173,1733,1,3,2
20190807174,1743,3,4,1
20190807175,1753,8,7,1
20190807176,1763,3,9,6
20190807177,1773,5,3,2
20190807178,1783,5,1,4
20190807179,1793,8,3,5
20190807180,1803,5,0,5
20190807181,1813,6,5,1
20190807182,1823,4,5,1
20190807183,1833,2,3,1
20190807184,1843,6,7,1
20190807185,1853,1,3,2
20190807186,1863,4,1,3
20190807187,1873,7,8,1
20190807188,1883,8,3,5
20190807189,1893,4,2,2
20190807190,1903,4,5,1
20190807191,1913,7,4,3
20190807192,1923,4,9,5
20190807193,1933,2,3,1
20190807194,1943,2,3,1
20190807195,1953,4,6,2
20190807196,1963,2,3,1
20190807197,1973,7,0,7
20190807198,1983,6,3,3
20190807199,1993,9,8,1
20190807200,2003,1,7,6
20190807201,2013,6,0,6
20190807202,2023,7,9,2
20190807203,2033,1,9,8
20190807204,2043,1,5,4
20190807205,2053,6,3,3
20190807206,2063,3,3,0
20190807207,2073,1,1,0
20190807208,2083,2,1,1
20190807209,2093,5,0,5
20190807210,2103,8,8,0
20190807211,2113,2,2,0
20190807212,2123,4,9,5
20190807213,2133,3,5,2
20190807214,2143,7,0,7
20190807215,2153,0,8,8
20190807216,2163,3,4,1
20190807217,2173,6,0,6
20190807218,2183,4,0,4
20190807219,2193,4,7,3
20190807220,2203,3,6,3
20190807221,2213,8,7,1
20190807222,2223,1,0,1
20190807223,2233,3,9,6
20190807224,2243,3,0,3
20190807225,2253,8,7,1
20190807226,2263,0,7,7
20190807227,2273,8,9,1
20190807228,2283,4,8,4
20190807229,2293,7,6,1
20190807230,2303,2,4,2
20190807231,2313,2,2,0
20190807232,2323,7,1,6
20190807233,2333,4,2,2
20190807234,2343,1,8,7
20190807235,2353,5,8,3
20190807236,2363,1,3,2
20190807237,2373,0,7,7
20190807238,2383,9,0,9
20190807239,2393,8,1,7
20190807240,2403,7,2,5
20190807241,2413,1,7,6
20190807242,2423,5,0,5
20190807243,2433,0,1,1
20190807244,2443,2,7,5
20190807245,2453,7,7,0
20190807246,2463,1,4,3
20190807247,2473,2,8,6
20190807248,2483,1,9,8
20190807249,2493,9,3,6
20190807250,2503,7,4,3
20190807251,2513,4,1,3
20190807252,2523,2,6,4
20190807253,2533,8,7,1
20190807254,2543,0,7,7
20190807255,2553,4,4,0
20190807256,2563,7,8,1
20190807257,2573,4,6,2
20190807258,2583,7,0,7
20190807259,2593,2,0,2
20190807260,2603,6,0,6
20190807261,2613,6,3,3
20190807262,2623,2,8,6
20190807263,2633,3,5,2
20190807264,2643,7,7,0
20190807265,2653,8,1,7
20190807266,2663,5,1,4
20190807267,2673,7,9,2
20190807268,2683,2,6,4
20190807269,2693,3,5,2
20190807270,2703,7,0,7
20190807271,2713,7,4,3
20190807272,2723,7,2,5
20190807273,2733,4,5,1
20190807274,2743,6,3,3
20190807275,2753,1,7,6
20190807276,2763,5,4,1
20190807277,2773,1,8,7
20190807278,2783,9,8,1
20190807279,2793,1,3,2
20190807280,2803,6,6,0
20190807281,2813,3,8,5
20190807282,2823,4,7,3
20190807283,2833,7,3,4
20190807284,2843,1,9,8
20190807285,2853,3,4,1
20190807286,2863,1,6,5
20190807287,2873,4,9,5
20190807288,2883,6,3,3
20190808001,14,4,6,2
20190808002,24,7,5,2
20190808003,34,9,3,6
20190808004,44,1,2,1
20190808005,54,7,3,4
20190808006,64,7,6,1
20190808007,74,5,6,1
20190808008,84,3,5,2
20190808009,94,8,2,6
20190808010,104,1,8,7
20190808011,114,2,1,1
20190808012,124,2,2,0
20190808013,134,6,5,1
20190808014,144,0,8,8
20190808015,154,0,8,8
20190808016,164,7,5,2
20190808017,174,2,2,0
20190808018,184,8,1,7
20190808019,194,2,0,2
20190808020,204,0,6,6
20190808021,214,7,6,1
20190808022,224,1,7,6
20190808023,234,0,2,2
20190808024,244,3,1,2
20190808025,254,3,9,6
20190808026,264,1,5,4
20190808027,274,7,9,2
20190808028,284,4,9,5
20190808029,294,5,6,1
20190808030,304,9,5,4
20190808031,314,7,8,1
20190808032,324,0,5,5
20190808033,334,8,9,1
20190808034,344,6,9,3
20190808035,354,8,2,6
20190808036,364,8,6,2
20190808037,374,0,3,3
20190808038,384,7,0,7
20190808039,394,1,5,4
20190808040,404,3,4,1
20190808041,414,2,9,7
20190808042,424,6,1,5
20190808043,434,6,2,4
20190808044,444,3,9,6
20190808045,454,7,1,6
20190808046,464,1,6,5
20190808047,474,9,8,1
20190808048,484,5,5,0
20190808049,494,1,4,3
20190808050,504,6,7,1
20190808051,514,5,9,4
20190808052,524,0,2,2
20190808053,534,0,4,4
20190808054,544,8,6,2
20190808055,554,1,1,0
20190808056,564,9,8,1
20190808057,574,7,9,2
20190808058,584,3,5,2
20190808059,594,0,5,5
20190808060,604,3,6,3
20190808061,614,4,4,0
20190808062,624,7,1,6
20190808063,634,2,2,0
20190808064,644,3,4,1
20190808065,654,2,6,4
20190808066,664,3,1,2
20190808067,674,0,9,9
20190808068,684,4,3,1
20190808069,694,3,2,1
20190808070,704,6,4,2
20190808071,714,2,3,1
20190808072,724,4,6,2
20190808073,734,8,7,1
20190808074,744,1,6,5
20190808075,754,3,1,2
20190808076,764,5,3,2
20190808077,774,5,1,4
20190808078,784,9,4,5
20190808079,794,0,3,3
20190808080,804,1,2,1
20190808081,814,3,5,2
20190808082,824,2,4,2
20190808083,834,4,1,3
20190808084,844,6,1,5
20190808085,854,7,3,4
20190808086,864,5,2,3
20190808087,874,2,5,3
20190808088,884,9,3,6
20190808089,894,9,5,4
20190808090,904,7,8,1
20190808091,914,7,6,1
20190808092,924,4,4,0
20190808093,934,9,9,0
20190808094,944,9,6,3
20190808095,954,3,5,2
20190808096,964,0,9,9
20190808097,974,5,5,0
20190808098,984,0,6,6
20190808099,994,0,3,3
20190808100,1004,6,0,6
20190808101,1014,7,8,1
20190808102,1024,3,1,2
20190808103,1034,3,3,0
20190808104,1044,6,4,2
20190808105,1054,7,4,3
20190808106,1064,9,7,2
20190808107,1074,7,4,3
20190808108,1084,5,4,1
20190808109,1094,2,2,0
20190808110,1104,3,9,6
20190808111,1114,9,4,5
20190808112,1124,7,5,2
20190808113,1134,2,3,1
20190808114,1144,4,6,2
20190808115,1154,2,6,4
20190808116,1164,8,9,1
20190808117,1174,3,0,3
20190808118,1184,2,8,6
20190808119,1194,4,9,5
20190808120,1204,0,4,4
20190808121,1214,6,8,2
20190808122,1224,7,5,2
20190808123,1234,2,9,7
20190808124,1244,6,8,2
20190808125,1254,7,6,1
20190808126,1264,9,8,1
20190808127,1274,0,1,1
20190808128,1284,3,2,1
20190808129,1294,6,2,4
20190808130,1304,2,0,2
20190808131,1314,1,0,1
20190808132,1324,9,4,5
20190808133,1334,4,1,3
20190808134,1344,6,6,0
20190808135,1354,8,6,2
20190808136,1364,6,5,1
20190808137,1374,5,3,2
20190808138,1384,4,4,0
20190808139,1394,8,9,1
20190808140,1404,4,7,3
20190808141,1414,3,1,2
20190808142,1424,9,9,0
20190808143,1434,8,0,8
20190808144,1444,5,8,3
20190808145,1454,6,8,2
20190808146,1464,7,8,1
20190808147,1474,6,7,1
20190808148,1484,7,5,2
20190808149,1494,3,0,3
20190808150,1504,0,7,7
20190808151,1514,0,4,4
20190808152,1524,4,8,4
20190808153,1534,7,2,5
20190808154,1544,0,7,7
20190808155,1554,3,4,1
20190808156,1564,1,7,6
20190808157,1574,7,3,4
20190808158,1584,4,6,2
20190808159,1594,8,5,3
20190808160,1604,3,9,6
20190808161,1614,6,3,3
20190808162,1624,6,8,2
20190808163,1634,3,9,6
20190808164,1644,9,4,5
20190808165,1654,4,9,5
20190808166,1664,7,3,4
20190808167,1674,6,8,2
20190808168,1684,1,8,7
20190808169,1694,6,2,4
20190808170,1704,6,1,5
20190808171,1714,5,5,0
20190808172,1724,0,5,5
20190808173,1734,2,3,1
20190808174,1744,1,7,6
20190808175,1754,5,8,3
20190808176,1764,6,0,6
20190808177,1774,2,1,1
20190808178,1784,1,2,1
20190808179,1794,2,1,1
20190808180,1804,2,5,3
20190808181,1814,2,4,2
20190808182,1824,1,9,8
20190808183,1834,5,0,5
20190808184,1844,8,2,6
20190808185,1854,8,0,8
20190808186,1864,0,1,1
20190808187,1874,4,6,2
20190808188,1884,0,4,4
20190808189,1894,2,7,5
20190808190,1904,8,9,1
20190808191,1914,5,8,3
20190808192,1924,2,4,2
20190808193,1934,7,7,0
20190808194,1944,6,5,1
20190808195,1954,0,9,9
20190808196,1964,5,7,2
20190808197,1974,6,1,5
20190808198,1984,2,9,7
20190808199,1994,9,9,0
20190808200,2004,8,3,5
20190808201,2014,2,4,2
20190808202,2024,2,1,1
20190808203,2034,7,3,4
20190808204,2044,2,0,2
20190808205,2054,4,3,1
20190808206,2064,8,9,1
20190808207,2074,9,6,3
20190808208,2084,7,0,7
20190808209,2094,0,3,3
20190808210,2104,0,1,1
20190808211,2114,6,3,3
20190808212,2124,7,9,2
20190808213,2134,1,3,2
20190808214,2144,2,2,0
20190808215,2154,9,4,5
20190808216,2164,4,6,2
20190808217,2174,7,5,2
20190808218,2184,2,8,6
20190808219,2194,4,1,3
20190808220,2204,7,9,2
20190808221,2214,5,3,2
20190808222,2224,7,9,2
20190808223,2234,0,5,5
20190808224,2244,9,7,2
20190808225,2254,4,7,3
20190808226,2264,1,8,7
20190808227,2274,5,8,3
20190808228,2284,9,1,8
20190808229,2294,3,8,5
20190808230,2304,9,9,0
20190808231,2314,8,5,3
20190808232,2324,3,0,3
20190808233,2334,9,6,3
20190808234,2344,8,5,3
20190808235,2354,2,2,0
20190808236,2364,2,9,7
20190808237,2374,2,0,2
20190808238,2384,5,7,2
20190808239,2394,2,4,2
20190808240,2404,0,5,5
20190808241,2414,5,9,4
20190808242,2424,7,6,1
20190808243,2434,8,2,6
20190808244,2444,5,4,1
20190808245,2454,2,8,6
20190808246,2464,6,5,1
20190808247,2474,6,8,2
20190808248,2484,9,4,5
20190808249,2494,0,2,2
20190808250,2504,3,9,6
20190808251,2514,1,9,8
20190808252,2524,7,9,2
20190808253,2534,3,3,0
20190808254,2544,1,7,6
20190808255,2554,2,5,3
20190808256,2564,3,7,4
20190808257,2574,2,5,3
20190808258,2584,5,8,3
20190808259,2594,7,8,1
20190808260,2604,9,2,7
20190808261,2614,5,0,5
20190808262,2624,4,9,5
20190808263,2634,0,5,5
20190808264,2644,2,2,0
20190808265,2654,1,4,3
20190808266,2664,3,8,5
20190808267,2674,8,7,1
20190808268,2684,4,6,2
20190808269,2694,5,6,1
20190808270,2704,1,4,3
20190808271,2714,8,0,8
20190808272,2724,3,5,2
20190808273,2734,9,7,2
20190808274,2744,3,8,5
20190808275,2754,1,9,8
20190808276,2764,2,7,5
20190808277,2774,9,8,1
20190808278,2784,9,6,3
20190808279,2794,8,9,1
20190808280,2804,0,0,0
20190808281,2814,2,6,4
20190808282,2824,8,8,0
20190808283,2834,6,6,0
20190808284,2844,7,8,1
20190808285,2854,4,4,0
20190808286,2864,6,4,2
20190808287,2874,8,4,4
20190808288,2884,0,9,9
20190809001,15,9,3,6
20190809002,25,0,5,5
20190809003,35,6,0,6
20190809004,45,5,2,3
20190809005,55,0,2,2
20190809006,65,0,8,8
20190809007,75,7,2,5
20190809008,85,0,8,8
20190809009,95,1,1,0
20190809010,105,9,4,5
20190809011,115,3,9,6
20190809012,125,3,4,1
20190809013,135,7,7,0
20190809014,145,5,8,3
20190809015,155,4,3,1
20190809016,165,0,1,1
20190809017,175,0,6,6
20190809018,185,0,1,1
20190809019,195,4,5,1
20190809020,205,2,3,1
20190809021,215,6,7,1
20190809022,225,0,2,2
20190809023,235,2,6,4
20190809024,245,2,9,7
20190809025,255,2,0,2
20190809026,265,5,4,1
20190809027,275,3,4,1
20190809028,285,9,0,9
20190809029,295,3,4,1
20190809030,305,5,2,3
20190809031,315,1,4,3
20190809032,325,0,9,9
20190809033,335,3,5,2
20190809034,345,1,6,5
20190809035,355,8,1,7
20190809036,365,9,4,5
20190809037,375,1,3,2
20190809038,385,3,1,2
20190809039,395,1,8,7
20190809040,405,6,9,3
20190809041,415,3,8,5
20190809042,425,0,0,0
20190809043,435,8,3,5
20190809044,445,8,6,2
20190809045,455,5,8,3
20190809046,465,0,8,8
20190809047,475,9,8,1
20190809048,485,0,8,8
20190809049,495,0,0,0
20190809050,505,0,0,0
20190809051,515,7,2,5
20190809052,525,1,9,8
20190809053,535,9,3,6
20190809054,545,0,8,8
20190809055,555,9,6,3
20190809056,565,1,9,8
20190809057,575,5,5,0
20190809058,585,5,9,4
20190809059,595,3,4,1
20190809060,605,6,7,1
20190809061,615,0,9,9
20190809062,625,0,2,2
20190809063,635,9,6,3
20190809064,645,6,2,4
20190809065,655,7,0,7
20190809066,665,3,5,2
20190809067,675,6,3,3
20190809068,685,9,4,5
20190809069,695,5,6,1
20190809070,705,4,3,1
20190809071,715,0,1,1
20190809072,725,2,5,3
20190809073,735,9,8,1
20190809074,745,6,2,4
20190809075,755,2,8,6
20190809076,765,7,2,5
20190809077,775,2,0,2
20190809078,785,6,2,4
20190809079,795,2,5,3
20190809080,805,1,3,2
20190809081,815,0,7,7
20190809082,825,9,1,8
20190809083,835,0,1,1
20190809084,845,8,0,8
20190809085,855,7,8,1
20190809086,865,5,5,0
20190809087,875,5,4,1
20190809088,885,0,9,9
20190809089,895,8,0,8
20190809090,905,8,5,3
20190809091,915,3,0,3
20190809092,925,3,1,2
20190809093,935,9,0,9
20190809094,945,1,4,3
20190809095,955,0,3,3
20190809096,965,3,6,3
20190809097,975,7,2,5
20190809098,985,8,6,2
20190809099,995,3,6,3
20190809100,1005,8,9,1
20190809101,1015,5,7,2
20190809102,1025,2,8,6
20190809103,1035,7,3,4
20190809104,1045,4,7,3
20190809105,1055,5,6,1
20190809106,1065,7,4,3
20190809107,1075,6,8,2
20190809108,1085,6,8,2
20190809109,1095,8,2,6
20190809110,1105,6,0,6
20190809111,1115,2,1,1
20190809112,1125,1,0,1
20190809113,1135,5,4,1
20190809114,1145,0,3,3
20190809115,1155,4,0,4
20190809116,1165,6,5,1
20190809117,1175,6,6,0
20190809118,1185,9,9,0
20190809119,1195,2,3,1
20190809120,1205,4,4,0
20190809121,1215,6,6,0
20190809122,1225,9,5,4
20190809123,1235,1,4,3
20190809124,1245,5,0,5
20190809125,1255,0,4,4
20190809126,1265,0,5,5
20190809127,1275,9,3,6
20190809128,1285,4,9,5
20190809129,1295,5,2,3
20190809130,1305,7,3,4
20190809131,1315,2,0,2
20190809132,1325,2,9,7
20190809133,1335,5,9,4
20190809134,1345,2,6,4
20190809135,1355,8,2,6
20190809136,1365,6,4,2
20190809137,1375,5,3,2
20190809138,1385,0,3,3
20190809139,1395,6,3,3
20190809140,1405,8,2,6
20190809141,1415,6,4,2
20190809142,1425,9,6,3
20190809143,1435,5,9,4
20190809144,1445,1,1,0
20190809145,1455,7,9,2
20190809146,1465,3,2,1
20190809147,1475,5,1,4
20190809148,1485,3,5,2
20190809149,1495,2,1,1
20190809150,1505,5,1,4
20190809151,1515,3,3,0
20190809152,1525,0,2,2
20190809153,1535,4,1,3
20190809154,1545,2,0,2
20190809155,1555,3,0,3
20190809156,1565,9,7,2
20190809157,1575,9,0,9
20190809158,1585,9,8,1
20190809159,1595,6,5,1
20190809160,1605,7,5,2
20190809161,1615,4,1,3
20190809162,1625,7,4,3
20190809163,1635,8,8,0
20190809164,1645,6,8,2
20190809165,1655,0,6,6
20190809166,1665,0,2,2
20190809167,1675,1,3,2
20190809168,1685,5,1,4
20190809169,1695,1,8,7
20190809170,1705,4,2,2
20190809171,1715,8,0,8
20190809172,1725,8,6,2
20190809173,1735,2,5,3
20190809174,1745,9,6,3
20190809175,1755,6,2,4
20190809176,1765,0,6,6
20190809177,1775,3,4,1
20190809178,1785,2,2,0
20190809179,1795,7,2,5
20190809180,1805,9,2,7
20190809181,1815,6,6,0
20190809182,1825,6,3,3
20190809183,1835,7,1,6
20190809184,1845,2,0,2
20190809185,1855,4,7,3
20190809186,1865,2,5,3
20190809187,1875,8,9,1
20190809188,1885,2,5,3
20190809189,1895,7,6,1
20190809190,1905,8,0,8
20190809191,1915,6,3,3
20190809192,1925,6,9,3
20190809193,1935,4,0,4
20190809194,1945,4,3,1
20190809195,1955,8,5,3
20190809196,1965,1,3,2
20190809197,1975,1,6,5
20190809198,1985,3,3,0
20190809199,1995,6,8,2
20190809200,2005,9,8,1
20190809201,2015,6,9,3
20190809202,2025,8,6,2
20190809203,2035,2,2,0
20190809204,2045,0,6,6
20190809205,2055,6,4,2
20190809206,2065,3,6,3
20190809207,2075,7,9,2
20190809208,2085,9,1,8
20190809209,2095,0,6,6
20190809210,2105,8,2,6
20190809211,2115,9,9,0
20190809212,2125,1,2,1
20190809213,2135,7,9,2
20190809214,2145,5,5,0
20190809215,2155,2,9,7
20190809216,2165,3,0,3
20190809217,2175,9,1,8
20190809218,2185,3,2,1
20190809219,2195,4,6,2
20190809220,2205,9,8,1
20190809221,2215,1,2,1
20190809222,2225,5,4,1
20190809223,2235,3,8,5
20190809224,2245,6,2,4
20190809225,2255,7,8,1
20190809226,2265,5,4,1
20190809227,2275,7,2,5
20190809228,2285,1,1,0
20190809229,2295,4,4,0
20190809230,2305,6,4,2
20190809231,2315,0,1,1
20190809232,2325,5,0,5
20190809233,2335,7,5,2
20190809234,2345,2,1,1
20190809235,2355,1,3,2
20190809236,2365,4,4,0
20190809237,2375,9,3,6
20190809238,2385,9,2,7
20190809239,2395,5,0,5
20190809240,2405,2,2,0
20190809241,2415,9,7,2
20190809242,2425,6,5,1
20190809243,2435,7,2,5
20190809244,2445,8,9,1
20190809245,2455,0,2,2
20190809246,2465,4,2,2
20190809247,2475,4,6,2
20190809248,2485,8,3,5
20190809249,2495,3,1,2
20190809250,2505,2,8,6
20190809251,2515,8,1,7
20190809252,2525,4,2,2
20190809253,2535,4,8,4
20190809254,2545,9,0,9
20190809255,2555,1,7,6
20190809256,2565,1,2,1
20190809257,2575,6,5,1
20190809258,2585,3,2,1
20190809259,2595,5,9,4
20190809260,2605,8,6,2
20190809261,2615,1,4,3
20190809262,2625,3,8,5
20190809263,2635,8,1,7
20190809264,2645,4,0,4
20190809265,2655,8,3,5
20190809266,2665,6,0,6
20190809267,2675,6,0,6
20190809268,2685,2,6,4
20190809269,2695,4,3,1
20190809270,2705,4,9,5
20190809271,2715,0,1,1
20190809272,2725,2,0,2
20190809273,2735,3,1,2
20190809274,2745,2,7,5
20190809275,2755,5,2,3
20190809276,2765,6,3,3
20190809277,2775,5,8,3
20190809278,2785,8,4,4
20190809279,2795,1,3,2
20190809280,2805,4,4,0
20190809281,2815,0,1,1
20190809282,2825,9,1,8
20190809283,2835,6,4,2
20190809284,2845,0,3,3
20190809285,2855,2,0,2
20190809286,2865,6,5,1
20190809287,2875,8,6,2
20190809288,2885,0,0,0
20190810001,16,3,7,4
20190810002,26,3,0,3
20190810003,36,2,1,1
20190810004,46,0,3,3
20190810005,56,6,2,4
20190810006,66,6,6,0
20190810007,76,8,0,8
20190810008,86,9,3,6
20190810009,96,8,0,8
20190810010,106,5,4,1
20190810011,116,7,3,4
20190810012,126,9,5,4
20190810013,136,8,8,0
20190810014,146,0,1,1
20190810015,156,3,4,1
20190810016,166,4,2,2
20190810017,176,6,2,4
20190810018,186,2,5,3
20190810019,196,9,2,7
20190810020,206,8,2,6
20190810021,216,0,4,4
20190810022,226,2,2,0
20190810023,236,0,0,0
20190810024,246,8,1,7
20190810025,256,8,5,3
20190810026,266,9,0,9
20190810027,276,5,1,4
20190810028,286,5,3,2
20190810029,296,0,6,6
20190810030,306,4,2,2
20190810031,316,7,3,4
20190810032,326,2,6,4
20190810033,336,0,2,2
20190810034,346,5,6,1
20190810035,356,7,3,4
20190810036,366,9,0,9
20190810037,376,8,7,1
20190810038,386,5,4,1
20190810039,396,0,1,1
20190810040,406,4,0,4
20190810041,416,3,6,3
20190810042,426,7,9,2
20190810043,436,1,0,1
20190810044,446,8,4,4
20190810045,456,2,9,7
20190810046,466,2,3,1
20190810047,476,0,7,7
20190810048,486,3,5,2
20190810049,496,3,6,3
20190810050,506,0,2,2
20190810051,516,4,3,1
20190810052,526,4,6,2
20190810053,536,0,5,5
20190810054,546,7,1,6
20190810055,556,9,5,4
20190810056,566,3,9,6
20190810057,576,7,8,1
20190810058,586,8,7,1
20190810059,596,8,0,8
20190810060,606,3,7,4
20190810061,616,8,3,5
20190810062,626,5,9,4
20190810063,636,6,2,4
20190810064,646,0,5,5
20190810065,656,4,4,0
20190810066,666,9,7,2
20190810067,676,3,8,5
20190810068,686,1,2,1
20190810069,696,9,6,3
20190810070,706,3,2,1
20190810071,716,8,9,1
20190810072,726,7,7,0
20190810073,736,7,4,3
20190810074,746,4,0,4
20190810075,756,5,3,2
20190810076,766,0,7,7
20190810077,776,2,3,1
20190810078,786,9,8,1
20190810079,796,3,9,6
20190810080,806,2,0,2
20190810081,816,3,5,2
20190810082,826,3,2,1
20190810083,836,8,1,7
20190810084,846,3,9,6
20190810085,856,7,2,5
20190810086,866,5,3,2
20190810087,876,3,6,3
20190810088,886,1,8,7
20190810089,896,9,9,0
20190810090,906,2,6,4
20190810091,916,3,6,3
20190810092,926,1,8,7
20190810093,936,7,2,5
20190810094,946,0,8,8
20190810095,956,8,7,1
20190810096,966,5,3,2
20190810097,976,6,8,2
20190810098,986,4,9,5
20190810099,996,1,3,2
20190810100,1006,4,0,4
20190810101,1016,9,6,3
20190810102,1026,9,0,9
20190810103,1036,7,1,6
20190810104,1046,0,2,2
20190810105,1056,9,1,8
20190810106,1066,4,9,5
20190810107,1076,6,7,1
20190810108,1086,5,8,3
20190810109,1096,8,3,5
20190810110,1106,9,2,7
20190810111,1116,1,1,0
20190810112,1126,8,3,5
20190810113,1136,4,9,5
20190810114,1146,8,0,8
20190810115,1156,6,0,6
20190810116,1166,8,1,7
20190810117,1176,5,2,3
20190810118,1186,7,7,0
20190810119,1196,4,5,1
20190810120,1206,2,1,1
20190810121,1216,8,9,1
20190810122,1226,0,8,8
20190810123,1236,0,0,0
20190810124,1246,1,1,0
20190810125,1256,0,7,7
20190810126,1266,6,0,6
20190810127,1276,9,3,6
20190810128,1286,2,7,5
20190810129,1296,6,8,2
20190810130,1306,7,9,2
20190810131,1316,9,1,8
20190810132,1326,7,2,5
20190810133,1336,6,5,1
20190810134,1346,9,2,7
20190810135,1356,7,5,2
20190810136,1366,7,9,2
20190810137,1376,5,4,1
20190810138,1386,7,7,0
20190810139,1396,7,2,5
20190810140,1406,5,1,4
20190810141,1416,1,5,4
20190810142,1426,6,0,6
20190810143,1436,1,3,2
20190810144,1446,8,6,2
20190810145,1456,4,6,2
20190810146,1466,3,9,6
20190810147,1476,1,7,6
20190810148,1486,8,8,0
20190810149,1496,7,4,3
20190810150,1506,8,8,0
20190810151,1516,5,9,4
20190810152,1526,9,8,1
20190810153,1536,9,2,7
20190810154,1546,7,1,6
20190810155,1556,2,1,1
20190810156,1566,4,0,4
20190810157,1576,5,5,0
20190810158,1586,9,3,6
20190810159,1596,6,2,4
20190810160,1606,8,6,2
20190810161,1616,6,1,5
20190810162,1626,1,7,6
20190810163,1636,2,1,1
20190810164,1646,2,4,2
20190810165,1656,9,7,2
20190810166,1666,0,3,3
20190810167,1676,9,5,4
20190810168,1686,9,8,1
20190810169,1696,4,3,1
20190810170,1706,0,6,6
20190810171,1716,9,7,2
20190810172,1726,5,9,4
20190810173,1736,2,6,4
20190810174,1746,6,4,2
20190810175,1756,9,8,1
20190810176,1766,5,1,4
20190810177,1776,4,4,0
20190810178,1786,9,0,9
20190810179,1796,9,1,8
20190810180,1806,3,3,0
20190810181,1816,9,5,4
20190810182,1826,1,0,1
20190810183,1836,1,1,0
20190810184,1846,3,0,3
20190810185,1856,3,1,2
20190810186,1866,3,1,2
20190810187,1876,8,5,3
20190810188,1886,2,6,4
20190810189,1896,2,7,5
20190810190,1906,3,4,1
20190810191,1916,5,4,1
20190810192,1926,9,8,1
20190810193,1936,9,0,9
20190810194,1946,2,7,5
20190810195,1956,7,6,1
20190810196,1966,1,5,4
20190810197,1976,8,4,4
20190810198,1986,3,5,2
20190810199,1996,0,7,7
20190810200,2006,6,4,2
20190810201,2016,2,4,2
20190810202,2026,3,6,3
20190810203,2036,8,7,1
20190810204,2046,4,4,0
20190810205,2056,7,3,4
20190810206,2066,2,3,1
20190810207,2076,4,9,5
20190810208,2086,6,0,6
20190810209,2096,6,8,2
20190810210,2106,4,4,0
20190810211,2116,7,0,7
20190810212,2126,5,6,1
20190810213,2136,3,5,2
20190810214,2146,3,8,5
20190810215,2156,1,0,1
20190810216,2166,1,6,5
20190810217,2176,4,0,4
20190810218,2186,5,3,2
20190810219,2196,0,9,9
20190810220,2206,4,2,2
20190810221,2216,2,4,2
20190810222,2226,6,4,2
20190810223,2236,6,0,6
20190810224,2246,2,5,3
20190810225,2256,7,0,7
20190810226,2266,6,2,4
20190810227,2276,5,7,2
20190810228,2286,5,0,5
20190810229,2296,5,6,1
20190810230,2306,3,5,2
20190810231,2316,5,5,0
20190810232,2326,3,1,2
20190810233,2336,9,1,8
20190810234,2346,6,2,4
20190810235,2356,5,3,2
20190810236,2366,5,5,0
20190810237,2376,0,9,9
20190810238,2386,6,7,1
20190810239,2396,6,5,1
20190810240,2406,9,1,8
20190810241,2416,9,7,2
20190810242,2426,6,1,5
20190810243,2436,1,4,3
20190810244,2446,8,0,8
20190810245,2456,3,2,1
20190810246,2466,3,3,0
20190810247,2476,3,8,5
20190810248,2486,4,6,2
20190810249,2496,9,8,1
20190810250,2506,4,5,1
20190810251,2516,4,6,2
20190810252,2526,9,8,1
20190810253,2536,6,3,3
20190810254,2546,9,7,2
20190810255,2556,4,2,2
20190810256,2566,8,9,1
20190810257,2576,4,6,2
20190810258,2586,7,2,5
20190810259,2596,4,1,3
20190810260,2606,9,7,2
20190810261,2616,7,8,1
20190810262,2626,4,4,0
20190810263,2636,4,5,1
20190810264,2646,3,1,2
20190810265,2656,8,8,0
20190810266,2666,1,3,2
20190810267,2676,8,6,2
20190810268,2686,1,4,3
20190810269,2696,6,1,5
20190810270,2706,2,9,7
20190810271,2716,7,2,5
20190810272,2726,4,6,2
20190810273,2736,2,3,1
20190810274,2746,8,1,7
20190810275,2756,1,3,2
20190810276,2766,7,0,7
20190810277,2776,4,5,1
20190810278,2786,6,2,4
20190810279,2796,0,5,5
20190810280,2806,2,9,7
20190810281,2816,8,8,0
20190810282,2826,5,2,3
20190810283,2836,6,0,6
20190810284,2846,7,0,7
20190810285,2856,3,8,5
20190810286,2866,2,2,0
20190810287,2876,9,7,2
20190810288,2886,3,5,2
20190811001,17,6,4,2
20190811002,27,2,6,4
20190811003,37,2,5,3
20190811004,47,6,8,2
20190811005,57,5,0,5
20190811006,67,3,6,3
20190811007,77,6,0,6
20190811008,87,3,5,2
20190811009,97,8,6,2
20190811010,107,2,4,2
20190811011,117,4,1,3
20190811012,127,3,8,5
20190811013,137,0,8,8
20190811014,147,3,4,1
20190811015,157,6,9,3
20190811016,167,6,2,4
20190811017,177,3,4,1
20190811018,187,3,7,4
20190811019,197,3,7,4
20190811020,207,2,6,4
20190811021,217,1,2,1
20190811022,227,4,3,1
20190811023,237,9,7,2
20190811024,247,1,7,6
20190811025,257,6,1,5
20190811026,267,4,4,0
20190811027,277,7,8,1
20190811028,287,0,4,4
20190811029,297,3,5,2
20190811030,307,5,4,1
20190811031,317,4,8,4
20190811032,327,4,8,4
20190811033,337,7,8,1
20190811034,347,9,2,7
20190811035,357,4,3,1
20190811036,367,6,2,4
20190811037,377,0,5,5
20190811038,387,5,9,4
20190811039,397,8,3,5
20190811040,407,6,0,6
20190811041,417,1,1,0
20190811042,427,9,8,1
20190811043,437,0,1,1
20190811044,447,8,9,1
20190811045,457,0,1,1
20190811046,467,8,3,5
20190811047,477,2,6,4
20190811048,487,4,7,3
20190811049,497,0,0,0
20190811050,507,9,6,3
20190811051,517,4,5,1
20190811052,527,5,8,3
20190811053,537,4,3,1
20190811054,547,2,6,4
20190811055,557,8,7,1
20190811056,567,7,4,3
20190811057,577,9,7,2
20190811058,587,1,9,8
20190811059,597,6,0,6
20190811060,607,5,5,0
20190811061,617,8,9,1
20190811062,627,3,4,1
20190811063,637,4,4,0
20190811064,647,6,5,1
20190811065,657,4,8,4
20190811066,667,8,5,3
20190811067,677,7,4,3
20190811068,687,7,6,1
20190811069,697,2,1,1
20190811070,707,4,9,5
20190811071,717,9,5,4
20190811072,727,6,6,0
20190811073,737,5,6,1
20190811074,747,0,8,8
20190811075,757,3,8,5
20190811076,767,6,8,2
20190811077,777,2,2,0
20190811078,787,4,2,2
20190811079,797,8,7,1
20190811080,807,3,5,2
20190811081,817,2,3,1
20190811082,827,1,5,4
20190811083,837,4,6,2
20190811084,847,8,7,1
20190811085,857,4,6,2
20190811086,867,5,1,4
20190811087,877,1,9,8
20190811088,887,5,3,2
20190811089,897,9,0,9
20190811090,907,0,2,2
20190811091,917,8,8,0
20190811092,927,3,8,5
20190811093,937,9,8,1
20190811094,947,2,4,2
20190811095,957,8,7,1
20190811096,967,6,5,1
20190811097,977,4,2,2
20190811098,987,0,6,6
20190811099,997,6,1,5
20190811100,1007,8,8,0
20190811101,1017,9,0,9
20190811102,1027,8,3,5
20190811103,1037,5,3,2
20190811104,1047,7,4,3
20190811105,1057,0,4,4
20190811106,1067,5,0,5
20190811107,1077,0,6,6
20190811108,1087,8,5,3
20190811109,1097,1,5,4
20190811110,1107,2,1,1
20190811111,1117,3,1,2
20190811112,1127,1,6,5
20190811113,1137,5,8,3
20190811114,1147,2,5,3
20190811115,1157,3,9,6
20190811116,1167,1,2,1
20190811117,1177,3,5,2
20190811118,1187,5,8,3
20190811119,1197,6,4,2
20190811120,1207,9,4,5
20190811121,1217,2,3,1
20190811122,1227,3,5,2
20190811123,1237,7,6,1
20190811124,1247,5,4,1
20190811125,1257,3,3,0
20190811126,1267,9,9,0
20190811127,1277,6,4,2
20190811128,1287,6,1,5
20190811129,1297,8,6,2
20190811130,1307,3,8,5
20190811131,1317,6,1,5
20190811132,1327,5,6,1
20190811133,1337,0,9,9
20190811134,1347,9,1,8
20190811135,1357,3,6,3
20190811136,1367,1,9,8
20190811137,1377,4,2,2
20190811138,1387,9,0,9
20190811139,1397,9,7,2
20190811140,1407,7,5,2
20190811141,1417,7,7,0
20190811142,1427,3,2,1
20190811143,1437,3,9,6
20190811144,1447,3,8,5
20190811145,1457,7,2,5
20190811146,1467,8,1,7
20190811147,1477,3,7,4
20190811148,1487,6,8,2
20190811149,1497,9,8,1
20190811150,1507,8,1,7
20190811151,1517,3,0,3
20190811152,1527,5,9,4
20190811153,1537,7,7,0
20190811154,1547,5,2,3
20190811155,1557,1,6,5
20190811156,1567,6,2,4
20190811157,1577,9,8,1
20190811158,1587,4,8,4
20190811159,1597,7,5,2
20190811160,1607,0,3,3
20190811161,1617,0,6,6
20190811162,1627,6,0,6
20190811163,1637,2,6,4
20190811164,1647,0,6,6
20190811165,1657,1,7,6
20190811166,1667,9,4,5
20190811167,1677,5,6,1
20190811168,1687,7,7,0
20190811169,1697,8,7,1
20190811170,1707,9,6,3
20190811171,1717,1,9,8
20190811172,1727,0,6,6
20190811173,1737,9,0,9
20190811174,1747,3,2,1
20190811175,1757,4,1,3
20190811176,1767,8,8,0
20190811177,1777,8,9,1
20190811178,1787,6,9,3
20190811179,1797,3,8,5
20190811180,1807,1,7,6
20190811181,1817,0,8,8
20190811182,1827,3,6,3
20190811183,1837,4,2,2
20190811184,1847,6,1,5
20190811185,1857,3,4,1
20190811186,1867,2,4,2
20190811187,1877,4,0,4
20190811188,1887,6,9,3
20190811189,1897,6,3,3
20190811190,1907,3,4,1
20190811191,1917,5,2,3
20190811192,1927,2,3,1
20190811193,1937,0,2,2
20190811194,1947,2,4,2
20190811195,1957,9,6,3
20190811196,1967,8,9,1
20190811197,1977,5,9,4
20190811198,1987,6,0,6
20190811199,1997,5,6,1
20190811200,2007,5,9,4
20190811201,2017,4,0,4
20190811202,2027,2,2,0
20190811203,2037,5,5,0
20190811204,2047,6,3,3
20190811205,2057,1,0,1
20190811206,2067,4,5,1
20190811207,2077,8,8,0
20190811208,2087,2,6,4
20190811209,2097,3,5,2
20190811210,2107,7,2,5
20190811211,2117,5,9,4
20190811212,2127,9,8,1
20190811213,2137,5,3,2
20190811214,2147,4,1,3
20190811215,2157,4,4,0
20190811216,2167,1,0,1
20190811217,2177,1,8,7
20190811218,2187,8,8,0
20190811219,2197,5,0,5
20190811220,2207,1,7,6
20190811221,2217,2,2,0
20190811222,2227,1,2,1
20190811223,2237,4,4,0
20190811224,2247,4,6,2
20190811225,2257,7,8,1
20190811226,2267,1,7,6
20190811227,2277,9,4,5
20190811228,2287,5,1,4
20190811229,2297,3,9,6
20190811230,2307,4,6,2
20190811231,2317,0,6,6
20190811232,2327,9,3,6
20190811233,2337,7,5,2
20190811234,2347,6,8,2
20190811235,2357,7,0,7
20190811236,2367,3,8,5
20190811237,2377,0,0,0
20190811238,2387,6,0,6
20190811239,2397,5,8,3
20190811240,2407,9,8,1
20190811241,2417,0,4,4
20190811242,2427,5,6,1
20190811243,2437,6,2,4
20190811244,2447,9,4,5
20190811245,2457,8,6,2
20190811246,2467,1,0,1
20190811247,2477,3,7,4
20190811248,2487,3,5,2
20190811249,2497,2,1,1
20190811250,2507,3,5,2
20190811251,2517,1,0,1
20190811252,2527,8,3,5
20190811253,2537,7,8,1
20190811254,2547,2,9,7
20190811255,2557,7,5,2
20190811256,2567,5,3,2
20190811257,2577,0,1,1
20190811258,2587,7,0,7
20190811259,2597,3,0,3
20190811260,2607,9,3,6
20190811261,2617,5,6,1
20190811262,2627,2,0,2
20190811263,2637,0,6,6
20190811264,2647,5,0,5
20190811265,2657,1,6,5
20190811266,2667,9,6,3
20190811267,2677,0,4,4
20190811268,2687,6,2,4
20190811269,2697,6,4,2
20190811270,2707,8,3,5
20190811271,2717,2,8,6
20190811272,2727,0,0,0
20190811273,2737,9,6,3
20190811274,2747,1,9,8
20190811275,2757,5,5,0
20190811276,2767,2,4,2
20190811277,2777,0,1,1
20190811278,2787,7,1,6
20190811279,2797,3,1,2
20190811280,2807,5,8,3
20190811281,2817,1,4,3
20190811282,2827,9,8,1
20190811283,2837,6,8,2
20190811284,2847,0,6,6
20190811285,2857,9,4,5
20190811286,2867,2,6,4
20190811287,2877,3,7,4
20190811288,2887,0,7,7
20190812001,11,4,1,3
20190812002,21,3,3,0
20190812003,31,3,7,4
20190812004,41,9,6,3
20190812005,51,5,5,0
20190812006,61,9,4,5
20190812007,71,3,9,6
20190812008,81,6,1,5
20190812009,91,9,0,9
20190812010,101,2,4,2
20190812011,111,5,3,2
20190812012,121,9,6,3
20190812013,131,6,5,1
20190812014,141,1,2,1
20190812015,151,0,9,9
20190812016,161,2,4,2
20190812017,171,2,6,4
20190812018,181,8,8,0
20190812019,191,6,3,3
20190812020,201,7,6,1
20190812021,211,8,5,3
20190812022,221,6,5,1
20190812023,231,1,4,3
20190812024,241,7,7,0
20190812025,251,2,9,7
20190812026,261,1,0,1
20190812027,271,4,8,4
20190812028,281,1,9,8
20190812029,291,7,1,6
20190812030,301,7,6,1
20190812031,311,5,4,1
20190812032,321,8,1,7
20190812033,331,0,6,6
20190812034,341,1,7,6
20190812035,351,1,9,8
20190812036,361,3,2,1
20190812037,371,2,7,5
20190812038,381,2,0,2
20190812039,391,9,7,2
20190812040,401,3,3,0
20190812041,411,7,9,2
20190812042,421,7,9,2
20190812043,431,5,5,0
20190812044,441,5,4,1
20190812045,451,3,2,1
20190812046,461,1,6,5
20190812047,471,7,3,4
20190812048,481,8,2,6
20190812049,491,0,0,0
20190812050,501,5,1,4
20190812051,511,0,5,5
20190812052,521,1,3,2
20190812053,531,2,9,7
20190812054,541,0,8,8
20190812055,551,8,8,0
20190812056,561,9,8,1
20190812057,571,9,4,5
20190812058,581,2,9,7
20190812059,591,2,2,0
20190812060,601,8,5,3
20190812061,611,9,4,5
20190812062,621,4,1,3
20190812063,631,8,9,1
20190812064,641,2,3,1
20190812065,651,5,2,3
20190812066,661,3,5,2
20190812067,671,2,4,2
20190812068,681,5,4,1
20190812069,691,8,3,5
20190812070,701,6,8,2
20190812071,711,3,8,5
20190812072,721,8,6,2
20190812073,731,4,2,2
20190812074,741,3,3,0
20190812075,751,8,5,3
20190812076,761,8,7,1
20190812077,771,1,0,1
20190812078,781,4,5,1
20190812079,791,6,4,2
20190812080,801,1,3,2
20190812081,811,8,1,7
20190812082,821,7,2,5
20190812083,831,0,6,6
20190812084,841,9,7,2
20190812085,851,6,8,2
20190812086,861,6,6,0
20190812087,871,1,6,5
20190812088,881,7,1,6
20190812089,891,4,6,2
20190812090,901,4,9,5
20190812091,911,5,5,0
20190812092,921,3,0,3
20190812093,931,5,3,2
20190812094,941,5,6,1
20190812095,951,0,9,9
20190812096,961,7,9,2
20190812097,971,7,2,5
20190812098,981,6,7,1
20190812099,991,0,2,2
20190812100,1001,3,4,1
20190812101,1011,9,9,0
20190812102,1021,9,2,7
20190812103,1031,6,4,2
20190812104,1041,6,1,5
20190812105,1051,2,2,0
20190812106,1061,4,5,1
20190812107,1071,2,1,1
20190812108,1081,8,3,5
20190812109,1091,7,1,6
20190812110,1101,2,2,0
20190812111,1111,3,4,1
20190812112,1121,2,3,1
20190812113,1131,8,9,1
20190812114,1141,8,7,1
20190812115,1151,2,6,4
20190812116,1161,2,8,6
20190812117,1171,9,5,4
20190812118,1181,0,4,4
20190812119,1191,3,2,1
20190812120,1201,5,7,2
20190812121,1211,7,8,1
20190812122,1221,3,7,4
20190812123,1231,7,8,1
20190812124,1241,5,0,5
20190812125,1251,9,9,0
20190812126,1261,1,3,2
20190812127,1271,3,8,5
20190812128,1281,4,0,4
20190812129,1291,8,9,1
20190812130,1301,1,0,1
20190812131,1311,6,3,3
20190812132,1321,3,7,4
20190812133,1331,4,0,4
20190812134,1341,5,6,1
20190812135,1351,8,7,1
20190812136,1361,9,2,7
20190812137,1371,5,6,1
20190812138,1381,3,5,2
20190812139,1391,9,4,5
20190812140,1401,9,2,7
20190812141,1411,0,7,7
20190812142,1421,7,0,7
20190812143,1431,7,7,0
20190812144,1441,9,4,5
20190812145,1451,3,3,0
20190812146,1461,9,7,2
20190812147,1471,7,7,0
20190812148,1481,4,4,0
20190812149,1491,8,1,7
20190812150,1501,1,6,5
20190812151,1511,0,8,8
20190812152,1521,6,8,2
20190812153,1531,2,7,5
20190812154,1541,0,4,4
20190812155,1551,8,8,0
20190812156,1561,5,8,3
20190812157,1571,7,4,3
20190812158,1581,4,5,1
20190812159,1591,7,1,6
20190812160,1601,7,6,1
20190812161,1611,2,6,4
20190812162,1621,2,0,2
20190812163,1631,6,5,1
20190812164,1641,6,1,5
20190812165,1651,8,8,0
20190812166,1661,6,7,1
20190812167,1671,2,7,5
20190812168,1681,9,8,1
20190812169,1691,8,7,1
20190812170,1701,4,6,2
20190812171,1711,7,8,1
20190812172,1721,6,9,3
20190812173,1731,7,4,3
20190812174,1741,5,4,1
20190812175,1751,6,9,3
20190812176,1761,3,1,2
20190812177,1771,4,1,3
20190812178,1781,2,3,1
20190812179,1791,9,4,5
20190812180,1801,6,7,1
20190812181,1811,2,8,6
20190812182,1821,9,5,4
20190812183,1831,7,4,3
20190812184,1841,1,2,1
20190812185,1851,8,1,7
20190812186,1861,8,0,8
20190812187,1871,2,0,2
20190812188,1881,7,5,2
20190812189,1891,1,5,4
20190812190,1901,5,3,2
20190812191,1911,9,0,9
20190812192,1921,3,5,2
20190812193,1931,5,3,2
20190812194,1941,1,4,3
20190812195,1951,0,2,2
20190812196,1961,3,0,3
20190812197,1971,4,1,3
20190812198,1981,4,8,4
20190812199,1991,8,6,2
20190812200,2001,3,8,5
20190812201,2011,0,0,0
20190812202,2021,9,0,9
20190812203,2031,6,4,2
20190812204,2041,2,9,7
20190812205,2051,6,3,3
20190812206,2061,2,1,1
20190812207,2071,6,5,1
20190812208,2081,1,7,6
20190812209,2091,7,6,1
20190812210,2101,4,4,0
20190812211,2111,1,8,7
20190812212,2121,7,3,4
20190812213,2131,1,0,1
20190812214,2141,4,2,2
20190812215,2151,7,6,1
20190812216,2161,0,9,9
20190812217,2171,7,7,0
20190812218,2181,9,2,7
20190812219,2191,5,9,4
20190812220,2201,8,7,1
20190812221,2211,0,2,2
20190812222,2221,4,3,1
20190812223,2231,8,9,1
20190812224,2241,1,4,3
20190812225,2251,0,2,2
20190812226,2261,9,3,6
20190812227,2271,1,5,4
20190812228,2281,4,2,2
20190812229,2291,8,6,2
20190812230,2301,0,0,0
20190812231,2311,1,6,5
20190812232,2321,2,5,3
20190812233,2331,3,2,1
20190812234,2341,6,1,5
20190812235,2351,9,7,2
20190812236,2361,2,0,2
20190812237,2371,9,7,2
20190812238,2381,6,3,3
20190812239,2391,8,3,5
20190812240,2401,4,1,3
20190812241,2411,6,8,2
20190812242,2421,5,1,4
20190812243,2431,8,3,5
20190812244,2441,3,9,6
20190812245,2451,9,5,4
20190812246,2461,8,0,8
20190812247,2471,5,9,4
20190812248,2481,0,1,1
20190812249,2491,8,1,7
20190812250,2501,8,2,6
20190812251,2511,5,8,3
20190812252,2521,2,8,6
20190812253,2531,7,3,4
20190812254,2541,2,5,3
20190812255,2551,5,5,0
20190812256,2561,0,8,8
20190812257,2571,0,7,7
20190812258,2581,9,7,2
20190812259,2591,5,7,2
20190812260,2601,9,6,3
20190812261,2611,9,9,0
20190812262,2621,7,8,1
20190812263,2631,5,9,4
20190812264,2641,0,0,0
20190812265,2651,6,5,1
20190812266,2661,7,9,2
20190812267,2671,8,0,8
20190812268,2681,9,1,8
20190812269,2691,0,6,6
20190812270,2701,6,3,3
20190812271,2711,6,9,3
20190812272,2721,8,1,7
20190812273,2731,8,8,0
20190812274,2741,8,7,1
20190812275,2751,8,5,3
20190812276,2761,3,7,4
20190812277,2771,2,6,4
20190812278,2781,4,6,2
20190812279,2791,8,1,7
20190812280,2801,3,5,2
20190812281,2811,3,1,2
20190812282,2821,3,3,0
20190812283,2831,3,4,1
20190812284,2841,1,9,8
20190812285,2851,6,5,1
20190812286,2861,7,7,0
20190812287,2871,6,1,5
20190812288,2881,0,5,5
20190813001,12,6,6,0
20190813002,22,0,2,2
20190813003,32,4,9,5
20190813004,42,2,9,7
20190813005,52,9,3,6
20190813006,62,1,0,1
20190813007,72,6,6,0
20190813008,82,3,9,6
20190813009,92,8,1,7
20190813010,102,5,2,3
20190813011,112,0,8,8
20190813012,122,7,2,5
20190813013,132,1,8,7
20190813014,142,1,3,2
20190813015,152,0,7,7
20190813016,162,1,5,4
20190813017,172,3,0,3
20190813018,182,3,3,0
20190813019,192,6,4,2
20190813020,202,0,4,4
20190813021,212,7,5,2
20190813022,222,6,2,4
20190813023,232,0,2,2
20190813024,242,5,1,4
20190813025,252,4,7,3
20190813026,262,5,5,0
20190813027,272,4,4,0
20190813028,282,4,0,4
20190813029,292,7,0,7
20190813030,302,0,0,0
20190813031,312,2,5,3
20190813032,322,7,4,3
20190813033,332,7,1,6
20190813034,342,5,7,2
20190813035,352,1,7,6
20190813036,362,1,9,8
20190813037,372,3,7,4
20190813038,382,4,2,2
20190813039,392,1,3,2
20190813040,402,5,5,0
20190813041,412,3,7,4
20190813042,422,9,1,8
20190813043,432,9,4,5
20190813044,442,8,2,6
20190813045,452,3,4,1
20190813046,462,0,9,9
20190813047,472,6,4,2
20190813048,482,6,0,6
20190813049,492,4,3,1
20190813050,502,1,2,1
20190813051,512,2,6,4
20190813052,522,6,1,5
20190813053,532,1,1,0
20190813054,542,7,4,3
20190813055,552,2,4,2
20190813056,562,8,8,0
20190813057,572,6,6,0
20190813058,582,7,8,1
20190813059,592,1,9,8
20190813060,602,8,1,7
20190813061,612,6,6,0
20190813062,622,1,2,1
20190813063,632,8,3,5
20190813064,642,4,3,1
20190813065,652,3,6,3
20190813066,662,2,4,2
20190813067,672,0,8,8
20190813068,682,8,3,5
20190813069,692,0,7,7
20190813070,702,0,7,7
20190813071,712,9,0,9
20190813072,722,2,9,7
20190813073,732,6,6,0
20190813074,742,2,5,3
20190813075,752,3,5,2
20190813076,762,4,2,2
20190813077,772,2,4,2
20190813078,782,2,9,7
20190813079,792,8,1,7
20190813080,802,5,9,4
20190813081,812,4,9,5
20190813082,822,2,8,6
20190813083,832,2,9,7
20190813084,842,7,6,1
20190813085,852,9,8,1
20190813086,862,3,2,1
20190813087,872,6,3,3
20190813088,882,9,3,6
20190813089,892,8,1,7
20190813090,902,2,3,1
20190813091,912,2,3,1
20190813092,922,9,0,9
20190813093,932,9,4,5
20190813094,942,0,6,6
20190813095,952,4,5,1
20190813096,962,8,3,5
20190813097,972,0,6,6
20190813098,982,1,4,3
20190813099,992,1,7,6
20190813100,1002,7,4,3
20190813101,1012,0,9,9
20190813102,1022,3,7,4
20190813103,1032,3,2,1
20190813104,1042,5,6,1
20190813105,1052,8,3,5
20190813106,1062,4,3,1
20190813107,1072,1,7,6
20190813108,1082,4,4,0
20190813109,1092,3,0,3
20190813110,1102,9,4,5
20190813111,1112,1,9,8
20190813112,1122,6,5,1
20190813113,1132,6,3,3
20190813114,1142,9,6,3
20190813115,1152,0,1,1
20190813116,1162,3,0,3
20190813117,1172,0,2,2
20190813118,1182,1,7,6
20190813119,1192,5,0,5
20190813120,1202,1,0,1
20190813121,1212,4,1,3
20190813122,1222,6,1,5
20190813123,1232,2,8,6
20190813124,1242,0,9,9
20190813125,1252,3,9,6
20190813126,1262,6,0,6
20190813127,1272,1,5,4
20190813128,1282,3,5,2
20190813129,1292,7,8,1
20190813130,1302,7,9,2
20190813131,1312,4,8,4
20190813132,1322,4,8,4
20190813133,1332,3,3,0
20190813134,1342,4,7,3
20190813135,1352,4,9,5
20190813136,1362,3,0,3
20190813137,1372,7,4,3
20190813138,1382,9,7,2
20190813139,1392,1,3,2
20190813140,1402,3,0,3
20190813141,1412,1,3,2
20190813142,1422,6,3,3
20190813143,1432,1,3,2
20190813144,1442,5,0,5
20190813145,1452,7,4,3
20190813146,1462,5,1,4
20190813147,1472,1,3,2
20190813148,1482,1,5,4
20190813149,1492,2,1,1
20190813150,1502,0,4,4
20190813151,1512,7,9,2
20190813152,1522,2,3,1
20190813153,1532,5,8,3
20190813154,1542,7,3,4
20190813155,1552,4,9,5
20190813156,1562,5,5,0
20190813157,1572,5,7,2
20190813158,1582,7,5,2
20190813159,1592,3,6,3
20190813160,1602,6,7,1
20190813161,1612,0,1,1
20190813162,1622,2,0,2
20190813163,1632,9,7,2
20190813164,1642,4,7,3
20190813165,1652,7,9,2
20190813166,1662,0,1,1
20190813167,1672,9,0,9
20190813168,1682,6,0,6
20190813169,1692,9,7,2
20190813170,1702,1,0,1
20190813171,1712,0,2,2
20190813172,1722,8,0,8
20190813173,1732,5,6,1
20190813174,1742,8,7,1
20190813175,1752,2,1,1
20190813176,1762,0,7,7
20190813177,1772,1,0,1
20190813178,1782,2,4,2
20190813179,1792,4,4,0
20190813180,1802,3,4,1
20190813181,1812,4,2,2
20190813182,1822,4,7,3
20190813183,1832,9,6,3
20190813184,1842,8,6,2
20190813185,1852,6,3,3
20190813186,1862,0,7,7
20190813187,1872,3,1,2
20190813188,1882,7,1,6
20190813189,1892,2,0,2
20190813190,1902,3,1,2
20190813191,1912,6,0,6
20190813192,1922,7,8,1
20190813193,1932,1,7,6
20190813194,1942,3,9,6
20190813195,1952,4,7,3
20190813196,1962,0,2,2
20190813197,1972,0,1,1
20190813198,1982,7,5,2
20190813199,1992,5,2,3
20190813200,2002,4,6,2
20190813201,2012,4,4,0
20190813202,2022,0,4,4
20190813203,2032,7,9,2
20190813204,2042,4,7,3
20190813205,2052,5,8,3
20190813206,2062,0,0,0
20190813207,2072,4,1,3
20190813208,2082,0,8,8
20190813209,2092,0,0,0
20190813210,2102,4,0,4
20190813211,2112,2,5,3
20190813212,2122,6,1,5
20190813213,2132,9,8,1
20190813214,2142,0,7,7
20190813215,2152,6,0,6
20190813216,2162,6,1,5
20190813217,2172,5,1,4
20190813218,2182,1,1,0
20190813219,2192,6,3,3
20190813220,2202,4,6,2
20190813221,2212,4,0,4
20190813222,2222,9,1,8
20190813223,2232,3,4,1
20190813224,2242,4,9,5
20190813225,2252,7,5,2
20190813226,2262,9,4,5
20190813227,2272,1,5,4
20190813228,2282,0,2,2
20190813229,2292,9,3,6
20190813230,2302,4,9,5
20190813231,2312,3,7,4
20190813232,2322,6,4,2
20190813233,2332,7,7,0
20190813234,2342,0,6,6
20190813235,2352,4,5,1
20190813236,2362,8,6,2
20190813237,2372,6,2,4
20190813238,2382,7,1,6
20190813239,2392,2,0,2
20190813240,2402,7,5,2
20190813241,2412,4,8,4
20190813242,2422,9,5,4
20190813243,2432,2,7,5
20190813244,2442,1,8,7
20190813245,2452,0,4,4
20190813246,2462,2,0,2
20190813247,2472,3,2,1
20190813248,2482,7,4,3
20190813249,2492,1,1,0
20190813250,2502,3,1,2
20190813251,2512,0,7,7
20190813252,2522,9,3,6
20190813253,2532,9,3,6
20190813254,2542,8,1,7
20190813255,2552,5,4,1
20190813256,2562,6,3,3
20190813257,2572,2,5,3
20190813258,2582,6,3,3
20190813259,2592,0,6,6
20190813260,2602,4,6,2
20190813261,2612,5,7,2
20190813262,2622,2,8,6
20190813263,2632,9,5,4
20190813264,2642,4,8,4
20190813265,2652,2,4,2
20190813266,2662,6,7,1
20190813267,2672,2,3,1
20190813268,2682,0,5,5
20190813269,2692,3,4,1
20190813270,2702,4,1,3
20190813271,2712,3,8,5
20190813272,2722,0,2,2
20190813273,2732,3,5,2
20190813274,2742,5,6,1
20190813275,2752,9,0,9
20190813276,2762,8,7,1
20190813277,2772,9,1,8
20190813278,2782,5,0,5
20190813279,2792,5,0,5
20190813280,2802,1,8,7
20190813281,2812,6,9,3
20190813282,2822,8,7,1
20190813283,2832,3,5,2
20190813284,2842,5,1,4
20190813285,2852,9,9,0
20190813286,2862,9,6,3
20190813287,2872,6,5,1
20190813288,2882,9,7,2
20190814001,13,9,6,3
20190814002,23,7,0,7
20190814003,33,4,4,0
20190814004,43,3,7,4
20190814005,53,4,7,3
20190814006,63,5,3,2
20190814007,73,7,1,6
20190814008,83,1,1,0
20190814009,93,0,5,5
20190814010,103,8,0,8
20190814011,113,0,5,5
20190814012,123,4,1,3
20190814013,133,5,4,1
20190814014,143,9,0,9
20190814015,153,7,0,7
20190814016,163,6,2,4
20190814017,173,6,1,5
20190814018,183,3,2,1
20190814019,193,6,8,2
20190814020,203,6,3,3
20190814021,213,2,4,2
20190814022,223,6,0,6
20190814023,233,2,0,2
20190814024,243,1,8,7
20190814025,253,1,9,8
20190814026,263,2,7,5
20190814027,273,2,1,1
20190814028,283,9,3,6
20190814029,293,3,0,3
20190814030,303,0,9,9
20190814031,313,6,9,3
20190814032,323,7,3,4
20190814033,333,4,4,0
20190814034,343,9,8,1
20190814035,353,8,0,8
20190814036,363,4,7,3
20190814037,373,5,0,5
20190814038,383,5,9,4
20190814039,393,8,6,2
20190814040,403,8,0,8
20190814041,413,1,9,8
20190814042,423,9,1,8
20190814043,433,6,5,1
20190814044,443,5,6,1
20190814045,453,1,5,4
20190814046,463,0,8,8
20190814047,473,2,5,3
20190814048,483,4,7,3
20190814049,493,1,0,1
20190814050,503,3,6,3
20190814051,513,0,3,3
20190814052,523,3,3,0
20190814053,533,5,0,5
20190814054,543,5,4,1
20190814055,553,9,8,1
20190814056,563,0,2,2
20190814057,573,8,6,2
20190814058,583,1,1,0
20190814059,593,0,1,1
20190814060,603,4,1,3
20190814061,613,7,9,2
20190814062,623,0,2,2
20190814063,633,4,2,2
20190814064,643,1,0,1
20190814065,653,7,1,6
20190814066,663,7,3,4
20190814067,673,2,8,6
20190814068,683,4,5,1
20190814069,693,6,2,4
20190814070,703,1,7,6
20190814071,713,3,0,3
20190814072,723,6,7,1
20190814073,733,8,9,1
20190814074,743,0,9,9
20190814075,753,4,9,5
20190814076,763,1,1,0
20190814077,773,2,5,3
20190814078,783,6,1,5
20190814079,793,5,8,3
20190814080,803,5,2,3
20190814081,813,2,1,1
20190814082,823,5,7,2
20190814083,833,1,4,3
20190814084,843,1,6,5
20190814085,853,5,5,0
20190814086,863,6,3,3
20190814087,873,4,6,2
20190814088,883,3,6,3
20190814089,893,1,0,1
20190814090,903,7,7,0
20190814091,913,8,4,4
20190814092,923,4,2,2
20190814093,933,5,3,2
20190814094,943,1,9,8
20190814095,953,7,3,4
20190814096,963,5,4,1
20190814097,973,3,7,4
20190814098,983,2,9,7
20190814099,993,6,7,1
20190814100,1003,8,2,6
20190814101,1013,8,0,8
20190814102,1023,2,0,2
20190814103,1033,1,1,0
20190814104,1043,4,7,3
20190814105,1053,2,2,0
20190814106,1063,0,7,7
20190814107,1073,7,8,1
20190814108,1083,7,2,5
20190814109,1093,5,1,4
20190814110,1103,0,4,4
20190814111,1113,9,0,9
20190814112,1123,6,9,3
20190814113,1133,4,0,4
20190814114,1143,9,3,6
20190814115,1153,1,3,2
20190814116,1163,9,8,1
20190814117,1173,3,5,2
20190814118,1183,4,7,3
20190814119,1193,9,6,3
20190814120,1203,4,9,5
20190814121,1213,6,7,1
20190814122,1223,7,5,2
20190814123,1233,1,6,5
20190814124,1243,6,8,2
20190814125,1253,6,8,2
20190814126,1263,5,9,4
20190814127,1273,3,0,3
20190814128,1283,0,9,9
20190814129,1293,3,4,1
20190814130,1303,0,5,5
20190814131,1313,6,1,5
20190814132,1323,8,1,7
20190814133,1333,1,8,7
20190814134,1343,3,9,6
20190814135,1353,3,7,4
20190814136,1363,4,5,1
20190814137,1373,3,0,3
20190814138,1383,4,8,4
20190814139,1393,4,1,3
20190814140,1403,8,0,8
20190814141,1413,9,5,4
20190814142,1423,9,0,9
20190814143,1433,7,2,5
20190814144,1443,7,0,7
20190814145,1453,6,1,5
20190814146,1463,6,4,2
20190814147,1473,2,0,2
20190814148,1483,3,2,1
20190814149,1493,1,4,3
20190814150,1503,6,2,4
20190814151,1513,9,3,6
20190814152,1523,9,1,8
20190814153,1533,8,0,8
20190814154,1543,2,9,7
20190814155,1553,3,6,3
20190814156,1563,4,0,4
20190814157,1573,8,4,4
20190814158,1583,1,6,5
20190814159,1593,0,3,3
20190814160,1603,5,8,3
20190814161,1613,9,7,2
20190814162,1623,6,4,2
20190814163,1633,1,3,2
20190814164,1643,7,9,2
20190814165,1653,4,5,1
20190814166,1663,4,9,5
20190814167,1673,4,3,1
20190814168,1683,1,4,3
20190814169,1693,2,8,6
20190814170,1703,0,1,1
20190814171,1713,2,2,0
20190814172,1723,9,4,5
20190814173,1733,6,0,6
20190814174,1743,9,0,9
20190814175,1753,8,0,8
20190814176,1763,3,8,5
20190814177,1773,8,6,2
20190814178,1783,5,9,4
20190814179,1793,0,3,3
20190814180,1803,9,9,0
20190814181,1813,8,7,1
20190814182,1823,0,3,3
20190814183,1833,7,6,1
20190814184,1843,1,0,1
20190814185,1853,4,4,0
20190814186,1863,3,5,2
20190814187,1873,5,2,3
20190814188,1883,8,0,8
20190814189,1893,2,7,5
20190814190,1903,8,7,1
20190814191,1913,8,3,5
20190814192,1923,1,4,3
20190814193,1933,3,2,1
20190814194,1943,6,4,2
20190814195,1953,0,5,5
20190814196,1963,8,1,7
20190814197,1973,7,1,6
20190814198,1983,5,7,2
20190814199,1993,7,5,2
20190814200,2003,1,7,6
20190814201,2013,3,4,1
20190814202,2023,9,6,3
20190814203,2033,3,5,2
20190814204,2043,3,1,2
20190814205,2053,8,3,5
20190814206,2063,3,7,4
20190814207,2073,8,2,6
20190814208,2083,8,5,3
20190814209,2093,3,2,1
20190814210,2103,6,3,3
20190814211,2113,8,6,2
20190814212,2123,5,3,2
20190814213,2133,4,3,1
20190814214,2143,3,9,6
20190814215,2153,9,3,6
20190814216,2163,9,5,4
20190814217,2173,0,1,1
20190814218,2183,1,1,0
20190814219,2193,5,1,4
20190814220,2203,2,2,0
20190814221,2213,4,3,1
20190814222,2223,6,6,0
20190814223,2233,7,2,5
20190814224,2243,1,6,5
20190814225,2253,9,2,7
20190814226,2263,4,1,3
20190814227,2273,0,3,3
20190814228,2283,4,5,1
20190814229,2293,0,1,1
20190814230,2303,1,0,1
20190814231,2313,9,5,4
20190814232,2323,9,1,8
20190814233,2333,4,5,1
20190814234,2343,8,2,6
20190814235,2353,3,8,5
20190814236,2363,8,2,6
20190814237,2373,4,7,3
20190814238,2383,9,8,1
20190814239,2393,9,6,3
20190814240,2403,9,5,4
20190814241,2413,9,2,7
20190814242,2423,0,3,3
20190814243,2433,6,5,1
20190814244,2443,7,5,2
20190814245,2453,0,1,1
20190814246,2463,2,8,6
20190814247,2473,2,6,4
20190814248,2483,4,0,4
20190814249,2493,0,2,2
20190814250,2503,9,8,1
20190814251,2513,1,5,4
20190814252,2523,5,0,5
20190814253,2533,5,2,3
20190814254,2543,5,5,0
20190814255,2553,6,4,2
20190814256,2563,0,2,2
20190814257,2573,3,8,5
20190814258,2583,1,0,1
20190814259,2593,0,5,5
20190814260,2603,2,3,1
20190814261,2613,8,5,3
20190814262,2623,8,7,1
20190814263,2633,5,2,3
20190814264,2643,1,1,0
20190814265,2653,3,8,5
20190814266,2663,5,4,1
20190814267,2673,7,1,6
20190814268,2683,0,2,2
20190814269,2693,7,5,2
20190814270,2703,6,0,6
20190814271,2713,0,2,2
20190814272,2723,2,6,4
20190814273,2733,1,8,7
20190814274,2743,5,6,1
20190814275,2753,1,0,1
20190814276,2763,1,8,7
20190814277,2773,6,2,4
20190814278,2783,7,5,2
20190814279,2793,5,0,5
20190814280,2803,7,7,0
20190814281,2813,9,9,0
20190814282,2823,2,4,2
20190814283,2833,0,8,8
20190814284,2843,0,7,7
20190814285,2853,7,0,7
20190814286,2863,7,3,4
20190814287,2873,6,5,1
20190814288,2883,7,6,1
20190815001,14,1,5,4
20190815002,24,9,8,1
20190815003,34,7,3,4
20190815004,44,4,1,3
20190815005,54,5,0,5
20190815006,64,0,6,6
20190815007,74,1,7,6
20190815008,84,3,7,4
20190815009,94,5,2,3
20190815010,104,6,4,2
20190815011,114,9,3,6
20190815012,124,9,9,0
20190815013,134,6,7,1
20190815014,144,8,8,0
20190815015,154,2,6,4
20190815016,164,1,7,6
20190815017,174,2,3,1
20190815018,184,0,5,5
20190815019,194,5,5,0
20190815020,204,5,6,1
20190815021,214,5,0,5
20190815022,224,1,1,0
20190815023,234,8,9,1
20190815024,244,1,4,3
20190815025,254,8,6,2
20190815026,264,4,1,3
20190815027,274,0,5,5
20190815028,284,7,2,5
20190815029,294,3,1,2
20190815030,304,0,8,8
20190815031,314,9,6,3
20190815032,324,4,0,4
20190815033,334,1,6,5
20190815034,344,2,4,2
20190815035,354,5,4,1
20190815036,364,9,4,5
20190815037,374,9,5,4
20190815038,384,7,5,2
20190815039,394,7,3,4
20190815040,404,5,1,4
20190815041,414,2,9,7
20190815042,424,6,6,0
20190815043,434,1,3,2
20190815044,444,7,9,2
20190815045,454,6,2,4
20190815046,464,0,8,8
20190815047,474,0,2,2
20190815048,484,7,8,1
20190815049,494,2,4,2
20190815050,504,3,7,4
20190815051,514,7,0,7
20190815052,524,4,2,2
20190815053,534,5,8,3
20190815054,544,0,1,1
20190815055,554,6,8,2
20190815056,564,8,7,1
20190815057,574,9,1,8
20190815058,584,2,7,5
20190815059,594,7,6,1
20190815060,604,8,2,6
20190815061,614,5,9,4
20190815062,624,0,9,9
20190815063,634,9,7,2
20190815064,644,8,0,8
20190815065,654,8,4,4
20190815066,664,0,1,1
20190815067,674,5,7,2
20190815068,684,9,0,9
20190815069,694,9,4,5
20190815070,704,3,9,6
20190815071,714,5,1,4
20190815072,724,3,1,2
20190815073,734,5,2,3
20190815074,744,6,3,3
20190815075,754,7,1,6
20190815076,764,0,5,5
20190815077,774,5,8,3
20190815078,784,9,5,4
20190815079,794,7,9,2
20190815080,804,2,7,5
20190815081,814,3,5,2
20190815082,824,6,1,5
20190815083,834,7,3,4
20190815084,844,2,0,2
20190815085,854,0,9,9
20190815086,864,7,4,3
20190815087,874,7,8,1
20190815088,884,4,0,4
20190815089,894,1,6,5
20190815090,904,1,0,1
20190815091,914,3,7,4
20190815092,924,0,6,6
20190815093,934,0,0,0
20190815094,944,8,3,5
20190815095,954,6,6,0
20190815096,964,3,4,1
20190815097,974,7,8,1
20190815098,984,4,7,3
20190815099,994,7,7,0
20190815100,1004,2,0,2
20190815101,1014,0,0,0
20190815102,1024,9,4,5
20190815103,1034,0,6,6
20190815104,1044,5,3,2
20190815105,1054,2,4,2
20190815106,1064,7,2,5
20190815107,1074,4,5,1
20190815108,1084,2,4,2
20190815109,1094,0,5,5
20190815110,1104,3,6,3
20190815111,1114,6,2,4
20190815112,1124,8,9,1
20190815113,1134,4,4,0
20190815114,1144,3,1,2
20190815115,1154,9,6,3
20190815116,1164,2,4,2
20190815117,1174,4,6,2
20190815118,1184,7,4,3
20190815119,1194,7,8,1
20190815120,1204,5,2,3
20190815121,1214,2,4,2
20190815122,1224,5,8,3
20190815123,1234,1,0,1
20190815124,1244,5,8,3
20190815125,1254,4,0,4
20190815126,1264,5,3,2
20190815127,1274,8,6,2
20190815128,1284,1,6,5
20190815129,1294,0,6,6
20190815130,1304,7,6,1
20190815131,1314,4,1,3
20190815132,1324,8,7,1
20190815133,1334,6,0,6
20190815134,1344,0,7,7
20190815135,1354,4,5,1
20190815136,1364,7,0,7
20190815137,1374,0,7,7
20190815138,1384,8,4,4
20190815139,1394,9,5,4
20190815140,1404,9,0,9
20190815141,1414,5,1,4
20190815142,1424,4,5,1
20190815143,1434,5,9,4
20190815144,1444,1,0,1
20190815145,1454,6,1,5
20190815146,1464,8,5,3
20190815147,1474,8,1,7
20190815148,1484,3,2,1
20190815149,1494,7,7,0
20190815150,1504,5,8,3
20190815151,1514,3,0,3
20190815152,1524,7,7,0
20190815153,1534,2,6,4
20190815154,1544,8,5,3
20190815155,1554,7,4,3
20190815156,1564,6,4,2
20190815157,1574,4,2,2
20190815158,1584,4,7,3
20190815159,1594,6,6,0
20190815160,1604,1,2,1
20190815161,1614,6,8,2
20190815162,1624,8,8,0
20190815163,1634,7,2,5
20190815164,1644,6,4,2
20190815165,1654,7,7,0
20190815166,1664,4,1,3
20190815167,1674,0,2,2
20190815168,1684,9,2,7
20190815169,1694,7,2,5
20190815170,1704,0,3,3
20190815171,1714,1,1,0
20190815172,1724,9,5,4
20190815173,1734,8,1,7
20190815174,1744,8,9,1
20190815175,1754,7,6,1
20190815176,1764,9,7,2
20190815177,1774,6,4,2
20190815178,1784,6,1,5
20190815179,1794,1,8,7
20190815180,1804,9,6,3
20190815181,1814,9,3,6
20190815182,1824,3,9,6
20190815183,1834,0,3,3
20190815184,1844,8,8,0
20190815185,1854,1,8,7
20190815186,1864,8,5,3
20190815187,1874,2,7,5
20190815188,1884,5,3,2
20190815189,1894,2,5,3
20190815190,1904,2,7,5
20190815191,1914,3,0,3
20190815192,1924,7,7,0
20190815193,1934,5,6,1
20190815194,1944,6,1,5
20190815195,1954,6,9,3
20190815196,1964,6,6,0
20190815197,1974,4,5,1
20190815198,1984,6,3,3
20190815199,1994,0,3,3
20190815200,2004,3,0,3
20190815201,2014,2,0,2
20190815202,2024,3,2,1
20190815203,2034,3,2,1
20190815204,2044,6,4,2
20190815205,2054,3,7,4
20190815206,2064,2,8,6
20190815207,2074,6,9,3
20190815208,2084,5,6,1
20190815209,2094,4,6,2
20190815210,2104,8,7,1
20190815211,2114,8,2,6
20190815212,2124,7,2,5
20190815213,2134,4,4,0
20190815214,2144,2,9,7
20190815215,2154,3,5,2
20190815216,2164,3,1,2
20190815217,2174,0,6,6
20190815218,2184,0,2,2
20190815219,2194,1,5,4
20190815220,2204,3,4,1
20190815221,2214,4,6,2
20190815222,2224,5,2,3
20190815223,2234,9,0,9
20190815224,2244,7,5,2
20190815225,2254,5,4,1
20190815226,2264,0,3,3
20190815227,2274,2,6,4
20190815228,2284,2,1,1
20190815229,2294,3,5,2
20190815230,2304,9,1,8
20190815231,2314,3,1,2
20190815232,2324,0,0,0
20190815233,2334,1,3,2
20190815234,2344,6,8,2
20190815235,2354,7,4,3
20190815236,2364,4,8,4
20190815237,2374,1,4,3
20190815238,2384,2,0,2
20190815239,2394,2,4,2
20190815240,2404,1,8,7
20190815241,2414,3,0,3
20190815242,2424,9,5,4
20190815243,2434,1,2,1
20190815244,2444,1,8,7
20190815245,2454,0,4,4
20190815246,2464,5,3,2
20190815247,2474,2,8,6
20190815248,2484,5,1,4
20190815249,2494,4,5,1
20190815250,2504,3,9,6
20190815251,2514,1,7,6
20190815252,2524,6,2,4
20190815253,2534,2,3,1
20190815254,2544,9,9,0
20190815255,2554,8,3,5
20190815256,2564,1,3,2
20190815257,2574,4,5,1
20190815258,2584,6,3,3
20190815259,2594,3,7,4
20190815260,2604,3,5,2
20190815261,2614,2,9,7
20190815262,2624,8,2,6
20190815263,2634,7,3,4
20190815264,2644,8,9,1
20190815265,2654,9,1,8
20190815266,2664,0,0,0
20190815267,2674,6,7,1
20190815268,2684,0,6,6
20190815269,2694,6,3,3
20190815270,2704,3,8,5
20190815271,2714,3,4,1
20190815272,2724,4,4,0
20190815273,2734,5,8,3
20190815274,2744,0,5,5
20190815275,2754,4,3,1
20190815276,2764,8,6,2
20190815277,2774,9,9,0
20190815278,2784,0,2,2
20190815279,2794,2,7,5
20190815280,2804,2,5,3
20190815281,2814,8,0,8
20190815282,2824,7,1,6
20190815283,2834,7,0,7
20190815284,2844,3,3,0
20190815285,2854,4,4,0
20190815286,2864,4,9,5
20190815287,2874,2,8,6
20190815288,2884,4,3,1
20190816001,15,5,5,0
20190816002,25,6,4,2
20190816003,35,3,1,2
20190816004,45,6,6,0
20190816005,55,7,5,2
20190816006,65,4,5,1
20190816007,75,9,5,4
20190816008,85,2,7,5
20190816009,95,2,9,7
20190816010,105,3,6,3
20190816011,115,2,5,3
20190816012,125,7,9,2
20190816013,135,8,5,3
20190816014,145,7,6,1
20190816015,155,2,5,3
20190816016,165,4,2,2
20190816017,175,3,8,5
20190816018,185,7,9,2
20190816019,195,4,4,0
20190816020,205,9,0,9
20190816021,215,1,1,0
20190816022,225,5,1,4
20190816023,235,4,5,1
20190816024,245,1,6,5
20190816025,255,6,3,3
20190816026,265,2,4,2
20190816027,275,7,1,6
20190816028,285,9,3,6
20190816029,295,2,3,1
20190816030,305,1,8,7
20190816031,315,7,3,4
20190816032,325,0,2,2
20190816033,335,6,1,5
20190816034,345,7,4,3
20190816035,355,0,3,3
20190816036,365,6,2,4
20190816037,375,2,9,7
20190816038,385,3,1,2
20190816039,395,6,3,3
20190816040,405,4,5,1
20190816041,415,0,2,2
20190816042,425,9,0,9
20190816043,435,8,1,7
20190816044,445,5,7,2
20190816045,455,1,0,1
20190816046,465,3,4,1
20190816047,475,6,2,4
20190816048,485,2,8,6
20190816049,495,0,5,5
20190816050,505,9,3,6
20190816051,515,6,9,3
20190816052,525,4,6,2
20190816053,535,7,7,0
20190816054,545,9,8,1
20190816055,555,3,2,1
20190816056,565,4,9,5
20190816057,575,6,2,4
20190816058,585,5,6,1
20190816059,595,8,4,4
20190816060,605,7,5,2
20190816061,615,6,9,3
20190816062,625,0,6,6
20190816063,635,4,6,2
20190816064,645,2,9,7
20190816065,655,7,2,5
20190816066,665,2,8,6
20190816067,675,9,1,8
20190816068,685,6,3,3
20190816069,695,0,8,8
20190816070,705,3,5,2
20190816071,715,7,2,5
20190816072,725,7,1,6
20190816073,735,8,8,0
20190816074,745,9,2,7
20190816075,755,8,0,8
20190816076,765,4,7,3
20190816077,775,0,6,6
20190816078,785,4,3,1
20190816079,795,5,3,2
20190816080,805,6,4,2
20190816081,815,4,5,1
20190816082,825,3,0,3
20190816083,835,2,4,2
20190816084,845,6,4,2
20190816085,855,0,0,0
20190816086,865,1,9,8
20190816087,875,7,6,1
20190816088,885,3,4,1
20190816089,895,7,6,1
20190816090,905,3,3,0
20190816091,915,8,1,7
20190816092,925,8,8,0
20190816093,935,0,5,5
20190816094,945,8,6,2
20190816095,955,0,3,3
20190816096,965,2,0,2
20190816097,975,5,9,4
20190816098,985,5,4,1
20190816099,995,3,4,1
20190816100,1005,9,9,0
20190816101,1015,5,6,1
20190816102,1025,9,8,1
20190816103,1035,1,6,5
20190816104,1045,2,7,5
20190816105,1055,4,0,4
20190816106,1065,5,1,4
20190816107,1075,8,2,6
20190816108,1085,2,0,2
20190816109,1095,3,6,3
20190816110,1105,2,0,2
20190816111,1115,2,1,1
20190816112,1125,6,9,3
20190816113,1135,0,8,8
20190816114,1145,6,9,3
20190816115,1155,7,0,7
20190816116,1165,5,6,1
20190816117,1175,3,2,1
20190816118,1185,4,3,1
20190816119,1195,2,6,4
20190816120,1205,4,7,3
20190816121,1215,3,4,1
20190816122,1225,1,3,2
20190816123,1235,2,3,1
20190816124,1245,1,4,3
20190816125,1255,7,5,2
20190816126,1265,0,0,0
20190816127,1275,2,9,7
20190816128,1285,6,2,4
20190816129,1295,3,2,1
20190816130,1305,3,6,3
20190816131,1315,2,4,2
20190816132,1325,4,9,5
20190816133,1335,2,1,1
20190816134,1345,7,8,1
20190816135,1355,3,1,2
20190816136,1365,4,2,2
20190816137,1375,4,4,0
20190816138,1385,8,3,5
20190816139,1395,0,0,0
20190816140,1405,6,8,2
20190816141,1415,2,6,4
20190816142,1425,7,7,0
20190816143,1435,1,2,1
20190816144,1445,6,1,5
20190816145,1455,5,6,1
20190816146,1465,3,4,1
20190816147,1475,8,2,6
20190816148,1485,2,3,1
20190816149,1495,0,6,6
20190816150,1505,9,2,7
20190816151,1515,3,7,4
20190816152,1525,4,7,3
20190816153,1535,8,5,3
20190816154,1545,4,8,4
20190816155,1555,0,2,2
20190816156,1565,9,1,8
20190816157,1575,0,7,7
20190816158,1585,8,8,0
20190816159,1595,0,6,6
20190816160,1605,5,7,2
20190816161,1615,9,1,8
20190816162,1625,1,7,6
20190816163,1635,8,5,3
20190816164,1645,9,8,1
20190816165,1655,3,3,0
20190816166,1665,3,7,4
20190816167,1675,8,0,8
20190816168,1685,1,8,7
20190816169,1695,6,1,5
20190816170,1705,3,3,0
20190816171,1715,9,2,7
20190816172,1725,3,8,5
20190816173,1735,2,1,1
20190816174,1745,6,1,5
20190816175,1755,7,8,1
20190816176,1765,5,6,1
20190816177,1775,2,8,6
20190816178,1785,5,5,0
20190816179,1795,2,3,1
20190816180,1805,1,3,2
20190816181,1815,6,9,3
20190816182,1825,7,2,5
20190816183,1835,1,2,1
20190816184,1845,5,1,4
20190816185,1855,7,7,0
20190816186,1865,3,5,2
20190816187,1875,3,7,4
20190816188,1885,7,7,0
20190816189,1895,7,3,4
20190816190,1905,2,0,2
20190816191,1915,7,7,0
20190816192,1925,0,8,8
20190816193,1935,1,1,0
20190816194,1945,9,8,1
20190816195,1955,4,7,3
20190816196,1965,1,5,4
20190816197,1975,0,9,9
20190816198,1985,4,6,2
20190816199,1995,1,5,4
20190816200,2005,9,3,6
20190816201,2015,8,5,3
20190816202,2025,0,2,2
20190816203,2035,6,6,0
20190816204,2045,3,0,3
20190816205,2055,7,9,2
20190816206,2065,0,0,0
20190816207,2075,2,0,2
20190816208,2085,8,6,2
20190816209,2095,4,2,2
20190816210,2105,1,0,1
20190816211,2115,6,1,5
20190816212,2125,1,2,1
20190816213,2135,2,0,2
20190816214,2145,4,1,3
20190816215,2155,9,6,3
20190816216,2165,8,4,4
20190816217,2175,1,1,0
20190816218,2185,8,3,5
20190816219,2195,5,9,4
20190816220,2205,8,8,0
20190816221,2215,0,4,4
20190816222,2225,6,7,1
20190816223,2235,8,7,1
20190816224,2245,8,4,4
20190816225,2255,3,8,5
20190816226,2265,5,1,4
20190816227,2275,6,5,1
20190816228,2285,0,0,0
20190816229,2295,6,5,1
20190816230,2305,7,8,1
20190816231,2315,1,5,4
20190816232,2325,8,6,2
20190816233,2335,0,7,7
20190816234,2345,7,0,7
20190816235,2355,0,2,2
20190816236,2365,6,6,0
20190816237,2375,5,5,0
20190816238,2385,8,6,2
20190816239,2395,3,9,6
20190816240,2405,6,6,0
20190816241,2415,0,7,7
20190816242,2425,1,0,1
20190816243,2435,0,2,2
20190816244,2445,5,3,2
20190816245,2455,7,7,0
20190816246,2465,8,2,6
20190816247,2475,1,0,1
20190816248,2485,6,4,2
20190816249,2495,7,8,1
20190816250,2505,5,6,1
20190816251,2515,6,6,0
20190816252,2525,8,4,4
20190816253,2535,1,5,4
20190816254,2545,0,4,4
20190816255,2555,1,3,2
20190816256,2565,7,0,7
20190816257,2575,7,0,7
20190816258,2585,5,6,1
20190816259,2595,3,2,1
20190816260,2605,2,6,4
20190816261,2615,5,2,3
20190816262,2625,1,4,3
20190816263,2635,3,0,3
20190816264,2645,0,9,9
20190816265,2655,3,2,1
20190816266,2665,1,1,0
20190816267,2675,1,4,3
20190816268,2685,3,3,0
20190816269,2695,9,6,3
20190816270,2705,3,9,6
20190816271,2715,5,3,2
20190816272,2725,6,2,4
20190816273,2735,9,2,7
20190816274,2745,8,6,2
20190816275,2755,3,0,3
20190816276,2765,1,1,0
20190816277,2775,4,3,1
20190816278,2785,7,9,2
20190816279,2795,6,8,2
20190816280,2805,3,5,2
20190816281,2815,0,2,2
20190816282,2825,9,3,6
20190816283,2835,5,6,1
20190816284,2845,6,4,2
20190816285,2855,0,2,2
20190816286,2865,5,9,4
20190816287,2875,5,3,2
20190816288,2885,5,9,4
20190817001,16,0,7,7
20190817002,26,5,2,3
20190817003,36,0,8,8
20190817004,46,7,3,4
20190817005,56,6,6,0
20190817006,66,6,1,5
20190817007,76,2,5,3
20190817008,86,3,3,0
20190817009,96,2,8,6
20190817010,106,1,9,8
20190817011,116,5,2,3
20190817012,126,5,1,4
20190817013,136,0,2,2
20190817014,146,2,3,1
20190817015,156,2,8,6
20190817016,166,5,2,3
20190817017,176,1,2,1
20190817018,186,2,8,6
20190817019,196,6,4,2
20190817020,206,5,3,2
20190817021,216,7,0,7
20190817022,226,6,9,3
20190817023,236,8,0,8
20190817024,246,1,3,2
20190817025,256,1,7,6
20190817026,266,8,4,4
20190817027,276,7,3,4
20190817028,286,4,9,5
20190817029,296,0,8,8
20190817030,306,7,2,5
20190817031,316,4,9,5
20190817032,326,1,8,7
20190817033,336,9,0,9
20190817034,346,6,8,2
20190817035,356,0,7,7
20190817036,366,1,5,4
20190817037,376,8,9,1
20190817038,386,1,8,7
20190817039,396,9,6,3
20190817040,406,1,0,1
20190817041,416,1,6,5
20190817042,426,3,5,2
20190817043,436,2,4,2
20190817044,446,1,7,6
20190817045,456,1,8,7
20190817046,466,2,0,2
20190817047,476,9,3,6
20190817048,486,8,3,5
20190817049,496,3,3,0
20190817050,506,6,0,6
20190817051,516,6,6,0
20190817052,526,2,4,2
20190817053,536,9,5,4
20190817054,546,1,9,8
20190817055,556,2,0,2
20190817056,566,1,6,5
20190817057,576,0,5,5
20190817058,586,1,6,5
20190817059,596,9,3,6
20190817060,606,0,7,7
20190817061,616,2,6,4
20190817062,626,9,0,9
20190817063,636,7,2,5
20190817064,646,8,7,1
20190817065,656,7,3,4
20190817066,666,3,5,2
20190817067,676,0,3,3
20190817068,686,8,4,4
20190817069,696,3,6,3
20190817070,706,7,2,5
20190817071,716,4,3,1
20190817072,726,4,2,2
20190817073,736,6,3,3
20190817074,746,8,2,6
20190817075,756,7,6,1
20190817076,766,2,2,0
20190817077,776,4,9,5
20190817078,786,2,4,2
20190817079,796,4,8,4
20190817080,806,0,7,7
20190817081,816,6,2,4
20190817082,826,5,8,3
20190817083,836,1,4,3
20190817084,846,4,2,2
20190817085,856,4,7,3
20190817086,866,3,3,0
20190817087,876,9,1,8
20190817088,886,3,1,2
20190817089,896,7,9,2
20190817090,906,2,2,0
20190817091,916,1,5,4
20190817092,926,1,0,1
20190817093,936,5,2,3
20190817094,946,2,2,0
20190817095,956,6,1,5
20190817096,966,9,4,5
20190817097,976,9,8,1
20190817098,986,9,4,5
20190817099,996,6,0,6
20190817100,1006,3,3,0
20190817101,1016,9,7,2
20190817102,1026,5,5,0
20190817103,1036,1,4,3
20190817104,1046,7,4,3
20190817105,1056,3,3,0
20190817106,1066,0,2,2
20190817107,1076,7,2,5
20190817108,1086,3,4,1
20190817109,1096,4,5,1
20190817110,1106,8,7,1
20190817111,1116,9,5,4
20190817112,1126,6,2,4
20190817113,1136,5,3,2
20190817114,1146,6,7,1
20190817115,1156,4,3,1
20190817116,1166,3,1,2
20190817117,1176,2,2,0
20190817118,1186,4,7,3
20190817119,1196,7,2,5
20190817120,1206,1,9,8
20190817121,1216,1,9,8
20190817122,1226,9,5,4
20190817123,1236,2,9,7
20190817124,1246,3,4,1
20190817125,1256,6,3,3
20190817126,1266,6,9,3
20190817127,1276,0,1,1
20190817128,1286,6,7,1
20190817129,1296,1,7,6
20190817130,1306,6,5,1
20190817131,1316,7,7,0
20190817132,1326,6,0,6
20190817133,1336,8,3,5
20190817134,1346,4,4,0
20190817135,1356,2,8,6
20190817136,1366,6,8,2
20190817137,1376,8,6,2
20190817138,1386,9,9,0
20190817139,1396,1,7,6
20190817140,1406,6,8,2
20190817141,1416,2,7,5
20190817142,1426,1,5,4
20190817143,1436,6,2,4
20190817144,1446,9,7,2
20190817145,1456,2,6,4
20190817146,1466,0,2,2
20190817147,1476,7,6,1
20190817148,1486,8,2,6
20190817149,1496,9,4,5
20190817150,1506,3,5,2
20190817151,1516,5,9,4
20190817152,1526,0,5,5
20190817153,1536,7,2,5
20190817154,1546,1,0,1
20190817155,1556,0,4,4
20190817156,1566,1,9,8
20190817157,1576,6,1,5
20190817158,1586,5,7,2
20190817159,1596,8,9,1
20190817160,1606,8,5,3
20190817161,1616,7,8,1
20190817162,1626,5,9,4
20190817163,1636,3,3,0
20190817164,1646,2,3,1
20190817165,1656,6,5,1
20190817166,1666,7,7,0
20190817167,1676,2,1,1
20190817168,1686,9,1,8
20190817169,1696,1,7,6
20190817170,1706,6,0,6
20190817171,1716,4,7,3
20190817172,1726,7,2,5
20190817173,1736,0,3,3
20190817174,1746,2,3,1
20190817175,1756,6,1,5
20190817176,1766,2,9,7
20190817177,1776,5,4,1
20190817178,1786,3,4,1
20190817179,1796,3,1,2
20190817180,1806,3,8,5
20190817181,1816,6,3,3
20190817182,1826,6,2,4
20190817183,1836,8,2,6
20190817184,1846,2,5,3
20190817185,1856,3,9,6
20190817186,1866,3,7,4
20190817187,1876,3,5,2
20190817188,1886,3,3,0
20190817189,1896,6,5,1
20190817190,1906,4,5,1
20190817191,1916,2,5,3
20190817192,1926,7,8,1
20190817193,1936,4,8,4
20190817194,1946,0,2,2
20190817195,1956,0,1,1
20190817196,1966,5,6,1
20190817197,1976,1,2,1
20190817198,1986,5,7,2
20190817199,1996,8,2,6
20190817200,2006,2,2,0
20190817201,2016,8,9,1
20190817202,2026,6,2,4
20190817203,2036,5,2,3
20190817204,2046,6,9,3
20190817205,2056,3,0,3
20190817206,2066,8,6,2
20190817207,2076,6,7,1
20190817208,2086,8,5,3
20190817209,2096,3,7,4
20190817210,2106,8,2,6
20190817211,2116,2,9,7
20190817212,2126,3,3,0
20190817213,2136,7,6,1
20190817214,2146,4,4,0
20190817215,2156,7,8,1
20190817216,2166,2,7,5
20190817217,2176,3,3,0
20190817218,2186,0,3,3
20190817219,2196,6,7,1
20190817220,2206,1,3,2
20190817221,2216,9,9,0
20190817222,2226,6,6,0
20190817223,2236,5,2,3
20190817224,2246,6,3,3
20190817225,2256,4,7,3
20190817226,2266,6,1,5
20190817227,2276,3,3,0
20190817228,2286,3,7,4
20190817229,2296,5,9,4
20190817230,2306,0,9,9
20190817231,2316,9,0,9
20190817232,2326,1,8,7
20190817233,2336,2,6,4
20190817234,2346,2,1,1
20190817235,2356,0,2,2
20190817236,2366,8,2,6
20190817237,2376,4,2,2
20190817238,2386,1,6,5
20190817239,2396,3,1,2
20190817240,2406,4,2,2
20190817241,2416,4,0,4
20190817242,2426,4,3,1
20190817243,2436,3,3,0
20190817244,2446,5,5,0
20190817245,2456,4,7,3
20190817246,2466,6,2,4
20190817247,2476,6,2,4
20190817248,2486,4,0,4
20190817249,2496,4,0,4
20190817250,2506,0,3,3
20190817251,2516,0,6,6
20190817252,2526,9,3,6
20190817253,2536,5,4,1
20190817254,2546,1,1,0
20190817255,2556,9,2,7
20190817256,2566,7,0,7
20190817257,2576,8,1,7
20190817258,2586,5,3,2
20190817259,2596,0,8,8
20190817260,2606,2,9,7
20190817261,2616,3,1,2
20190817262,2626,0,0,0
20190817263,2636,7,1,6
20190817264,2646,8,3,5
20190817265,2656,7,4,3
20190817266,2666,9,2,7
20190817267,2676,9,2,7
20190817268,2686,5,9,4
20190817269,2696,3,1,2
20190817270,2706,9,0,9
20190817271,2716,2,0,2
20190817272,2726,9,4,5
20190817273,2736,9,5,4
20190817274,2746,5,7,2
20190817275,2756,0,5,5
20190817276,2766,9,2,7
20190817277,2776,1,1,0
20190817278,2786,5,6,1
20190817279,2796,4,5,1
20190817280,2806,0,5,5
20190817281,2816,9,7,2
20190817282,2826,2,2,0
20190817283,2836,1,6,5
20190817284,2846,9,8,1
20190817285,2856,5,5,0
20190817286,2866,9,0,9
20190817287,2876,0,7,7
20190817288,2886,2,2,0
20190818001,17,8,6,2
20190818002,27,8,1,7
20190818003,37,7,3,4
20190818004,47,5,4,1
20190818005,57,7,0,7
20190818006,67,8,4,4
20190818007,77,1,9,8
20190818008,87,5,8,3
20190818009,97,2,2,0
20190818010,107,8,1,7
20190818011,117,3,4,1
20190818012,127,3,2,1
20190818013,137,3,1,2
20190818014,147,6,8,2
20190818015,157,2,1,1
20190818016,167,6,4,2
20190818017,177,2,4,2
20190818018,187,5,7,2
20190818019,197,9,7,2
20190818020,207,4,1,3
20190818021,217,6,2,4
20190818022,227,1,9,8
20190818023,237,6,8,2
20190818024,247,2,7,5
20190818025,257,9,3,6
20190818026,267,2,8,6
20190818027,277,4,2,2
20190818028,287,5,5,0
20190818029,297,4,8,4
20190818030,307,9,6,3
20190818031,317,8,2,6
20190818032,327,3,2,1
20190818033,337,9,2,7
20190818034,347,4,8,4
20190818035,357,2,4,2
20190818036,367,3,6,3
20190818037,377,5,6,1
20190818038,387,9,6,3
20190818039,397,3,4,1
20190818040,407,4,0,4
20190818041,417,4,9,5
20190818042,427,0,2,2
20190818043,437,3,1,2
20190818044,447,9,2,7
20190818045,457,5,8,3
20190818046,467,9,0,9
20190818047,477,6,2,4
20190818048,487,6,8,2
20190818049,497,1,6,5
20190818050,507,9,1,8
20190818051,517,3,3,0
20190818052,527,3,0,3
20190818053,537,0,1,1
20190818054,547,5,8,3
20190818055,557,2,3,1
20190818056,567,5,3,2
20190818057,577,6,4,2
20190818058,587,4,7,3
20190818059,597,7,9,2
20190818060,607,9,6,3
20190818061,617,5,7,2
20190818062,627,9,3,6
20190818063,637,5,9,4
20190818064,647,1,2,1
20190818065,657,7,8,1
20190818066,667,5,5,0
20190818067,677,9,9,0
20190818068,687,6,0,6
20190818069,697,5,7,2
20190818070,707,2,8,6
20190818071,717,0,4,4
20190818072,727,6,5,1
20190818073,737,5,9,4
20190818074,747,4,5,1
20190818075,757,7,0,7
20190818076,767,6,9,3
20190818077,777,0,6,6
20190818078,787,4,5,1
20190818079,797,7,4,3
20190818080,807,5,1,4
20190818081,817,2,7,5
20190818082,827,8,5,3
20190818083,837,7,6,1
20190818084,847,3,7,4
20190818085,857,1,8,7
20190818086,867,2,1,1
20190818087,877,3,0,3
20190818088,887,8,4,4
20190818089,897,0,3,3
20190818090,907,2,6,4
20190818091,917,7,7,0
20190818092,927,2,5,3
20190818093,937,3,7,4
20190818094,947,8,5,3
20190818095,957,1,9,8
20190818096,967,4,9,5
20190818097,977,4,7,3
20190818098,987,3,7,4
20190818099,997,9,5,4
20190818100,1007,5,5,0
20190818101,1017,3,2,1
20190818102,1027,4,3,1
20190818103,1037,8,7,1
20190818104,1047,9,0,9
20190818105,1057,7,0,7
20190818106,1067,2,3,1
20190818107,1077,8,2,6
20190818108,1087,5,8,3
20190818109,1097,6,8,2
20190818110,1107,3,0,3
20190818111,1117,2,2,0
20190818112,1127,0,7,7
20190818113,1137,0,1,1
20190818114,1147,8,1,7
20190818115,1157,7,9,2
20190818116,1167,4,7,3
20190818117,1177,6,2,4
20190818118,1187,5,8,3
20190818119,1197,2,7,5
20190818120,1207,4,0,4
20190818121,1217,7,2,5
20190818122,1227,6,5,1
20190818123,1237,7,8,1
20190818124,1247,1,2,1
20190818125,1257,0,6,6
20190818126,1267,4,2,2
20190818127,1277,9,5,4
20190818128,1287,7,6,1
20190818129,1297,6,4,2
20190818130,1307,7,3,4
20190818131,1317,3,6,3
20190818132,1327,4,3,1
20190818133,1337,8,0,8
20190818134,1347,1,7,6
20190818135,1357,2,0,2
20190818136,1367,7,2,5
20190818137,1377,9,5,4
20190818138,1387,5,3,2
20190818139,1397,5,8,3
20190818140,1407,8,2,6
20190818141,1417,3,5,2
20190818142,1427,1,4,3
20190818143,1437,8,1,7
20190818144,1447,8,9,1
20190818145,1457,0,7,7
20190818146,1467,4,2,2
20190818147,1477,4,3,1
20190818148,1487,0,6,6
20190818149,1497,3,9,6
20190818150,1507,7,1,6
20190818151,1517,6,8,2
20190818152,1527,9,8,1
20190818153,1537,1,7,6
20190818154,1547,7,7,0
20190818155,1557,3,2,1
20190818156,1567,6,6,0
20190818157,1577,7,4,3
20190818158,1587,5,0,5
20190818159,1597,9,6,3
20190818160,1607,0,8,8
20190818161,1617,5,9,4
20190818162,1627,1,2,1
20190818163,1637,6,7,1
20190818164,1647,3,9,6
20190818165,1657,4,5,1
20190818166,1667,5,6,1
20190818167,1677,2,8,6
20190818168,1687,8,7,1
20190818169,1697,3,7,4
20190818170,1707,1,0,1
20190818171,1717,1,9,8
20190818172,1727,6,1,5
20190818173,1737,9,9,0
20190818174,1747,7,2,5
20190818175,1757,5,0,5
20190818176,1767,9,2,7
20190818177,1777,0,5,5
20190818178,1787,6,2,4
20190818179,1797,1,5,4
20190818180,1807,5,6,1
20190818181,1817,6,2,4
20190818182,1827,8,4,4
20190818183,1837,0,8,8
20190818184,1847,3,1,2
20190818185,1857,0,6,6
20190818186,1867,4,1,3
20190818187,1877,6,8,2
20190818188,1887,7,9,2
20190818189,1897,3,0,3
20190818190,1907,6,2,4
20190818191,1917,7,5,2
20190818192,1927,9,4,5
20190818193,1937,7,6,1
20190818194,1947,5,5,0
20190818195,1957,2,9,7
20190818196,1967,5,5,0
20190818197,1977,0,4,4
20190818198,1987,2,4,2
20190818199,1997,2,2,0
20190818200,2007,8,5,3
20190818201,2017,8,0,8
20190818202,2027,7,5,2
20190818203,2037,1,0,1
20190818204,2047,2,9,7
20190818205,2057,2,2,0
20190818206,2067,6,6,0
20190818207,2077,9,7,2
20190818208,2087,8,7,1
20190818209,2097,9,1,8
20190818210,2107,3,9,6
20190818211,2117,5,3,2
20190818212,2127,9,1,8
20190818213,2137,3,1,2
20190818214,2147,9,3,6
20190818215,2157,1,9,8
20190818216,2167,6,9,3
20190818217,2177,4,3,1
20190818218,2187,4,2,2
20190818219,2197,5,6,1
20190818220,2207,8,8,0
20190818221,2217,2,7,5
20190818222,2227,1,6,5
20190818223,2237,6,0,6
20190818224,2247,4,3,1
20190818225,2257,5,7,2
20190818226,2267,7,7,0
20190818227,2277,1,6,5
20190818228,2287,0,7,7
20190818229,2297,6,8,2
20190818230,2307,1,6,5
20190818231,2317,4,5,1
20190818232,2327,4,2,2
20190818233,2337,4,0,4
20190818234,2347,0,9,9
20190818235,2357,0,3,3
20190818236,2367,2,6,4
20190818237,2377,5,6,1
20190818238,2387,5,3,2
20190818239,2397,5,2,3
20190818240,2407,1,5,4
20190818241,2417,7,0,7
20190818242,2427,1,7,6
20190818243,2437,9,6,3
20190818244,2447,8,5,3
20190818245,2457,5,2,3
20190818246,2467,3,4,1
20190818247,2477,9,0,9
20190818248,2487,4,6,2
20190818249,2497,0,0,0
20190818250,2507,9,2,7
20190818251,2517,8,9,1
20190818252,2527,7,9,2
20190818253,2537,3,0,3
20190818254,2547,5,9,4
20190818255,2557,2,2,0
20190818256,2567,3,7,4
20190818257,2577,3,1,2
20190818258,2587,9,9,0
20190818259,2597,8,6,2
20190818260,2607,5,1,4
20190818261,2617,3,2,1
20190818262,2627,4,6,2
20190818263,2637,0,3,3
20190818264,2647,7,5,2
20190818265,2657,3,7,4
20190818266,2667,8,5,3
20190818267,2677,9,3,6
20190818268,2687,6,1,5
20190818269,2697,6,8,2
20190818270,2707,5,9,4
20190818271,2717,6,6,0
20190818272,2727,6,0,6
20190818273,2737,9,9,0
20190818274,2747,5,9,4
20190818275,2757,9,7,2
20190818276,2767,1,5,4
20190818277,2777,6,2,4
20190818278,2787,6,3,3
20190818279,2797,3,4,1
20190818280,2807,1,6,5
20190818281,2817,2,1,1
20190818282,2827,3,4,1
20190818283,2837,7,7,0
20190818284,2847,3,7,4
20190818285,2857,8,6,2
20190818286,2867,6,1,5
20190818287,2877,8,5,3
20190818288,2887,6,7,1
20190819001,11,4,8,4
20190819002,21,2,9,7
20190819003,31,8,6,2
20190819004,41,0,5,5
20190819005,51,1,2,1
20190819006,61,6,2,4
20190819007,71,3,5,2
20190819008,81,0,6,6
20190819009,91,3,9,6
20190819010,101,6,5,1
20190819011,111,4,6,2
20190819012,121,0,8,8
20190819013,131,4,0,4
20190819014,141,1,5,4
20190819015,151,2,9,7
20190819016,161,6,3,3
20190819017,171,9,6,3
20190819018,181,9,5,4
20190819019,191,6,0,6
20190819020,201,9,0,9
20190819021,211,7,4,3
20190819022,221,6,7,1
20190819023,231,7,0,7
20190819024,241,8,4,4
20190819025,251,2,3,1
20190819026,261,8,0,8
20190819027,271,9,3,6
20190819028,281,8,3,5
20190819029,291,3,7,4
20190819030,301,0,1,1
20190819031,311,0,8,8
20190819032,321,7,1,6
20190819033,331,6,1,5
20190819034,341,1,4,3
20190819035,351,2,2,0
20190819036,361,1,2,1
20190819037,371,6,0,6
20190819038,381,3,2,1
20190819039,391,9,5,4
20190819040,401,7,5,2
20190819041,411,0,0,0
20190819042,421,9,1,8
20190819043,431,9,8,1
20190819044,441,8,0,8
20190819045,451,1,1,0
20190819046,461,3,2,1
20190819047,471,6,6,0
20190819048,481,7,3,4
20190819049,491,1,2,1
20190819050,501,7,5,2
20190819051,511,6,3,3
20190819052,521,6,0,6
20190819053,531,0,2,2
20190819054,541,2,7,5
20190819055,551,4,7,3
20190819056,561,9,0,9
20190819057,571,9,6,3
20190819058,581,5,0,5
20190819059,591,1,9,8
20190819060,601,0,6,6
20190819061,611,5,6,1
20190819062,621,9,7,2
20190819063,631,7,6,1
20190819064,641,5,6,1
20190819065,651,4,0,4
20190819066,661,7,9,2
20190819067,671,1,6,5
20190819068,681,4,0,4
20190819069,691,0,3,3
20190819070,701,2,7,5
20190819071,711,0,5,5
20190819072,721,0,1,1
20190819073,731,4,3,1
20190819074,741,6,1,5
20190819075,751,4,0,4
20190819076,761,8,9,1
20190819077,771,7,0,7
20190819078,781,5,5,0
20190819079,791,6,2,4
20190819080,801,4,6,2
20190819081,811,2,9,7
20190819082,821,8,4,4
20190819083,831,1,3,2
20190819084,841,1,1,0
20190819085,851,8,9,1
20190819086,861,6,1,5
20190819087,871,0,9,9
20190819088,881,9,7,2
20190819089,891,9,9,0
20190819090,901,5,6,1
20190819091,911,7,5,2
20190819092,921,1,3,2
20190819093,931,0,4,4
20190819094,941,7,3,4
20190819095,951,9,3,6
20190819096,961,8,9,1
20190819097,971,7,4,3
20190819098,981,3,8,5
20190819099,991,9,4,5
20190819100,1001,1,1,0
20190819101,1011,2,7,5
20190819102,1021,4,2,2
20190819103,1031,8,4,4
20190819104,1041,8,3,5
20190819105,1051,5,5,0
20190819106,1061,2,2,0
20190819107,1071,1,9,8
20190819108,1081,5,4,1
20190819109,1091,3,9,6
20190819110,1101,3,7,4
20190819111,1111,5,4,1
20190819112,1121,9,9,0
20190819113,1131,2,5,3
20190819114,1141,9,2,7
20190819115,1151,5,3,2
20190819116,1161,8,0,8
20190819117,1171,4,7,3
20190819118,1181,5,0,5
20190819119,1191,8,2,6
20190819120,1201,5,5,0
20190819121,1211,7,1,6
20190819122,1221,5,1,4
20190819123,1231,7,6,1
20190819124,1241,9,3,6
20190819125,1251,2,7,5
20190819126,1261,8,7,1
20190819127,1271,5,9,4
20190819128,1281,8,2,6
20190819129,1291,8,9,1
20190819130,1301,4,7,3
20190819131,1311,2,8,6
20190819132,1321,9,0,9
20190819133,1331,0,8,8
20190819134,1341,5,7,2
20190819135,1351,7,3,4
20190819136,1361,2,0,2
20190819137,1371,3,0,3
20190819138,1381,0,2,2
20190819139,1391,3,5,2
20190819140,1401,1,8,7
20190819141,1411,1,8,7
20190819142,1421,6,3,3
20190819143,1431,2,8,6
20190819144,1441,9,2,7
20190819145,1451,8,5,3
20190819146,1461,7,6,1
20190819147,1471,9,0,9
20190819148,1481,2,4,2
20190819149,1491,8,2,6
20190819150,1501,0,4,4
20190819151,1511,0,8,8
20190819152,1521,6,5,1
20190819153,1531,1,5,4
20190819154,1541,4,9,5
20190819155,1551,7,7,0
20190819156,1561,7,2,5
20190819157,1571,7,5,2
20190819158,1581,3,0,3
20190819159,1591,5,5,0
20190819160,1601,6,5,1
20190819161,1611,9,0,9
20190819162,1621,4,3,1
20190819163,1631,8,3,5
20190819164,1641,8,8,0
20190819165,1651,1,5,4
20190819166,1661,1,3,2
20190819167,1671,6,0,6
20190819168,1681,0,2,2
20190819169,1691,6,0,6
20190819170,1701,0,6,6
20190819171,1711,9,8,1
20190819172,1721,3,4,1
20190819173,1731,1,0,1
20190819174,1741,6,2,4
20190819175,1751,3,5,2
20190819176,1761,5,3,2
20190819177,1771,9,5,4
20190819178,1781,3,6,3
20190819179,1791,9,2,7
20190819180,1801,8,4,4
20190819181,1811,9,7,2
20190819182,1821,0,9,9
20190819183,1831,7,1,6
20190819184,1841,3,8,5
20190819185,1851,3,2,1
20190819186,1861,2,6,4
20190819187,1871,6,3,3
20190819188,1881,3,0,3
20190819189,1891,0,9,9
20190819190,1901,3,6,3
20190819191,1911,5,6,1
20190819192,1921,3,7,4
20190819193,1931,2,7,5
20190819194,1941,2,1,1
20190819195,1951,1,0,1
20190819196,1961,4,4,0
20190819197,1971,2,9,7
20190819198,1981,2,0,2
20190819199,1991,8,9,1
20190819200,2001,3,6,3
20190819201,2011,7,6,1
20190819202,2021,0,6,6
20190819203,2031,3,0,3
20190819204,2041,5,5,0
20190819205,2051,9,5,4
20190819206,2061,3,2,1
20190819207,2071,6,4,2
20190819208,2081,5,2,3
20190819209,2091,7,4,3
20190819210,2101,6,2,4
20190819211,2111,5,0,5
20190819212,2121,8,6,2
20190819213,2131,1,8,7
20190819214,2141,7,5,2
20190819215,2151,4,8,4
20190819216,2161,6,6,0
20190819217,2171,6,6,0
20190819218,2181,5,6,1
20190819219,2191,7,8,1
20190819220,2201,5,8,3
20190819221,2211,1,3,2
20190819222,2221,0,0,0
20190819223,2231,7,0,7
20190819224,2241,3,5,2
20190819225,2251,8,0,8
20190819226,2261,0,3,3
20190819227,2271,9,8,1
20190819228,2281,6,9,3
20190819229,2291,9,9,0
20190819230,2301,6,1,5
20190819231,2311,0,4,4
20190819232,2321,5,8,3
20190819233,2331,8,2,6
20190819234,2341,0,0,0
20190819235,2351,3,7,4
20190819236,2361,5,7,2
20190819237,2371,1,9,8
20190819238,2381,6,5,1
20190819239,2391,9,2,7
20190819240,2401,9,8,1
20190819241,2411,2,1,1
20190819242,2421,2,1,1
20190819243,2431,8,2,6
20190819244,2441,0,9,9
20190819245,2451,4,4,0
20190819246,2461,8,4,4
20190819247,2471,6,4,2
20190819248,2481,7,1,6
20190819249,2491,1,8,7
20190819250,2501,7,3,4
20190819251,2511,6,0,6
20190819252,2521,5,3,2
20190819253,2531,6,1,5
20190819254,2541,1,0,1
20190819255,2551,1,9,8
20190819256,2561,5,4,1
20190819257,2571,5,7,2
20190819258,2581,8,2,6
20190819259,2591,7,0,7
20190819260,2601,1,5,4
20190819261,2611,6,2,4
20190819262,2621,8,7,1
20190819263,2631,4,1,3
20190819264,2641,1,8,7
20190819265,2651,9,2,7
20190819266,2661,0,8,8
20190819267,2671,3,0,3
20190819268,2681,1,7,6
20190819269,2691,0,6,6
20190819270,2701,9,5,4
20190819271,2711,5,8,3
20190819272,2721,8,7,1
20190819273,2731,1,3,2
20190819274,2741,5,5,0
20190819275,2751,5,7,2
20190819276,2761,4,2,2
20190819277,2771,6,7,1
20190819278,2781,5,5,0
20190819279,2791,6,5,1
20190819280,2801,9,5,4
20190819281,2811,3,1,2
20190819282,2821,7,7,0
20190819283,2831,4,6,2
20190819284,2841,6,1,5
20190819285,2851,2,5,3
20190819286,2861,3,9,6
20190819287,2871,4,7,3
20190819288,2881,4,1,3
20190820001,12,4,3,1
20190820002,22,0,5,5
20190820003,32,9,2,7
20190820004,42,2,4,2
20190820005,52,4,6,2
20190820006,62,6,5,1
20190820007,72,7,4,3
20190820008,82,6,4,2
20190820009,92,3,3,0
20190820010,102,6,3,3
20190820011,112,6,3,3
20190820012,122,4,3,1
20190820013,132,5,2,3
20190820014,142,2,1,1
20190820015,152,7,4,3
20190820016,162,9,5,4
20190820017,172,8,0,8
20190820018,182,9,7,2
20190820019,192,9,1,8
20190820020,202,8,2,6
20190820021,212,5,9,4
20190820022,222,5,6,1
20190820023,232,8,3,5
20190820024,242,3,7,4
20190820025,252,9,3,6
20190820026,262,0,2,2
20190820027,272,5,3,2
20190820028,282,8,1,7
20190820029,292,0,1,1
20190820030,302,1,8,7
20190820031,312,4,6,2
20190820032,322,4,2,2
20190820033,332,8,1,7
20190820034,342,4,0,4
20190820035,352,5,1,4
20190820036,362,5,9,4
20190820037,372,5,5,0
20190820038,382,5,9,4
20190820039,392,2,3,1
20190820040,402,3,2,1
20190820041,412,8,8,0
20190820042,422,3,5,2
20190820043,432,8,0,8
20190820044,442,5,9,4
20190820045,452,4,4,0
20190820046,462,1,9,8
20190820047,472,8,4,4
20190820048,482,5,6,1
20190820049,492,4,9,5
20190820050,502,3,2,1
20190820051,512,4,4,0
20190820052,522,7,0,7
20190820053,532,8,4,4
20190820054,542,0,2,2
20190820055,552,6,1,5
20190820056,562,6,2,4
20190820057,572,4,0,4
20190820058,582,2,6,4
20190820059,592,8,2,6
20190820060,602,9,0,9
20190820061,612,4,5,1
20190820062,622,7,0,7
20190820063,632,7,0,7
20190820064,642,0,8,8
20190820065,652,0,4,4
20190820066,662,4,2,2
20190820067,672,9,1,8
20190820068,682,7,8,1
20190820069,692,6,7,1
20190820070,702,7,4,3
20190820071,712,7,3,4
20190820072,722,3,1,2
20190820073,732,8,9,1
20190820074,742,8,8,0
20190820075,752,5,7,2
20190820076,762,6,4,2
20190820077,772,2,6,4
20190820078,782,3,3,0
20190820079,792,4,2,2
20190820080,802,5,3,2
20190820081,812,0,0,0
20190820082,822,8,3,5
20190820083,832,5,7,2
20190820084,842,6,7,1
20190820085,852,1,6,5
20190820086,862,5,0,5
20190820087,872,5,5,0
20190820088,882,8,3,5
20190820089,892,6,6,0
20190820090,902,3,8,5
20190820091,912,1,4,3
20190820092,922,9,3,6
20190820093,932,2,0,2
20190820094,942,0,2,2
20190820095,952,2,1,1
20190820096,962,7,0,7
20190820097,972,3,3,0
20190820098,982,7,9,2
20190820099,992,1,4,3
20190820100,1002,9,1,8
20190820101,1012,1,8,7
20190820102,1022,8,4,4
20190820103,1032,9,5,4
20190820104,1042,5,0,5
20190820105,1052,4,5,1
20190820106,1062,7,7,0
20190820107,1072,6,0,6
20190820108,1082,7,0,7
20190820109,1092,7,4,3
20190820110,1102,9,4,5
20190820111,1112,7,3,4
20190820112,1122,7,3,4
20190820113,1132,1,4,3
20190820114,1142,4,3,1
20190820115,1152,6,2,4
20190820116,1162,3,5,2
20190820117,1172,2,3,1
20190820118,1182,0,9,9
20190820119,1192,4,7,3
20190820120,1202,4,0,4
20190820121,1212,0,2,2
20190820122,1222,9,1,8
20190820123,1232,3,7,4
20190820124,1242,1,9,8
20190820125,1252,8,7,1
20190820126,1262,3,5,2
20190820127,1272,2,1,1
20190820128,1282,8,1,7
20190820129,1292,7,1,6
20190820130,1302,6,4,2
20190820131,1312,5,0,5
20190820132,1322,6,3,3
20190820133,1332,9,6,3
20190820134,1342,7,7,0
20190820135,1352,1,1,0
20190820136,1362,3,3,0
20190820137,1372,3,9,6
20190820138,1382,8,9,1
20190820139,1392,4,7,3
20190820140,1402,2,2,0
20190820141,1412,7,3,4
20190820142,1422,1,8,7
20190820143,1432,5,8,3
20190820144,1442,4,2,2
20190820145,1452,1,7,6
20190820146,1462,7,3,4
20190820147,1472,2,2,0
20190820148,1482,1,2,1
20190820149,1492,2,3,1
20190820150,1502,6,2,4
20190820151,1512,5,8,3
20190820152,1522,1,3,2
20190820153,1532,6,5,1
20190820154,1542,8,1,7
20190820155,1552,6,3,3
20190820156,1562,9,6,3
20190820157,1572,1,9,8
20190820158,1582,4,2,2
20190820159,1592,7,2,5
20190820160,1602,9,0,9
20190820161,1612,2,7,5
20190820162,1622,6,3,3
20190820163,1632,3,5,2
20190820164,1642,6,3,3
20190820165,1652,1,2,1
20190820166,1662,4,2,2
20190820167,1672,8,1,7
20190820168,1682,9,5,4
20190820169,1692,5,5,0
20190820170,1702,1,3,2
20190820171,1712,9,9,0
20190820172,1722,3,8,5
20190820173,1732,1,3,2
20190820174,1742,7,6,1
20190820175,1752,0,6,6
20190820176,1762,2,6,4
20190820177,1772,6,0,6
20190820178,1782,2,8,6
20190820179,1792,5,0,5
20190820180,1802,8,5,3
20190820181,1812,8,9,1
20190820182,1822,8,7,1
20190820183,1832,5,1,4
20190820184,1842,9,0,9
20190820185,1852,2,2,0
20190820186,1862,4,2,2
20190820187,1872,1,7,6
20190820188,1882,4,4,0
20190820189,1892,1,5,4
20190820190,1902,4,3,1
20190820191,1912,4,7,3
20190820192,1922,9,2,7
20190820193,1932,3,6,3
20190820194,1942,0,2,2
20190820195,1952,3,2,1
20190820196,1962,7,9,2
20190820197,1972,8,3,5
20190820198,1982,4,6,2
20190820199,1992,3,5,2
20190820200,2002,3,7,4
20190820201,2012,1,5,4
20190820202,2022,4,3,1
20190820203,2032,0,8,8
20190820204,2042,4,6,2
20190820205,2052,0,8,8
20190820206,2062,1,1,0
20190820207,2072,6,0,6
20190820208,2082,3,4,1
20190820209,2092,7,2,5
20190820210,2102,4,7,3
20190820211,2112,7,8,1
20190820212,2122,2,8,6
20190820213,2132,8,5,3
20190820214,2142,7,7,0
20190820215,2152,9,7,2
20190820216,2162,6,9,3
20190820217,2172,1,0,1
20190820218,2182,5,1,4
20190820219,2192,5,0,5
20190820220,2202,7,0,7
20190820221,2212,7,6,1
20190820222,2222,0,6,6
20190820223,2232,0,4,4
20190820224,2242,8,0,8
20190820225,2252,5,6,1
20190820226,2262,9,5,4
20190820227,2272,5,5,0
20190820228,2282,3,3,0
20190820229,2292,3,6,3
20190820230,2302,6,4,2
20190820231,2312,3,5,2
20190820232,2322,7,2,5
20190820233,2332,7,4,3
20190820234,2342,6,1,5
20190820235,2352,1,3,2
20190820236,2362,8,4,4
20190820237,2372,0,3,3
20190820238,2382,4,3,1
20190820239,2392,8,3,5
20190820240,2402,2,1,1
20190820241,2412,5,7,2
20190820242,2422,6,6,0
20190820243,2432,1,9,8
20190820244,2442,9,5,4
20190820245,2452,2,0,2
20190820246,2462,5,7,2
20190820247,2472,0,8,8
20190820248,2482,7,4,3
20190820249,2492,7,9,2
20190820250,2502,6,9,3
20190820251,2512,4,1,3
20190820252,2522,6,2,4
20190820253,2532,8,0,8
20190820254,2542,5,3,2
20190820255,2552,6,0,6
20190820256,2562,7,8,1
20190820257,2572,9,2,7
20190820258,2582,7,6,1
20190820259,2592,0,1,1
20190820260,2602,1,3,2
20190820261,2612,3,7,4
20190820262,2622,6,4,2
20190820263,2632,7,5,2
20190820264,2642,5,8,3
20190820265,2652,6,0,6
20190820266,2662,6,7,1
20190820267,2672,2,0,2
20190820268,2682,1,7,6
20190820269,2692,6,5,1
20190820270,2702,0,6,6
20190820271,2712,8,9,1
20190820272,2722,5,8,3
20190820273,2732,7,0,7
20190820274,2742,5,0,5
20190820275,2752,3,2,1
20190820276,2762,6,2,4
20190820277,2772,2,8,6
20190820278,2782,2,6,4
20190820279,2792,9,3,6
20190820280,2802,4,5,1
20190820281,2812,6,5,1
20190820282,2822,5,9,4
20190820283,2832,4,0,4
20190820284,2842,1,9,8
20190820285,2852,9,1,8
20190820286,2862,5,6,1
20190820287,2872,3,8,5
20190820288,2882,4,5,1
20190821001,13,6,4,2
20190821002,23,6,2,4
20190821003,33,9,9,0
20190821004,43,4,4,0
20190821005,53,7,9,2
20190821006,63,9,4,5
20190821007,73,0,5,5
20190821008,83,7,9,2
20190821009,93,9,8,1
20190821010,103,9,8,1
20190821011,113,2,5,3
20190821012,123,5,7,2
20190821013,133,0,6,6
20190821014,143,5,8,3
20190821015,153,0,4,4
20190821016,163,2,7,5
20190821017,173,7,6,1
20190821018,183,6,7,1
20190821019,193,8,1,7
20190821020,203,6,8,2
20190821021,213,3,7,4
20190821022,223,6,8,2
20190821023,233,7,8,1
20190821024,243,3,6,3
20190821025,253,0,4,4
20190821026,263,8,6,2
20190821027,273,6,4,2
20190821028,283,3,4,1
20190821029,293,2,5,3
20190821030,303,3,9,6
20190821031,313,6,7,1
20190821032,323,3,3,0
20190821033,333,5,8,3
20190821034,343,2,7,5
20190821035,353,8,5,3
20190821036,363,2,1,1
20190821037,373,1,7,6
20190821038,383,0,1,1
20190821039,393,0,3,3
20190821040,403,7,0,7
20190821041,413,7,6,1
20190821042,423,9,2,7
20190821043,433,5,5,0
20190821044,443,9,4,5
20190821045,453,3,8,5
20190821046,463,4,5,1
20190821047,473,5,3,2
20190821048,483,2,3,1
20190821049,493,9,1,8
20190821050,503,0,2,2
20190821051,513,8,1,7
20190821052,523,5,7,2
20190821053,533,5,6,1
20190821054,543,7,0,7
20190821055,553,3,2,1
20190821056,563,0,8,8
20190821057,573,6,1,5
20190821058,583,8,0,8
20190821059,593,7,7,0
20190821060,603,8,2,6
20190821061,613,3,0,3
20190821062,623,6,0,6
20190821063,633,9,5,4
20190821064,643,3,4,1
20190821065,653,1,6,5
20190821066,663,9,4,5
20190821067,673,8,6,2
20190821068,683,9,4,5
20190821069,693,2,6,4
20190821070,703,6,8,2
20190821071,713,6,5,1
20190821072,723,8,6,2
20190821073,733,3,3,0
20190821074,743,5,3,2
20190821075,753,9,1,8
20190821076,763,0,6,6
20190821077,773,5,2,3
20190821078,783,6,2,4
20190821079,793,2,9,7
20190821080,803,5,8,3
20190821081,813,0,9,9
20190821082,823,4,5,1
20190821083,833,8,8,0
20190821084,843,7,7,0
20190821085,853,2,6,4
20190821086,863,3,3,0
20190821087,873,0,6,6
20190821088,883,3,2,1
20190821089,893,5,3,2
20190821090,903,7,9,2
20190821091,913,9,5,4
20190821092,923,3,6,3
20190821093,933,6,0,6
20190821094,943,5,7,2
20190821095,953,9,0,9
20190821096,963,2,3,1
20190821097,973,4,4,0
20190821098,983,9,8,1
20190821099,993,4,9,5
20190821100,1003,8,1,7
20190821101,1013,1,3,2
20190821102,1023,4,5,1
20190821103,1033,1,7,6
20190821104,1043,3,3,0
20190821105,1053,0,1,1
20190821106,1063,5,9,4
20190821107,1073,5,5,0
20190821108,1083,7,8,1
20190821109,1093,0,1,1
20190821110,1103,3,9,6
20190821111,1113,9,2,7
20190821112,1123,2,5,3
20190821113,1133,9,9,0
20190821114,1143,3,0,3
20190821115,1153,0,3,3
20190821116,1163,5,9,4
20190821117,1173,1,3,2
20190821118,1183,9,0,9
20190821119,1193,6,2,4
20190821120,1203,8,1,7
20190821121,1213,1,0,1
20190821122,1223,2,1,1
20190821123,1233,7,5,2
20190821124,1243,6,8,2
20190821125,1253,6,9,3
20190821126,1263,5,4,1
20190821127,1273,6,6,0
20190821128,1283,3,7,4
20190821129,1293,1,3,2
20190821130,1303,4,9,5
20190821131,1313,4,8,4
20190821132,1323,9,7,2
20190821133,1333,4,2,2
20190821134,1343,5,6,1
20190821135,1353,9,1,8
20190821136,1363,4,8,4
20190821137,1373,4,2,2
20190821138,1383,5,2,3
20190821139,1393,2,3,1
20190821140,1403,5,1,4
20190821141,1413,2,7,5
20190821142,1423,9,6,3
20190821143,1433,0,8,8
20190821144,1443,0,4,4
20190821145,1453,9,9,0
20190821146,1463,4,9,5
20190821147,1473,3,4,1
20190821148,1483,7,0,7
20190821149,1493,2,9,7
20190821150,1503,3,7,4
20190821151,1513,0,9,9
20190821152,1523,2,2,0
20190821153,1533,3,2,1
20190821154,1543,7,7,0
20190821155,1553,0,2,2
20190821156,1563,2,7,5
20190821157,1573,4,7,3
20190821158,1583,9,7,2
20190821159,1593,4,7,3
20190821160,1603,2,1,1
20190821161,1613,7,3,4
20190821162,1623,4,3,1
20190821163,1633,8,5,3
20190821164,1643,5,5,0
20190821165,1653,1,9,8
20190821166,1663,1,0,1
20190821167,1673,5,7,2
20190821168,1683,9,6,3
20190821169,1693,3,7,4
20190821170,1703,3,8,5
20190821171,1713,3,9,6
20190821172,1723,3,8,5
20190821173,1733,0,2,2
20190821174,1743,3,3,0
20190821175,1753,1,4,3
20190821176,1763,2,1,1
20190821177,1773,2,5,3
20190821178,1783,8,0,8
20190821179,1793,1,1,0
20190821180,1803,5,7,2
20190821181,1813,3,6,3
20190821182,1823,1,2,1
20190821183,1833,2,1,1
20190821184,1843,7,6,1
20190821185,1853,1,1,0
20190821186,1863,3,0,3
20190821187,1873,7,2,5
20190821188,1883,3,8,5
20190821189,1893,9,8,1
20190821190,1903,6,3,3
20190821191,1913,9,5,4
20190821192,1923,5,5,0
20190821193,1933,9,2,7
20190821194,1943,5,5,0
20190821195,1953,0,4,4
20190821196,1963,0,8,8
20190821197,1973,5,4,1
20190821198,1983,9,7,2
20190821199,1993,8,5,3
20190821200,2003,3,1,2
20190821201,2013,2,6,4
20190821202,2023,5,3,2
20190821203,2033,7,2,5
20190821204,2043,1,5,4
20190821205,2053,3,5,2
20190821206,2063,2,0,2
20190821207,2073,9,6,3
20190821208,2083,0,2,2
20190821209,2093,4,4,0
20190821210,2103,8,7,1
20190821211,2113,2,4,2
20190821212,2123,6,0,6
20190821213,2133,5,9,4
20190821214,2143,4,7,3
20190821215,2153,2,5,3
20190821216,2163,8,1,7
20190821217,2173,0,9,9
20190821218,2183,7,2,5
20190821219,2193,9,6,3
20190821220,2203,4,0,4
20190821221,2213,2,3,1
20190821222,2223,8,7,1
20190821223,2233,7,6,1
20190821224,2243,9,2,7
20190821225,2253,7,7,0
20190821226,2263,3,5,2
20190821227,2273,1,0,1
20190821228,2283,5,7,2
20190821229,2293,0,3,3
20190821230,2303,0,7,7
20190821231,2313,3,0,3
20190821232,2323,6,7,1
20190821233,2333,6,0,6
20190821234,2343,3,4,1
20190821235,2353,6,1,5
20190821236,2363,7,1,6
20190821237,2373,9,8,1
20190821238,2383,4,6,2
20190821239,2393,6,4,2
20190821240,2403,0,4,4
20190821241,2413,2,5,3
20190821242,2423,0,0,0
20190821243,2433,7,1,6
20190821244,2443,1,3,2
20190821245,2453,2,4,2
20190821246,2463,3,7,4
20190821247,2473,6,6,0
20190821248,2483,0,0,0
20190821249,2493,6,5,1
20190821250,2503,2,7,5
20190821251,2513,3,7,4
20190821252,2523,4,2,2
20190821253,2533,9,6,3
20190821254,2543,2,0,2
20190821255,2553,6,2,4
20190821256,2563,6,7,1
20190821257,2573,0,5,5
20190821258,2583,2,6,4
20190821259,2593,2,7,5
20190821260,2603,7,3,4
20190821261,2613,0,6,6
20190821262,2623,7,4,3
20190821263,2633,1,2,1
20190821264,2643,0,4,4
20190821265,2653,1,1,0
20190821266,2663,1,7,6
20190821267,2673,0,8,8
20190821268,2683,4,7,3
20190821269,2693,3,2,1
20190821270,2703,6,1,5
20190821271,2713,3,4,1
20190821272,2723,0,7,7
20190821273,2733,0,3,3
20190821274,2743,6,3,3
20190821275,2753,7,6,1
20190821276,2763,2,5,3
20190821277,2773,6,2,4
20190821278,2783,6,8,2
20190821279,2793,8,5,3
20190821280,2803,0,1,1
20190821281,2813,8,1,7
20190821282,2823,7,3,4
20190821283,2833,3,1,2
20190821284,2843,2,6,4
20190821285,2853,0,2,2
20190821286,2863,8,6,2
20190821287,2873,7,1,6
20190821288,2883,7,5,2
20190822001,14,4,2,2
20190822002,24,0,3,3
20190822003,34,7,4,3
20190822004,44,2,4,2
20190822005,54,0,7,7
20190822006,64,6,2,4
20190822007,74,1,8,7
20190822008,84,3,8,5
20190822009,94,7,3,4
20190822010,104,2,3,1
20190822011,114,3,5,2
20190822012,124,2,4,2
20190822013,134,7,2,5
20190822014,144,7,7,0
20190822015,154,3,9,6
20190822016,164,1,1,0
20190822017,174,3,1,2
20190822018,184,0,9,9
20190822019,194,9,6,3
20190822020,204,2,2,0
20190822021,214,3,0,3
20190822022,224,0,6,6
20190822023,234,9,4,5
20190822024,244,2,7,5
20190822025,254,1,1,0
20190822026,264,6,9,3
20190822027,274,1,1,0
20190822028,284,7,3,4
20190822029,294,2,2,0
20190822030,304,9,8,1
20190822031,314,2,8,6
20190822032,324,1,0,1
20190822033,334,3,5,2
20190822034,344,4,4,0
20190822035,354,2,0,2
20190822036,364,1,4,3
20190822037,374,6,9,3
20190822038,384,2,9,7
20190822039,394,6,3,3
20190822040,404,6,5,1
20190822041,414,5,8,3
20190822042,424,5,1,4
20190822043,434,6,5,1
20190822044,444,1,9,8
20190822045,454,1,8,7
20190822046,464,9,4,5
20190822047,474,5,8,3
20190822048,484,4,3,1
20190822049,494,0,6,6
20190822050,504,3,0,3
20190822051,514,8,9,1
20190822052,524,3,6,3
20190822053,534,7,4,3
20190822054,544,7,7,0
20190822055,554,6,8,2
20190822056,564,0,5,5
20190822057,574,2,9,7
20190822058,584,6,2,4
20190822059,594,3,5,2
20190822060,604,8,1,7
20190822061,614,8,5,3
20190822062,624,0,5,5
20190822063,634,1,3,2
20190822064,644,6,4,2
20190822065,654,4,7,3
20190822066,664,2,2,0
20190822067,674,1,8,7
20190822068,684,3,4,1
20190822069,694,3,6,3
20190822070,704,1,5,4
20190822071,714,3,1,2
20190822072,724,3,2,1
20190822073,734,5,9,4
20190822074,744,3,3,0
20190822075,754,3,8,5
20190822076,764,0,1,1
20190822077,774,5,1,4
20190822078,784,5,1,4
20190822079,794,0,3,3
20190822080,804,6,1,5
20190822081,814,6,2,4
20190822082,824,9,1,8
20190822083,834,4,3,1
20190822084,844,2,3,1
20190822085,854,8,6,2
20190822086,864,0,4,4
20190822087,874,2,1,1
20190822088,884,7,6,1
20190822089,894,4,2,2
20190822090,904,7,9,2
20190822091,914,4,4,0
20190822092,924,5,1,4
20190822093,934,1,8,7
20190822094,944,4,4,0
20190822095,954,1,7,6
20190822096,964,3,4,1
20190822097,974,4,0,4
20190822098,984,2,4,2
20190822099,994,6,0,6
20190822100,1004,4,7,3
20190822101,1014,9,2,7
20190822102,1024,6,7,1
20190822103,1034,6,9,3
20190822104,1044,0,9,9
20190822105,1054,2,1,1
20190822106,1064,5,1,4
20190822107,1074,5,9,4
20190822108,1084,0,8,8
20190822109,1094,7,6,1
20190822110,1104,4,3,1
20190822111,1114,9,5,4
20190822112,1124,1,9,8
20190822113,1134,1,0,1
20190822114,1144,4,9,5
20190822115,1154,5,4,1
20190822116,1164,1,5,4
20190822117,1174,8,8,0
20190822118,1184,8,6,2
20190822119,1194,6,4,2
20190822120,1204,8,7,1
20190822121,1214,7,1,6
20190822122,1224,7,8,1
20190822123,1234,7,9,2
20190822124,1244,5,5,0
20190822125,1254,8,2,6
20190822126,1264,4,1,3
20190822127,1274,5,2,3
20190822128,1284,4,6,2
20190822129,1294,7,5,2
20190822130,1304,1,4,3
20190822131,1314,5,1,4
20190822132,1324,6,0,6
20190822133,1334,5,2,3
20190822134,1344,5,2,3
20190822135,1354,5,5,0
20190822136,1364,9,1,8
20190822137,1374,3,3,0
20190822138,1384,7,4,3
20190822139,1394,8,6,2
20190822140,1404,3,7,4
20190822141,1414,7,7,0
20190822142,1424,7,9,2
20190822143,1434,6,5,1
20190822144,1444,3,9,6
20190822145,1454,7,9,2
20190822146,1464,4,0,4
20190822147,1474,9,2,7
20190822148,1484,7,6,1
20190822149,1494,8,6,2
20190822150,1504,4,0,4
20190822151,1514,0,8,8
20190822152,1524,2,8,6
20190822153,1534,8,4,4
20190822154,1544,4,8,4
20190822155,1554,7,4,3
20190822156,1564,1,3,2
20190822157,1574,2,9,7
20190822158,1584,0,9,9
20190822159,1594,4,5,1
20190822160,1604,5,9,4
20190822161,1614,2,1,1
20190822162,1624,2,9,7
20190822163,1634,6,4,2
20190822164,1644,3,5,2
20190822165,1654,4,3,1
20190822166,1664,3,7,4
20190822167,1674,8,3,5
20190822168,1684,7,8,1
20190822169,1694,1,7,6
20190822170,1704,4,6,2
20190822171,1714,0,2,2
20190822172,1724,9,5,4
20190822173,1734,1,5,4
20190822174,1744,7,2,5
20190822175,1754,3,3,0
20190822176,1764,4,5,1
20190822177,1774,7,5,2
20190822178,1784,1,1,0
20190822179,1794,3,8,5
20190822180,1804,6,4,2
20190822181,1814,3,1,2
20190822182,1824,2,4,2
20190822183,1834,9,6,3
20190822184,1844,7,5,2
20190822185,1854,2,7,5
20190822186,1864,3,3,0
20190822187,1874,4,5,1
20190822188,1884,4,6,2
20190822189,1894,3,6,3
20190822190,1904,4,0,4
20190822191,1914,1,3,2
20190822192,1924,3,9,6
20190822193,1934,9,1,8
20190822194,1944,6,8,2
20190822195,1954,1,1,0
20190822196,1964,8,2,6
20190822197,1974,6,0,6
20190822198,1984,1,1,0
20190822199,1994,1,6,5
20190822200,2004,2,3,1
20190822201,2014,1,5,4
20190822202,2024,2,6,4
20190822203,2034,6,4,2
20190822204,2044,9,6,3
20190822205,2054,2,4,2
20190822206,2064,1,9,8
20190822207,2074,2,4,2
20190822208,2084,0,8,8
20190822209,2094,4,7,3
20190822210,2104,4,2,2
20190822211,2114,5,5,0
20190822212,2124,8,3,5
20190822213,2134,4,1,3
20190822214,2144,8,2,6
20190822215,2154,4,5,1
20190822216,2164,9,4,5
20190822217,2174,9,8,1
20190822218,2184,0,0,0
20190822219,2194,4,4,0
20190822220,2204,5,5,0
20190822221,2214,5,2,3
20190822222,2224,7,4,3
20190822223,2234,9,1,8
20190822224,2244,8,6,2
20190822225,2254,3,2,1
20190822226,2264,7,0,7
20190822227,2274,9,5,4
20190822228,2284,8,1,7
20190822229,2294,9,2,7
20190822230,2304,8,7,1
20190822231,2314,4,7,3
20190822232,2324,3,5,2
20190822233,2334,1,2,1
20190822234,2344,0,4,4
20190822235,2354,5,9,4
20190822236,2364,7,4,3
20190822237,2374,4,5,1
20190822238,2384,7,7,0
20190822239,2394,3,5,2
20190822240,2404,7,0,7
20190822241,2414,1,4,3
20190822242,2424,8,0,8
20190822243,2434,3,3,0
20190822244,2444,5,3,2
20190822245,2454,4,5,1
20190822246,2464,9,0,9
20190822247,2474,0,7,7
20190822248,2484,1,7,6
20190822249,2494,9,4,5
20190822250,2504,6,2,4
20190822251,2514,7,0,7
20190822252,2524,7,5,2
20190822253,2534,9,5,4
20190822254,2544,7,7,0
20190822255,2554,3,2,1
20190822256,2564,9,5,4
20190822257,2574,7,9,2
20190822258,2584,2,2,0
20190822259,2594,1,9,8
20190822260,2604,4,3,1
20190822261,2614,3,4,1
20190822262,2624,1,4,3
20190822263,2634,9,3,6
20190822264,2644,4,4,0
20190822265,2654,0,9,9
20190822266,2664,1,7,6
20190822267,2674,9,8,1
20190822268,2684,0,1,1
20190822269,2694,5,6,1
20190822270,2704,3,6,3
20190822271,2714,8,1,7
20190822272,2724,3,8,5
20190822273,2734,0,6,6
20190822274,2744,9,6,3
20190822275,2754,2,3,1
20190822276,2764,6,8,2
20190822277,2774,4,6,2
20190822278,2784,0,1,1
20190822279,2794,8,9,1
20190822280,2804,4,6,2
20190822281,2814,2,0,2
20190822282,2824,4,8,4
20190822283,2834,7,8,1
20190822284,2844,9,2,7
20190822285,2854,8,2,6
20190822286,2864,2,0,2
20190822287,2874,1,6,5
20190822288,2884,0,6,6
20190823001,15,0,1,1
20190823002,25,8,1,7
20190823003,35,4,4,0
20190823004,45,0,2,2
20190823005,55,3,4,1
20190823006,65,3,0,3
20190823007,75,7,8,1
20190823008,85,2,4,2
20190823009,95,7,5,2
20190823010,105,3,2,1
20190823011,115,5,7,2
20190823012,125,8,6,2
20190823013,135,2,9,7
20190823014,145,8,4,4
20190823015,155,0,9,9
20190823016,165,9,0,9
20190823017,175,9,3,6
20190823018,185,1,2,1
20190823019,195,6,9,3
20190823020,205,9,2,7
20190823021,215,7,4,3
20190823022,225,1,5,4
20190823023,235,4,0,4
20190823024,245,6,6,0
20190823025,255,6,3,3
20190823026,265,5,7,2
20190823027,275,2,6,4
20190823028,285,3,0,3
20190823029,295,3,3,0
20190823030,305,1,2,1
20190823031,315,6,8,2
20190823032,325,1,9,8
20190823033,335,6,7,1
20190823034,345,3,9,6
20190823035,355,7,9,2
20190823036,365,9,8,1
20190823037,375,3,2,1
20190823038,385,1,5,4
20190823039,395,8,8,0
20190823040,405,0,0,0
20190823041,415,6,0,6
20190823042,425,1,7,6
20190823043,435,5,3,2
20190823044,445,4,3,1
20190823045,455,3,2,1
20190823046,465,6,2,4
20190823047,475,7,3,4
20190823048,485,6,5,1
20190823049,495,6,9,3
20190823050,505,1,3,2
20190823051,515,7,0,7
20190823052,525,1,5,4
20190823053,535,3,7,4
20190823054,545,5,6,1
20190823055,555,4,4,0
20190823056,565,4,8,4
20190823057,575,5,4,1
20190823058,585,3,4,1
20190823059,595,0,4,4
20190823060,605,5,9,4
20190823061,615,7,3,4
20190823062,625,2,8,6
20190823063,635,4,9,5
20190823064,645,8,9,1
20190823065,655,0,7,7
20190823066,665,6,4,2
20190823067,675,4,8,4
20190823068,685,8,6,2
20190823069,695,7,2,5
20190823070,705,1,4,3
20190823071,715,1,3,2
20190823072,725,8,4,4
20190823073,735,4,6,2
20190823074,745,7,9,2
20190823075,755,3,7,4
20190823076,765,4,5,1
20190823077,775,4,3,1
20190823078,785,4,0,4
20190823079,795,9,5,4
20190823080,805,2,1,1
20190823081,815,2,2,0
20190823082,825,7,6,1
20190823083,835,8,2,6
20190823084,845,4,7,3
20190823085,855,7,8,1
20190823086,865,0,9,9
20190823087,875,4,7,3
20190823088,885,6,4,2
20190823089,895,2,3,1
20190823090,905,5,6,1
20190823091,915,1,3,2
20190823092,925,7,5,2
20190823093,935,3,4,1
20190823094,945,6,5,1
20190823095,955,2,5,3
20190823096,965,6,0,6
20190823097,975,6,8,2
20190823098,985,7,5,2
20190823099,995,5,1,4
20190823100,1005,8,1,7
20190823101,1015,5,8,3
20190823102,1025,6,7,1
20190823103,1035,0,6,6
20190823104,1045,3,7,4
20190823105,1055,2,1,1
20190823106,1065,3,8,5
20190823107,1075,5,5,0
20190823108,1085,5,7,2
20190823109,1095,2,1,1
20190823110,1105,2,5,3
20190823111,1115,3,7,4
20190823112,1125,8,4,4
20190823113,1135,1,7,6
20190823114,1145,7,2,5
20190823115,1155,6,7,1
20190823116,1165,5,8,3
20190823117,1175,1,0,1
20190823118,1185,1,5,4
20190823119,1195,3,0,3
20190823120,1205,8,0,8
20190823121,1215,5,1,4
20190823122,1225,3,8,5
20190823123,1235,6,3,3
20190823124,1245,9,6,3
20190823125,1255,7,2,5
20190823126,1265,7,3,4
20190823127,1275,1,8,7
20190823128,1285,8,6,2
20190823129,1295,4,3,1
20190823130,1305,0,0,0
20190823131,1315,9,4,5
20190823132,1325,6,2,4
20190823133,1335,8,4,4
20190823134,1345,8,5,3
20190823135,1355,1,9,8
20190823136,1365,9,8,1
20190823137,1375,0,7,7
20190823138,1385,7,1,6
20190823139,1395,4,4,0
20190823140,1405,9,8,1
20190823141,1415,6,3,3
20190823142,1425,2,2,0
20190823143,1435,5,5,0
20190823144,1445,2,6,4
20190823145,1455,6,2,4
20190823146,1465,2,5,3
20190823147,1475,2,5,3
20190823148,1485,2,3,1
20190823149,1495,0,0,0
20190823150,1505,8,7,1
20190823151,1515,3,4,1
20190823152,1525,1,0,1
20190823153,1535,0,8,8
20190823154,1545,6,2,4
20190823155,1555,9,5,4
20190823156,1565,3,0,3
20190823157,1575,0,0,0
20190823158,1585,7,6,1
20190823159,1595,1,0,1
20190823160,1605,6,7,1
20190823161,1615,5,6,1
20190823162,1625,2,3,1
20190823163,1635,6,8,2
20190823164,1645,1,9,8
20190823165,1655,3,5,2
20190823166,1665,6,3,3
20190823167,1675,7,7,0
20190823168,1685,1,4,3
20190823169,1695,1,0,1
20190823170,1705,3,9,6
20190823171,1715,7,9,2
20190823172,1725,1,5,4
20190823173,1735,7,6,1
20190823174,1745,9,3,6
20190823175,1755,3,3,0
20190823176,1765,2,5,3
20190823177,1775,1,3,2
20190823178,1785,7,8,1
20190823179,1795,2,0,2
20190823180,1805,9,6,3
20190823181,1815,1,4,3
20190823182,1825,9,8,1
20190823183,1835,2,6,4
20190823184,1845,9,1,8
20190823185,1855,3,8,5
20190823186,1865,3,5,2
20190823187,1875,6,1,5
20190823188,1885,8,5,3
20190823189,1895,4,4,0
20190823190,1905,7,4,3
20190823191,1915,8,8,0
20190823192,1925,9,0,9
20190823193,1935,1,9,8
20190823194,1945,9,5,4
20190823195,1955,4,9,5
20190823196,1965,8,7,1
20190823197,1975,8,8,0
20190823198,1985,1,0,1
20190823199,1995,5,1,4
20190823200,2005,6,3,3
20190823201,2015,0,6,6
20190823202,2025,7,8,1
20190823203,2035,0,5,5
20190823204,2045,4,9,5
20190823205,2055,2,8,6
20190823206,2065,7,0,7
20190823207,2075,8,8,0
20190823208,2085,9,7,2
20190823209,2095,8,0,8
20190823210,2105,9,0,9
20190823211,2115,8,5,3
20190823212,2125,3,9,6
20190823213,2135,8,6,2
20190823214,2145,3,4,1
20190823215,2155,5,7,2
20190823216,2165,2,7,5
20190823217,2175,2,4,2
20190823218,2185,4,3,1
20190823219,2195,2,0,2
20190823220,2205,4,4,0
20190823221,2215,0,0,0
20190823222,2225,5,4,1
20190823223,2235,4,3,1
20190823224,2245,4,5,1
20190823225,2255,8,9,1
20190823226,2265,6,1,5
20190823227,2275,3,4,1
20190823228,2285,7,3,4
20190823229,2295,5,3,2
20190823230,2305,5,0,5
20190823231,2315,9,0,9
20190823232,2325,1,8,7
20190823233,2335,9,0,9
20190823234,2345,2,8,6
20190823235,2355,0,7,7
20190823236,2365,4,4,0
20190823237,2375,6,4,2
20190823238,2385,6,3,3
20190823239,2395,5,1,4
20190823240,2405,0,0,0
20190823241,2415,7,6,1
20190823242,2425,2,5,3
20190823243,2435,9,5,4
20190823244,2445,3,6,3
20190823245,2455,0,0,0
20190823246,2465,8,6,2
20190823247,2475,9,5,4
20190823248,2485,2,5,3
20190823249,2495,3,0,3
20190823250,2505,9,8,1
20190823251,2515,3,3,0
20190823252,2525,5,3,2
20190823253,2535,0,6,6
20190823254,2545,6,5,1
20190823255,2555,4,9,5
20190823256,2565,0,0,0
20190823257,2575,9,0,9
20190823258,2585,1,3,2
20190823259,2595,9,7,2
20190823260,2605,8,5,3
20190823261,2615,6,5,1
20190823262,2625,9,9,0
20190823263,2635,8,6,2
20190823264,2645,1,2,1
20190823265,2655,6,5,1
20190823266,2665,2,3,1
20190823267,2675,9,5,4
20190823268,2685,0,7,7
20190823269,2695,5,6,1
20190823270,2705,8,3,5
20190823271,2715,2,4,2
20190823272,2725,9,5,4
20190823273,2735,3,9,6
20190823274,2745,9,4,5
20190823275,2755,5,9,4
20190823276,2765,7,6,1
20190823277,2775,9,9,0
20190823278,2785,1,5,4
20190823279,2795,9,4,5
20190823280,2805,5,7,2
20190823281,2815,1,5,4
20190823282,2825,3,6,3
20190823283,2835,7,3,4
20190823284,2845,4,8,4
20190823285,2855,2,0,2
20190823286,2865,8,9,1
20190823287,2875,5,2,3
20190823288,2885,0,8,8
20190824001,16,7,5,2
20190824002,26,1,9,8
20190824003,36,9,1,8
20190824004,46,2,8,6
20190824005,56,3,2,1
20190824006,66,5,2,3
20190824007,76,5,5,0
20190824008,86,9,7,2
20190824009,96,0,3,3
20190824010,106,6,2,4
20190824011,116,9,3,6
20190824012,126,8,3,5
20190824013,136,0,1,1
20190824014,146,3,4,1
20190824015,156,7,0,7
20190824016,166,4,1,3
20190824017,176,7,0,7
20190824018,186,0,3,3
20190824019,196,8,7,1
20190824020,206,5,3,2
20190824021,216,3,5,2
20190824022,226,3,3,0
20190824023,236,5,6,1
20190824024,246,9,1,8
20190824025,256,2,5,3
20190824026,266,6,1,5
20190824027,276,0,7,7
20190824028,286,4,5,1
20190824029,296,4,4,0
20190824030,306,2,9,7
20190824031,316,6,0,6
20190824032,326,0,9,9
20190824033,336,3,9,6
20190824034,346,3,7,4
20190824035,356,5,8,3
20190824036,366,5,8,3
20190824037,376,1,2,1
20190824038,386,0,9,9
20190824039,396,2,6,4
20190824040,406,3,9,6
20190824041,416,9,5,4
20190824042,426,8,2,6
20190824043,436,1,4,3
20190824044,446,1,1,0
20190824045,456,9,9,0
20190824046,466,6,0,6
20190824047,476,4,9,5
20190824048,486,2,3,1
20190824049,496,5,5,0
20190824050,506,4,7,3
20190824051,516,1,8,7
20190824052,526,8,6,2
20190824053,536,7,5,2
20190824054,546,4,2,2
20190824055,556,2,2,0
20190824056,566,7,6,1
20190824057,576,2,9,7
20190824058,586,5,6,1
20190824059,596,4,6,2
20190824060,606,8,5,3
20190824061,616,6,9,3
20190824062,626,3,3,0
20190824063,636,9,2,7
20190824064,646,5,2,3
20190824065,656,2,0,2
20190824066,666,1,3,2
20190824067,676,1,3,2
20190824068,686,2,6,4
20190824069,696,7,3,4
20190824070,706,7,3,4
20190824071,716,5,0,5
20190824072,726,0,8,8
20190824073,736,3,7,4
20190824074,746,1,9,8
20190824075,756,7,0,7
20190824076,766,4,3,1
20190824077,776,1,2,1
20190824078,786,3,0,3
20190824079,796,2,7,5
20190824080,806,5,6,1
20190824081,816,6,6,0
20190824082,826,6,8,2
20190824083,836,5,0,5
20190824084,846,1,1,0
20190824085,856,7,2,5
20190824086,866,6,2,4
20190824087,876,6,6,0
20190824088,886,5,8,3
20190824089,896,4,4,0
20190824090,906,3,0,3
20190824091,916,3,9,6
20190824092,926,0,5,5
20190824093,936,1,8,7
20190824094,946,5,4,1
20190824095,956,0,9,9
20190824096,966,4,7,3
20190824097,976,4,9,5
20190824098,986,6,5,1
20190824099,996,6,4,2
20190824100,1006,1,9,8
20190824101,1016,6,2,4
20190824102,1026,6,8,2
20190824103,1036,7,9,2
20190824104,1046,8,8,0
20190824105,1056,9,4,5
20190824106,1066,1,1,0
20190824107,1076,7,7,0
20190824108,1086,4,3,1
20190824109,1096,4,7,3
20190824110,1106,9,5,4
20190824111,1116,2,2,0
20190824112,1126,3,0,3
20190824113,1136,3,1,2
20190824114,1146,0,3,3
20190824115,1156,9,2,7
20190824116,1166,6,5,1
20190824117,1176,1,2,1
20190824118,1186,0,8,8
20190824119,1196,4,7,3
20190824120,1206,3,9,6
20190824121,1216,3,2,1
20190824122,1226,8,9,1
20190824123,1236,4,8,4
20190824124,1246,4,2,2
20190824125,1256,4,6,2
20190824126,1266,1,9,8
20190824127,1276,4,7,3
20190824128,1286,2,6,4
20190824129,1296,5,6,1
20190824130,1306,1,0,1
20190824131,1316,9,3,6
20190824132,1326,5,6,1
20190824133,1336,2,2,0
20190824134,1346,9,3,6
20190824135,1356,9,8,1
20190824136,1366,1,3,2
20190824137,1376,2,1,1
20190824138,1386,7,9,2
20190824139,1396,5,4,1
20190824140,1406,9,7,2
20190824141,1416,0,4,4
20190824142,1426,4,7,3
20190824143,1436,1,8,7
20190824144,1446,0,0,0
20190824145,1456,5,8,3
20190824146,1466,0,4,4
20190824147,1476,0,7,7
20190824148,1486,8,7,1
20190824149,1496,4,6,2
20190824150,1506,9,1,8
20190824151,1516,3,1,2
20190824152,1526,9,4,5
20190824153,1536,7,1,6
20190824154,1546,3,8,5
20190824155,1556,2,1,1
20190824156,1566,4,5,1
20190824157,1576,8,9,1
20190824158,1586,5,7,2
20190824159,1596,0,9,9
20190824160,1606,2,1,1
20190824161,1616,9,1,8
20190824162,1626,4,8,4
20190824163,1636,7,3,4
20190824164,1646,6,4,2
20190824165,1656,3,3,0
20190824166,1666,5,2,3
20190824167,1676,4,5,1
20190824168,1686,9,7,2
20190824169,1696,6,3,3
20190824170,1706,9,7,2
20190824171,1716,8,1,7
20190824172,1726,8,6,2
20190824173,1736,2,9,7
20190824174,1746,4,5,1
20190824175,1756,5,1,4
20190824176,1766,3,4,1
20190824177,1776,7,7,0
20190824178,1786,8,9,1
20190824179,1796,3,6,3
20190824180,1806,4,5,1
20190824181,1816,4,8,4
20190824182,1826,8,2,6
20190824183,1836,2,6,4
20190824184,1846,8,2,6
20190824185,1856,6,9,3
20190824186,1866,1,3,2
20190824187,1876,5,7,2
20190824188,1886,3,3,0
20190824189,1896,7,8,1
20190824190,1906,2,1,1
20190824191,1916,3,3,0
20190824192,1926,4,7,3
20190824193,1936,3,0,3
20190824194,1946,8,7,1
20190824195,1956,9,2,7
20190824196,1966,1,8,7
20190824197,1976,4,4,0
20190824198,1986,9,6,3
20190824199,1996,2,3,1
20190824200,2006,2,0,2
20190824201,2016,0,8,8
20190824202,2026,7,4,3
20190824203,2036,3,7,4
20190824204,2046,2,1,1
20190824205,2056,8,1,7
20190824206,2066,9,9,0
20190824207,2076,1,4,3
20190824208,2086,4,3,1
20190824209,2096,3,8,5
20190824210,2106,6,3,3
20190824211,2116,0,8,8
20190824212,2126,5,0,5
20190824213,2136,9,2,7
20190824214,2146,0,1,1
20190824215,2156,9,3,6
20190824216,2166,1,4,3
20190824217,2176,9,9,0
20190824218,2186,9,5,4
20190824219,2196,9,9,0
20190824220,2206,0,2,2
20190824221,2216,2,3,1
20190824222,2226,8,6,2
20190824223,2236,4,1,3
20190824224,2246,2,0,2
20190824225,2256,6,2,4
20190824226,2266,8,0,8
20190824227,2276,3,0,3
20190824228,2286,4,0,4
20190824229,2296,3,4,1
20190824230,2306,7,6,1
20190824231,2316,4,5,1
20190824232,2326,1,2,1
20190824233,2336,4,3,1
20190824234,2346,3,3,0
20190824235,2356,7,6,1
20190824236,2366,4,6,2
20190824237,2376,7,4,3
20190824238,2386,6,4,2
20190824239,2396,5,7,2
20190824240,2406,6,2,4
20190824241,2416,6,4,2
20190824242,2426,2,9,7
20190824243,2436,8,8,0
20190824244,2446,8,8,0
20190824245,2456,4,3,1
20190824246,2466,8,4,4
20190824247,2476,1,6,5
20190824248,2486,6,3,3
20190824249,2496,2,4,2
20190824250,2506,9,9,0
20190824251,2516,6,1,5
20190824252,2526,7,0,7
20190824253,2536,8,4,4
20190824254,2546,8,7,1
20190824255,2556,6,6,0
20190824256,2566,3,5,2
20190824257,2576,5,7,2
20190824258,2586,3,0,3
20190824259,2596,7,6,1
20190824260,2606,0,8,8
20190824261,2616,3,6,3
20190824262,2626,0,6,6
20190824263,2636,4,5,1
20190824264,2646,2,5,3
20190824265,2656,4,7,3
20190824266,2666,4,8,4
20190824267,2676,7,3,4
20190824268,2686,2,0,2
20190824269,2696,3,3,0
20190824270,2706,8,5,3
20190824271,2716,5,2,3
20190824272,2726,9,0,9
20190824273,2736,9,9,0
20190824274,2746,9,0,9
20190824275,2756,3,3,0
20190824276,2766,5,7,2
20190824277,2776,7,9,2
20190824278,2786,3,0,3
20190824279,2796,1,0,1
20190824280,2806,5,5,0
20190824281,2816,4,0,4
20190824282,2826,1,5,4
20190824283,2836,6,3,3
20190824284,2846,3,5,2
20190824285,2856,3,3,0
20190824286,2866,9,0,9
20190824287,2876,6,7,1
20190824288,2886,5,3,2
20190825001,17,3,8,5
20190825002,27,5,6,1
20190825003,37,2,1,1
20190825004,47,8,4,4
20190825005,57,6,3,3
20190825006,67,7,5,2
20190825007,77,1,1,0
20190825008,87,8,8,0
20190825009,97,8,7,1
20190825010,107,7,3,4
20190825011,117,8,6,2
20190825012,127,9,6,3
20190825013,137,6,1,5
20190825014,147,5,2,3
20190825015,157,8,6,2
20190825016,167,2,7,5
20190825017,177,4,3,1
20190825018,187,9,4,5
20190825019,197,7,9,2
20190825020,207,1,5,4
20190825021,217,6,3,3
20190825022,227,3,0,3
20190825023,237,5,6,1
20190825024,247,2,9,7
20190825025,257,4,9,5
20190825026,267,8,5,3
20190825027,277,5,1,4
20190825028,287,8,3,5
20190825029,297,6,1,5
20190825030,307,7,9,2
20190825031,317,4,9,5
20190825032,327,3,4,1
20190825033,337,3,4,1
20190825034,347,4,6,2
20190825035,357,2,8,6
20190825036,367,3,9,6
20190825037,377,8,2,6
20190825038,387,6,0,6
20190825039,397,9,8,1
20190825040,407,6,3,3
20190825041,417,9,8,1
20190825042,427,6,7,1
20190825043,437,4,5,1
20190825044,447,3,8,5
20190825045,457,7,3,4
20190825046,467,5,5,0
20190825047,477,3,7,4
20190825048,487,0,4,4
20190825049,497,0,5,5
20190825050,507,7,9,2
20190825051,517,7,8,1
20190825052,527,9,9,0
20190825053,537,2,9,7
20190825054,547,6,7,1
20190825055,557,0,6,6
20190825056,567,5,3,2
20190825057,577,1,5,4
20190825058,587,2,6,4
20190825059,597,3,0,3
20190825060,607,1,5,4
20190825061,617,4,8,4
20190825062,627,1,5,4
20190825063,637,7,8,1
20190825064,647,2,3,1
20190825065,657,3,0,3
20190825066,667,9,1,8
20190825067,677,8,7,1
20190825068,687,1,8,7
20190825069,697,1,0,1
20190825070,707,1,6,5
20190825071,717,4,0,4
20190825072,727,3,0,3
20190825073,737,7,2,5
20190825074,747,0,8,8
20190825075,757,1,7,6
20190825076,767,8,5,3
20190825077,777,8,2,6
20190825078,787,8,2,6
20190825079,797,1,9,8
20190825080,807,8,1,7
20190825081,817,4,8,4
20190825082,827,9,9,0
20190825083,837,5,2,3
20190825084,847,8,1,7
20190825085,857,2,4,2
20190825086,867,6,3,3
20190825087,877,4,4,0
20190825088,887,2,6,4
20190825089,897,5,0,5
20190825090,907,9,5,4
20190825091,917,0,2,2
20190825092,927,6,6,0
20190825093,937,3,2,1
20190825094,947,8,8,0
20190825095,957,2,9,7
20190825096,967,2,8,6
20190825097,977,0,5,5
20190825098,987,0,6,6
20190825099,997,1,5,4
20190825100,1007,5,2,3
20190825101,1017,1,6,5
20190825102,1027,7,0,7
20190825103,1037,5,6,1
20190825104,1047,6,0,6
20190825105,1057,0,0,0
20190825106,1067,9,8,1
20190825107,1077,7,0,7
20190825108,1087,2,1,1
20190825109,1097,3,1,2
20190825110,1107,3,9,6
20190825111,1117,9,9,0
20190825112,1127,0,8,8
20190825113,1137,2,6,4
20190825114,1147,5,4,1
20190825115,1157,0,5,5
20190825116,1167,6,2,4
20190825117,1177,5,9,4
20190825118,1187,4,2,2
20190825119,1197,7,5,2
20190825120,1207,0,3,3
20190825121,1217,9,4,5
20190825122,1227,5,4,1
20190825123,1237,8,7,1
20190825124,1247,0,1,1
20190825125,1257,3,1,2
20190825126,1267,8,2,6
20190825127,1277,6,7,1
20190825128,1287,6,5,1
20190825129,1297,6,7,1
20190825130,1307,6,6,0
20190825131,1317,4,4,0
20190825132,1327,4,2,2
20190825133,1337,9,2,7
20190825134,1347,1,1,0
20190825135,1357,8,3,5
20190825136,1367,4,2,2
20190825137,1377,8,4,4
20190825138,1387,4,1,3
20190825139,1397,8,8,0
20190825140,1407,3,2,1
20190825141,1417,2,2,0
20190825142,1427,4,8,4
20190825143,1437,4,3,1
20190825144,1447,9,7,2
20190825145,1457,1,8,7
20190825146,1467,8,7,1
20190825147,1477,9,2,7
20190825148,1487,2,9,7
20190825149,1497,3,3,0
20190825150,1507,1,6,5
20190825151,1517,1,5,4
20190825152,1527,6,8,2
20190825153,1537,4,6,2
20190825154,1547,4,9,5
20190825155,1557,3,1,2
20190825156,1567,4,3,1
20190825157,1577,1,7,6
20190825158,1587,1,3,2
20190825159,1597,6,8,2
20190825160,1607,1,9,8
20190825161,1617,5,1,4
20190825162,1627,8,7,1
20190825163,1637,9,6,3
20190825164,1647,4,7,3
20190825165,1657,9,9,0
20190825166,1667,7,1,6
20190825167,1677,6,7,1
20190825168,1687,8,4,4
20190825169,1697,5,5,0
20190825170,1707,7,2,5
20190825171,1717,9,3,6
20190825172,1727,8,2,6
20190825173,1737,1,0,1
20190825174,1747,9,4,5
20190825175,1757,2,4,2
20190825176,1767,7,7,0
20190825177,1777,1,1,0
20190825178,1787,6,8,2
20190825179,1797,0,9,9
20190825180,1807,6,2,4
20190825181,1817,5,8,3
20190825182,1827,0,9,9
20190825183,1837,8,7,1
20190825184,1847,5,9,4
20190825185,1857,2,4,2
20190825186,1867,9,0,9
20190825187,1877,7,5,2
20190825188,1887,2,0,2
20190825189,1897,5,7,2
20190825190,1907,7,9,2
20190825191,1917,8,4,4
20190825192,1927,1,4,3
20190825193,1937,5,3,2
20190825194,1947,7,0,7
20190825195,1957,8,4,4
20190825196,1967,4,4,0
20190825197,1977,9,7,2
20190825198,1987,0,5,5
20190825199,1997,8,3,5
20190825200,2007,2,4,2
20190825201,2017,6,4,2
20190825202,2027,1,3,2
20190825203,2037,3,2,1
20190825204,2047,6,6,0
20190825205,2057,3,0,3
20190825206,2067,0,4,4
20190825207,2077,6,4,2
20190825208,2087,3,8,5
20190825209,2097,9,5,4
20190825210,2107,0,0,0
20190825211,2117,7,3,4
20190825212,2127,9,9,0
20190825213,2137,9,2,7
20190825214,2147,2,2,0
20190825215,2157,1,7,6
20190825216,2167,0,3,3
20190825217,2177,4,5,1
20190825218,2187,5,4,1
20190825219,2197,1,5,4
20190825220,2207,7,5,2
20190825221,2217,3,4,1
20190825222,2227,3,8,5
20190825223,2237,4,6,2
20190825224,2247,1,2,1
20190825225,2257,8,2,6
20190825226,2267,3,0,3
20190825227,2277,1,9,8
20190825228,2287,7,8,1
20190825229,2297,1,3,2
20190825230,2307,2,8,6
20190825231,2317,8,6,2
20190825232,2327,0,6,6
20190825233,2337,9,6,3
20190825234,2347,3,7,4
20190825235,2357,9,6,3
20190825236,2367,5,1,4
20190825237,2377,6,1,5
20190825238,2387,5,1,4
20190825239,2397,8,7,1
20190825240,2407,9,2,7
20190825241,2417,3,4,1
20190825242,2427,7,9,2
20190825243,2437,3,5,2
20190825244,2447,1,9,8
20190825245,2457,4,0,4
20190825246,2467,2,3,1
20190825247,2477,7,1,6
20190825248,2487,9,4,5
20190825249,2497,0,4,4
20190825250,2507,7,8,1
20190825251,2517,6,4,2
20190825252,2527,8,8,0
20190825253,2537,0,2,2
20190825254,2547,2,2,0
20190825255,2557,1,1,0
20190825256,2567,0,1,1
20190825257,2577,7,6,1
20190825258,2587,2,8,6
20190825259,2597,8,8,0
20190825260,2607,8,0,8
20190825261,2617,0,2,2
20190825262,2627,8,2,6
20190825263,2637,0,1,1
20190825264,2647,6,3,3
20190825265,2657,7,6,1
20190825266,2667,5,0,5
20190825267,2677,8,7,1
20190825268,2687,6,7,1
20190825269,2697,7,5,2
20190825270,2707,8,3,5
20190825271,2717,8,9,1
20190825272,2727,9,9,0
20190825273,2737,9,3,6
20190825274,2747,2,7,5
20190825275,2757,3,2,1
20190825276,2767,2,9,7
20190825277,2777,1,4,3
20190825278,2787,1,1,0
20190825279,2797,5,6,1
20190825280,2807,1,5,4
20190825281,2817,7,9,2
20190825282,2827,6,0,6
20190825283,2837,3,0,3
20190825284,2847,5,6,1
20190825285,2857,7,2,5
20190825286,2867,2,7,5
20190825287,2877,7,6,1
20190825288,2887,2,5,3
20190826001,11,8,7,1
20190826002,21,3,8,5
20190826003,31,4,5,1
20190826004,41,7,0,7
20190826005,51,3,2,1
20190826006,61,6,7,1
20190826007,71,8,3,5
20190826008,81,4,3,1
20190826009,91,7,9,2
20190826010,101,5,7,2
20190826011,111,5,8,3
20190826012,121,9,5,4
20190826013,131,0,9,9
20190826014,141,5,6,1
20190826015,151,8,4,4
20190826016,161,6,9,3
20190826017,171,1,4,3
20190826018,181,2,1,1
20190826019,191,4,0,4
20190826020,201,9,5,4
20190826021,211,2,6,4
20190826022,221,8,1,7
20190826023,231,9,2,7
20190826024,241,7,0,7
20190826025,251,4,0,4
20190826026,261,8,9,1
20190826027,271,2,1,1
20190826028,281,0,4,4
20190826029,291,3,9,6
20190826030,301,0,2,2
20190826031,311,1,1,0
20190826032,321,9,1,8
20190826033,331,4,8,4
20190826034,341,6,5,1
20190826035,351,5,1,4
20190826036,361,6,9,3
20190826037,371,6,3,3
20190826038,381,0,3,3
20190826039,391,4,8,4
20190826040,401,6,8,2
20190826041,411,3,6,3
20190826042,421,9,5,4
20190826043,431,5,8,3
20190826044,441,2,2,0
20190826045,451,6,9,3
20190826046,461,6,7,1
20190826047,471,6,0,6
20190826048,481,2,2,0
20190826049,491,7,0,7
20190826050,501,3,2,1
20190826051,511,8,1,7
20190826052,521,6,3,3
20190826053,531,5,2,3
20190826054,541,4,0,4
20190826055,551,0,9,9
20190826056,561,4,1,3
20190826057,571,8,9,1
20190826058,581,3,2,1
20190826059,591,6,0,6
20190826060,601,0,9,9
20190826061,611,9,8,1
20190826062,621,6,0,6
20190826063,631,5,6,1
20190826064,641,9,7,2
20190826065,651,4,4,0
20190826066,661,5,9,4
20190826067,671,1,2,1
20190826068,681,6,2,4
20190826069,691,2,6,4
20190826070,701,0,3,3
20190826071,711,1,3,2
20190826072,721,9,6,3
20190826073,731,5,7,2
20190826074,741,4,9,5
20190826075,751,0,7,7
20190826076,761,2,9,7
20190826077,771,1,4,3
20190826078,781,5,0,5
20190826079,791,7,0,7
20190826080,801,8,8,0
20190826081,811,5,6,1
20190826082,821,1,1,0
20190826083,831,5,7,2
20190826084,841,5,0,5
20190826085,851,2,3,1
20190826086,861,9,9,0
20190826087,871,9,6,3
20190826088,881,8,6,2
20190826089,891,2,3,1
20190826090,901,3,0,3
20190826091,911,8,1,7
20190826092,921,8,8,0
20190826093,931,3,6,3
20190826094,941,9,4,5
20190826095,951,0,6,6
20190826096,961,0,7,7
20190826097,971,0,0,0
20190826098,981,0,5,5
20190826099,991,9,8,1
20190826100,1001,1,6,5
20190826101,1011,0,4,4
20190826102,1021,3,7,4
20190826103,1031,5,5,0
20190826104,1041,4,9,5
20190826105,1051,2,2,0
20190826106,1061,3,5,2
20190826107,1071,1,5,4
20190826108,1081,7,3,4
20190826109,1091,5,7,2
20190826110,1101,1,0,1
20190826111,1111,3,0,3
20190826112,1121,7,1,6
20190826113,1131,9,5,4
20190826114,1141,3,8,5
20190826115,1151,2,2,0
20190826116,1161,6,8,2
20190826117,1171,5,7,2
20190826118,1181,5,1,4
20190826119,1191,2,8,6
20190826120,1201,0,9,9
20190826121,1211,6,3,3
20190826122,1221,9,0,9
20190826123,1231,3,1,2
20190826124,1241,8,9,1
20190826125,1251,3,6,3
20190826126,1261,3,8,5
20190826127,1271,7,5,2
20190826128,1281,7,6,1
20190826129,1291,6,1,5
20190826130,1301,7,4,3
20190826131,1311,3,0,3
20190826132,1321,2,8,6
20190826133,1331,9,7,2
20190826134,1341,1,6,5
20190826135,1351,2,5,3
20190826136,1361,1,9,8
20190826137,1371,4,4,0
20190826138,1381,2,1,1
20190826139,1391,1,4,3
20190826140,1401,0,0,0
20190826141,1411,9,2,7
20190826142,1421,3,0,3
20190826143,1431,9,2,7
20190826144,1441,0,3,3
20190826145,1451,7,4,3
20190826146,1461,7,7,0
20190826147,1471,7,6,1
20190826148,1481,6,2,4
20190826149,1491,2,7,5
20190826150,1501,0,9,9
20190826151,1511,5,6,1
20190826152,1521,5,0,5
20190826153,1531,7,7,0
20190826154,1541,6,8,2
20190826155,1551,3,4,1
20190826156,1561,4,6,2
20190826157,1571,5,3,2
20190826158,1581,9,0,9
20190826159,1591,9,9,0
20190826160,1601,5,1,4
20190826161,1611,6,4,2
20190826162,1621,2,4,2
20190826163,1631,9,3,6
20190826164,1641,5,7,2
20190826165,1651,1,3,2
20190826166,1661,5,2,3
20190826167,1671,1,0,1
20190826168,1681,8,4,4
20190826169,1691,3,7,4
20190826170,1701,5,4,1
20190826171,1711,6,2,4
20190826172,1721,5,0,5
20190826173,1731,5,0,5
20190826174,1741,5,3,2
20190826175,1751,8,9,1
20190826176,1761,1,3,2
20190826177,1771,3,6,3
20190826178,1781,5,9,4
20190826179,1791,6,4,2
20190826180,1801,1,3,2
20190826181,1811,0,9,9
20190826182,1821,9,0,9
20190826183,1831,8,2,6
20190826184,1841,4,7,3
20190826185,1851,5,6,1
20190826186,1861,2,3,1
20190826187,1871,5,8,3
20190826188,1881,0,2,2
20190826189,1891,4,3,1
20190826190,1901,3,4,1
20190826191,1911,0,2,2
20190826192,1921,9,3,6
20190826193,1931,6,8,2
20190826194,1941,8,2,6
20190826195,1951,4,2,2
20190826196,1961,9,9,0
20190826197,1971,0,0,0
20190826198,1981,1,9,8
20190826199,1991,8,9,1
20190826200,2001,9,7,2
20190826201,2011,3,3,0
20190826202,2021,5,7,2
20190826203,2031,5,8,3
20190826204,2041,5,9,4
20190826205,2051,4,7,3
20190826206,2061,5,9,4
20190826207,2071,1,5,4
20190826208,2081,8,8,0
20190826209,2091,2,0,2
20190826210,2101,8,2,6
20190826211,2111,0,5,5
20190826212,2121,5,6,1
20190826213,2131,5,2,3
20190826214,2141,3,7,4
20190826215,2151,6,7,1
20190826216,2161,4,5,1
20190826217,2171,6,2,4
20190826218,2181,9,2,7
20190826219,2191,8,0,8
20190826220,2201,8,9,1
20190826221,2211,6,5,1
20190826222,2221,6,3,3
20190826223,2231,8,5,3
20190826224,2241,0,2,2
20190826225,2251,0,7,7
20190826226,2261,5,7,2
20190826227,2271,0,4,4
20190826228,2281,7,3,4
20190826229,2291,5,6,1
20190826230,2301,5,7,2
20190826231,2311,9,4,5
20190826232,2321,2,3,1
20190826233,2331,0,0,0
20190826234,2341,8,3,5
20190826235,2351,5,2,3
20190826236,2361,5,0,5
20190826237,2371,6,7,1
20190826238,2381,8,8,0
20190826239,2391,7,7,0
20190826240,2401,3,3,0
20190826241,2411,3,4,1
20190826242,2421,0,9,9
20190826243,2431,4,4,0
20190826244,2441,9,9,0
20190826245,2451,7,7,0
20190826246,2461,7,8,1
20190826247,2471,7,0,7
20190826248,2481,5,8,3
20190826249,2491,1,9,8
20190826250,2501,8,5,3
20190826251,2511,4,2,2
20190826252,2521,5,4,1
20190826253,2531,2,4,2
20190826254,2541,2,6,4
20190826255,2551,3,8,5
20190826256,2561,7,4,3
20190826257,2571,2,7,5
20190826258,2581,3,5,2
20190826259,2591,6,4,2
20190826260,2601,0,5,5
20190826261,2611,4,0,4
20190826262,2621,2,2,0
20190826263,2631,5,1,4
20190826264,2641,3,7,4
20190826265,2651,4,3,1
20190826266,2661,5,9,4
20190826267,2671,3,1,2
20190826268,2681,1,8,7
20190826269,2691,7,3,4
20190826270,2701,7,2,5
20190826271,2711,0,7,7
20190826272,2721,7,8,1
20190826273,2731,5,3,2
20190826274,2741,6,9,3
20190826275,2751,2,1,1
20190826276,2761,8,4,4
20190826277,2771,7,0,7
20190826278,2781,9,4,5
20190826279,2791,5,8,3
20190826280,2801,8,6,2
20190826281,2811,8,2,6
20190826282,2821,6,3,3
20190826283,2831,8,3,5
20190826284,2841,6,0,6
20190826285,2851,2,2,0
20190826286,2861,0,2,2
20190826287,2871,8,7,1
20190826288,2881,0,1,1
20190827001,12,9,0,9
20190827002,22,1,2,1
20190827003,32,1,6,5
20190827004,42,0,1,1
20190827005,52,6,4,2
20190827006,62,1,8,7
20190827007,72,3,0,3
20190827008,82,1,3,2
20190827009,92,7,8,1
20190827010,102,7,6,1
20190827011,112,0,4,4
20190827012,122,8,9,1
20190827013,132,6,1,5
20190827014,142,8,7,1
20190827015,152,1,3,2
20190827016,162,6,5,1
20190827017,172,3,3,0
20190827018,182,3,9,6
20190827019,192,9,2,7
20190827020,202,3,6,3
20190827021,212,2,4,2
20190827022,222,3,7,4
20190827023,232,6,0,6
20190827024,242,9,7,2
20190827025,252,0,6,6
20190827026,262,5,2,3
20190827027,272,6,5,1
20190827028,282,4,6,2
20190827029,292,5,4,1
20190827030,302,6,9,3
20190827031,312,7,3,4
20190827032,322,8,5,3
20190827033,332,4,9,5
20190827034,342,6,9,3
20190827035,352,9,4,5
20190827036,362,9,3,6
20190827037,372,7,8,1
20190827038,382,3,8,5
20190827039,392,6,8,2
20190827040,402,3,6,3
20190827041,412,1,1,0
20190827042,422,1,5,4
20190827043,432,0,0,0
20190827044,442,6,3,3
20190827045,452,4,4,0
20190827046,462,2,0,2
20190827047,472,6,3,3
20190827048,482,0,4,4
20190827049,492,3,6,3
20190827050,502,9,3,6
20190827051,512,2,7,5
20190827052,522,2,6,4
20190827053,532,2,7,5
20190827054,542,0,0,0
20190827055,552,1,2,1
20190827056,562,7,1,6
20190827057,572,4,1,3
20190827058,582,4,1,3
20190827059,592,6,0,6
20190827060,602,0,6,6
20190827061,612,8,4,4
20190827062,622,5,2,3
20190827063,632,1,6,5
20190827064,642,2,6,4
20190827065,652,0,3,3
20190827066,662,4,4,0
20190827067,672,2,5,3
20190827068,682,1,5,4
20190827069,692,7,7,0
20190827070,702,5,5,0
20190827071,712,8,7,1
20190827072,722,3,4,1
20190827073,732,4,3,1
20190827074,742,9,4,5
20190827075,752,0,5,5
20190827076,762,5,0,5
20190827077,772,4,0,4
20190827078,782,5,3,2
20190827079,792,7,6,1
20190827080,802,9,8,1
20190827081,812,5,7,2
20190827082,822,8,8,0
20190827083,832,5,8,3
20190827084,842,1,7,6
20190827085,852,1,8,7
20190827086,862,5,8,3
20190827087,872,0,9,9
20190827088,882,2,7,5
20190827089,892,4,4,0
20190827090,902,8,3,5
20190827091,912,2,1,1
20190827092,922,6,2,4
20190827093,932,5,6,1
20190827094,942,6,6,0
20190827095,952,2,3,1
20190827096,962,8,0,8
20190827097,972,8,3,5
20190827098,982,9,9,0
20190827099,992,8,3,5
20190827100,1002,1,0,1
20190827101,1012,0,6,6
20190827102,1022,8,4,4
20190827103,1032,0,1,1
20190827104,1042,2,0,2
20190827105,1052,0,5,5
20190827106,1062,1,4,3
20190827107,1072,0,4,4
20190827108,1082,2,3,1
20190827109,1092,7,5,2
20190827110,1102,9,2,7
20190827111,1112,9,2,7
20190827112,1122,7,6,1
20190827113,1132,9,9,0
20190827114,1142,7,0,7
20190827115,1152,8,4,4
20190827116,1162,5,9,4
20190827117,1172,7,7,0
20190827118,1182,0,2,2
20190827119,1192,8,4,4
20190827120,1202,8,6,2
20190827121,1212,3,9,6
20190827122,1222,5,6,1
20190827123,1232,6,5,1
20190827124,1242,0,2,2
20190827125,1252,8,7,1
20190827126,1262,3,0,3
20190827127,1272,4,6,2
20190827128,1282,5,7,2
20190827129,1292,8,2,6
20190827130,1302,7,7,0
20190827131,1312,2,8,6
20190827132,1322,1,1,0
20190827133,1332,0,1,1
20190827134,1342,5,9,4
20190827135,1352,9,5,4
20190827136,1362,7,2,5
20190827137,1372,6,2,4
20190827138,1382,7,3,4
20190827139,1392,0,2,2
20190827140,1402,3,4,1
20190827141,1412,2,4,2
20190827142,1422,2,3,1
20190827143,1432,9,0,9
20190827144,1442,0,1,1
20190827145,1452,0,3,3
20190827146,1462,2,5,3
20190827147,1472,4,4,0
20190827148,1482,8,6,2
20190827149,1492,6,6,0
20190827150,1502,9,8,1
20190827151,1512,6,5,1
20190827152,1522,1,9,8
20190827153,1532,4,2,2
20190827154,1542,7,4,3
20190827155,1552,9,9,0
20190827156,1562,2,9,7
20190827157,1572,5,0,5
20190827158,1582,1,2,1
20190827159,1592,2,4,2
20190827160,1602,1,8,7
20190827161,1612,7,0,7
20190827162,1622,7,9,2
20190827163,1632,1,0,1
20190827164,1642,4,3,1
20190827165,1652,1,4,3
20190827166,1662,4,8,4
20190827167,1672,5,4,1
20190827168,1682,9,5,4
20190827169,1692,0,4,4
20190827170,1702,5,1,4
20190827171,1712,5,8,3
20190827172,1722,3,9,6
20190827173,1732,6,7,1
20190827174,1742,2,9,7
20190827175,1752,1,7,6
20190827176,1762,9,9,0
20190827177,1772,7,8,1
20190827178,1782,5,4,1
20190827179,1792,1,7,6
20190827180,1802,8,5,3
20190827181,1812,4,3,1
20190827182,1822,9,0,9
20190827183,1832,7,3,4
20190827184,1842,2,8,6
20190827185,1852,7,5,2
20190827186,1862,2,0,2
20190827187,1872,8,9,1
20190827188,1882,9,9,0
20190827189,1892,1,1,0
20190827190,1902,5,7,2
20190827191,1912,9,8,1
20190827192,1922,6,6,0
20190827193,1932,2,4,2
20190827194,1942,2,7,5
20190827195,1952,5,6,1
20190827196,1962,7,0,7
20190827197,1972,3,1,2
20190827198,1982,7,1,6
20190827199,1992,2,9,7
20190827200,2002,5,8,3
20190827201,2012,4,4,0
20190827202,2022,5,4,1
20190827203,2032,0,3,3
20190827204,2042,3,0,3
20190827205,2052,2,2,0
20190827206,2062,5,3,2
20190827207,2072,0,2,2
20190827208,2082,1,4,3
20190827209,2092,0,8,8
20190827210,2102,4,4,0
20190827211,2112,1,1,0
20190827212,2122,7,3,4
20190827213,2132,4,0,4
20190827214,2142,7,2,5
20190827215,2152,6,4,2
20190827216,2162,3,6,3
20190827217,2172,3,5,2
20190827218,2182,8,9,1
20190827219,2192,1,2,1
20190827220,2202,6,9,3
20190827221,2212,1,6,5
20190827222,2222,4,0,4
20190827223,2232,5,0,5
20190827224,2242,7,4,3
20190827225,2252,7,7,0
20190827226,2262,4,8,4
20190827227,2272,8,7,1
20190827228,2282,4,2,2
20190827229,2292,2,2,0
20190827230,2302,6,5,1
20190827231,2312,0,0,0
20190827232,2322,4,1,3
20190827233,2332,3,4,1
20190827234,2342,7,0,7
20190827235,2352,7,0,7
20190827236,2362,7,1,6
20190827237,2372,1,8,7
20190827238,2382,7,7,0
20190827239,2392,6,7,1
20190827240,2402,0,4,4
20190827241,2412,1,4,3
20190827242,2422,0,3,3
20190827243,2432,2,7,5
20190827244,2442,9,8,1
20190827245,2452,9,9,0
20190827246,2462,9,7,2
20190827247,2472,0,6,6
20190827248,2482,9,8,1
20190827249,2492,9,6,3
20190827250,2502,5,0,5
20190827251,2512,7,0,7
20190827252,2522,7,3,4
20190827253,2532,6,7,1
20190827254,2542,0,9,9
20190827255,2552,5,2,3
20190827256,2562,9,2,7
20190827257,2572,6,5,1
20190827258,2582,7,7,0
20190827259,2592,4,3,1
20190827260,2602,4,1,3
20190827261,2612,1,8,7
20190827262,2622,7,1,6
20190827263,2632,4,0,4
20190827264,2642,3,4,1
20190827265,2652,4,5,1
20190827266,2662,0,0,0
20190827267,2672,0,6,6
20190827268,2682,6,4,2
20190827269,2692,6,4,2
20190827270,2702,5,7,2
20190827271,2712,4,5,1
20190827272,2722,9,2,7
20190827273,2732,7,9,2
20190827274,2742,4,1,3
20190827275,2752,1,9,8
20190827276,2762,6,6,0
20190827277,2772,5,7,2
20190827278,2782,6,4,2
20190827279,2792,1,9,8
20190827280,2802,5,3,2
20190827281,2812,1,2,1
20190827282,2822,3,0,3
20190827283,2832,5,8,3
20190827284,2842,8,2,6
20190827285,2852,3,6,3
20190827286,2862,5,4,1
20190827287,2872,8,0,8
20190827288,2882,4,1,3
20190828001,13,9,6,3
20190828002,23,3,4,1
20190828003,33,3,3,0
20190828004,43,9,6,3
20190828005,53,2,3,1
20190828006,63,7,6,1
20190828007,73,9,3,6
20190828008,83,2,6,4
20190828009,93,8,1,7
20190828010,103,1,1,0
20190828011,113,1,3,2
20190828012,123,8,9,1
20190828013,133,5,7,2
20190828014,143,0,8,8
20190828015,153,6,1,5
20190828016,163,0,0,0
20190828017,173,4,2,2
20190828018,183,2,6,4
20190828019,193,1,2,1
20190828020,203,4,3,1
20190828021,213,4,7,3
20190828022,223,1,8,7
20190828023,233,5,0,5
20190828024,243,2,3,1
20190828025,253,3,4,1
20190828026,263,4,5,1
20190828027,273,2,4,2
20190828028,283,3,4,1
20190828029,293,1,3,2
20190828030,303,1,5,4
20190828031,313,1,6,5
20190828032,323,3,3,0
20190828033,333,0,4,4
20190828034,343,7,4,3
20190828035,353,4,7,3
20190828036,363,5,9,4
20190828037,373,5,7,2
20190828038,383,0,6,6
20190828039,393,0,3,3
20190828040,403,7,2,5
20190828041,413,8,2,6
20190828042,423,8,7,1
20190828043,433,6,9,3
20190828044,443,2,1,1
20190828045,453,5,1,4
20190828046,463,5,8,3
20190828047,473,7,3,4
20190828048,483,8,2,6
20190828049,493,0,1,1
20190828050,503,3,0,3
20190828051,513,3,4,1
20190828052,523,9,5,4
20190828053,533,9,4,5
20190828054,543,6,6,0
20190828055,553,2,2,0
20190828056,563,9,2,7
20190828057,573,0,6,6
20190828058,583,2,2,0
20190828059,593,0,8,8
20190828060,603,1,3,2
20190828061,613,5,5,0
20190828062,623,7,2,5
20190828063,633,4,4,0
20190828064,643,4,4,0
20190828065,653,5,7,2
20190828066,663,2,9,7
20190828067,673,4,0,4
20190828068,683,2,1,1
20190828069,693,3,1,2
20190828070,703,9,5,4
20190828071,713,0,9,9
20190828072,723,7,4,3
20190828073,733,5,2,3
20190828074,743,2,7,5
20190828075,753,4,7,3
20190828076,763,1,2,1
20190828077,773,3,1,2
20190828078,783,3,1,2
20190828079,793,5,7,2
20190828080,803,4,4,0
20190828081,813,1,7,6
20190828082,823,7,1,6
20190828083,833,2,5,3
20190828084,843,3,5,2
20190828085,853,3,1,2
20190828086,863,8,0,8
20190828087,873,0,5,5
20190828088,883,9,1,8
20190828089,893,5,5,0
20190828090,903,5,7,2
20190828091,913,5,0,5
20190828092,923,6,9,3
20190828093,933,5,4,1
20190828094,943,4,9,5
20190828095,953,6,7,1
20190828096,963,6,2,4
20190828097,973,3,2,1
20190828098,983,6,9,3
20190828099,993,0,2,2
20190828100,1003,2,9,7
20190828101,1013,7,9,2
20190828102,1023,4,6,2
20190828103,1033,5,3,2
20190828104,1043,1,5,4
20190828105,1053,8,0,8
20190828106,1063,0,8,8
20190828107,1073,5,0,5
20190828108,1083,4,8,4
20190828109,1093,2,6,4
20190828110,1103,5,8,3
20190828111,1113,8,1,7
20190828112,1123,2,2,0
20190828113,1133,6,5,1
20190828114,1143,7,8,1
20190828115,1153,9,2,7
20190828116,1163,5,4,1
20190828117,1173,8,5,3
20190828118,1183,8,0,8
20190828119,1193,9,3,6
20190828120,1203,0,5,5
20190828121,1213,0,7,7
20190828122,1223,4,7,3
20190828123,1233,1,7,6
20190828124,1243,6,3,3
20190828125,1253,0,8,8
20190828126,1263,5,2,3
20190828127,1273,5,2,3
20190828128,1283,5,4,1
20190828129,1293,7,3,4
20190828130,1303,5,8,3
20190828131,1313,5,6,1
20190828132,1323,1,0,1
20190828133,1333,3,5,2
20190828134,1343,4,8,4
20190828135,1353,2,4,2
20190828136,1363,5,7,2
20190828137,1373,5,1,4
20190828138,1383,1,2,1
20190828139,1393,6,8,2
20190828140,1403,4,3,1
20190828141,1413,6,2,4
20190828142,1423,4,9,5
20190828143,1433,4,9,5
20190828144,1443,6,0,6
20190828145,1453,6,4,2
20190828146,1463,0,4,4
20190828147,1473,2,3,1
20190828148,1483,7,7,0
20190828149,1493,6,6,0
20190828150,1503,9,4,5
20190828151,1513,7,9,2
20190828152,1523,1,3,2
20190828153,1533,8,6,2
20190828154,1543,2,7,5
20190828155,1553,6,3,3
20190828156,1563,1,9,8
20190828157,1573,4,0,4
20190828158,1583,2,0,2
20190828159,1593,7,9,2
20190828160,1603,6,9,3
20190828161,1613,4,3,1
20190828162,1623,1,0,1
20190828163,1633,6,5,1
20190828164,1643,7,2,5
20190828165,1653,8,0,8
20190828166,1663,6,1,5
20190828167,1673,2,1,1
20190828168,1683,7,9,2
20190828169,1693,0,5,5
20190828170,1703,7,0,7
20190828171,1713,5,8,3
20190828172,1723,4,1,3
20190828173,1733,2,6,4
20190828174,1743,8,6,2
20190828175,1753,7,5,2
20190828176,1763,5,8,3
20190828177,1773,5,5,0
20190828178,1783,2,3,1
20190828179,1793,1,9,8
20190828180,1803,4,8,4
20190828181,1813,6,7,1
20190828182,1823,9,3,6
20190828183,1833,0,5,5
20190828184,1843,3,4,1
20190828185,1853,1,8,7
20190828186,1863,3,0,3
20190828187,1873,2,7,5
20190828188,1883,0,5,5
20190828189,1893,2,3,1
20190828190,1903,2,9,7
20190828191,1913,0,1,1
20190828192,1923,3,1,2
20190828193,1933,7,0,7
20190828194,1943,3,8,5
20190828195,1953,4,2,2
20190828196,1963,9,4,5
20190828197,1973,5,2,3
20190828198,1983,3,1,2
20190828199,1993,7,1,6
20190828200,2003,6,5,1
20190828201,2013,6,5,1
20190828202,2023,6,5,1
20190828203,2033,9,9,0
20190828204,2043,2,1,1
20190828205,2053,4,5,1
20190828206,2063,7,9,2
20190828207,2073,5,8,3
20190828208,2083,3,0,3
20190828209,2093,2,0,2
20190828210,2103,3,6,3
20190828211,2113,1,5,4
20190828212,2123,7,0,7
20190828213,2133,6,9,3
20190828214,2143,2,3,1
20190828215,2153,2,3,1
20190828216,2163,8,2,6
20190828217,2173,5,3,2
20190828218,2183,9,9,0
20190828219,2193,7,3,4
20190828220,2203,5,4,1
20190828221,2213,4,1,3
20190828222,2223,1,5,4
20190828223,2233,4,8,4
20190828224,2243,1,4,3
20190828225,2253,8,4,4
20190828226,2263,9,1,8
20190828227,2273,2,4,2
20190828228,2283,9,7,2
20190828229,2293,8,0,8
20190828230,2303,4,8,4
20190828231,2313,7,2,5
20190828232,2323,9,5,4
20190828233,2333,5,5,0
20190828234,2343,0,3,3
20190828235,2353,9,8,1
20190828236,2363,4,8,4
20190828237,2373,7,3,4
20190828238,2383,1,0,1
20190828239,2393,4,2,2
20190828240,2403,2,6,4
20190828241,2413,2,6,4
20190828242,2423,6,6,0
20190828243,2433,6,5,1
20190828244,2443,5,2,3
20190828245,2453,4,0,4
20190828246,2463,3,6,3
20190828247,2473,4,3,1
20190828248,2483,2,7,5
20190828249,2493,4,9,5
20190828250,2503,7,1,6
20190828251,2513,3,0,3
20190828252,2523,3,4,1
20190828253,2533,4,4,0
20190828254,2543,9,5,4
20190828255,2553,8,1,7
20190828256,2563,0,3,3
20190828257,2573,6,6,0
20190828258,2583,6,8,2
20190828259,2593,3,0,3
20190828260,2603,7,7,0
20190828261,2613,4,8,4
20190828262,2623,7,3,4
20190828263,2633,2,3,1
20190828264,2643,2,5,3
20190828265,2653,2,7,5
20190828266,2663,5,0,5
20190828267,2673,5,2,3
20190828268,2683,1,4,3
20190828269,2693,3,1,2
20190828270,2703,9,0,9
20190828271,2713,6,7,1
20190828272,2723,0,8,8
20190828273,2733,2,0,2
20190828274,2743,3,4,1
20190828275,2753,7,2,5
20190828276,2763,0,4,4
20190828277,2773,3,2,1
20190828278,2783,0,3,3
20190828279,2793,7,6,1
20190828280,2803,1,7,6
20190828281,2813,0,5,5
20190828282,2823,7,9,2
20190828283,2833,4,3,1
20190828284,2843,6,2,4
20190828285,2853,5,8,3
20190828286,2863,1,9,8
20190828287,2873,5,5,0
20190828288,2883,4,5,1
20190829001,14,4,6,2
20190829002,24,2,4,2
20190829003,34,0,5,5
20190829004,44,3,4,1
20190829005,54,8,3,5
20190829006,64,2,5,3
20190829007,74,5,5,0
20190829008,84,1,5,4
20190829009,94,5,7,2
20190829010,104,4,8,4
20190829011,114,4,9,5
20190829012,124,6,8,2
20190829013,134,4,3,1
20190829014,144,2,3,1
20190829015,154,2,2,0
20190829016,164,1,4,3
20190829017,174,7,2,5
20190829018,184,8,2,6
20190829019,194,6,9,3
20190829020,204,5,4,1
20190829021,214,8,8,0
20190829022,224,1,1,0
20190829023,234,8,0,8
20190829024,244,7,5,2
20190829025,254,6,2,4
20190829026,264,6,0,6
20190829027,274,7,8,1
20190829028,284,6,6,0
20190829029,294,6,0,6
20190829030,304,7,7,0
20190829031,314,8,6,2
20190829032,324,2,8,6
20190829033,334,6,2,4
20190829034,344,2,4,2
20190829035,354,4,3,1
20190829036,364,9,1,8
20190829037,374,9,9,0
20190829038,384,6,3,3
20190829039,394,5,6,1
20190829040,404,6,0,6
20190829041,414,5,5,0
20190829042,424,9,4,5
20190829043,434,7,0,7
20190829044,444,1,4,3
20190829045,454,8,3,5
20190829046,464,4,8,4
20190829047,474,9,8,1
20190829048,484,7,7,0
20190829049,494,3,2,1
20190829050,504,3,6,3
20190829051,514,3,7,4
20190829052,524,7,7,0
20190829053,534,8,8,0
20190829054,544,2,8,6
20190829055,554,1,0,1
20190829056,564,0,3,3
20190829057,574,9,0,9
20190829058,584,2,4,2
20190829059,594,0,0,0
20190829060,604,4,1,3
20190829061,614,5,5,0
20190829062,624,3,1,2
20190829063,634,1,1,0
20190829064,644,8,4,4
20190829065,654,7,4,3
20190829066,664,6,7,1
20190829067,674,1,6,5
20190829068,684,8,3,5
20190829069,694,2,0,2
20190829070,704,2,9,7
20190829071,714,1,8,7
20190829072,724,3,1,2
20190829073,734,2,9,7
20190829074,744,5,6,1
20190829075,754,4,5,1
20190829076,764,8,7,1
20190829077,774,1,0,1
20190829078,784,7,6,1
20190829079,794,7,5,2
20190829080,804,9,1,8
20190829081,814,8,6,2
20190829082,824,3,3,0
20190829083,834,7,0,7
20190829084,844,2,1,1
20190829085,854,6,7,1
20190829086,864,1,0,1
20190829087,874,7,6,1
20190829088,884,7,8,1
20190829089,894,0,4,4
20190829090,904,6,1,5
20190829091,914,0,4,4
20190829092,924,3,1,2
20190829093,934,3,4,1
20190829094,944,5,4,1
20190829095,954,0,7,7
20190829096,964,1,4,3
20190829097,974,5,5,0
20190829098,984,0,4,4
20190829099,994,1,2,1
20190829100,1004,4,5,1
20190829101,1014,3,9,6
20190829102,1024,7,4,3
20190829103,1034,6,2,4
20190829104,1044,9,4,5
20190829105,1054,8,3,5
20190829106,1064,6,1,5
20190829107,1074,7,2,5
20190829108,1084,8,7,1
20190829109,1094,2,0,2
20190829110,1104,5,3,2
20190829111,1114,9,2,7
20190829112,1124,2,0,2
20190829113,1134,9,0,9
20190829114,1144,3,6,3
20190829115,1154,7,4,3
20190829116,1164,7,2,5
20190829117,1174,2,0,2
20190829118,1184,7,6,1
20190829119,1194,0,3,3
20190829120,1204,0,7,7
20190829121,1214,6,6,0
20190829122,1224,8,6,2
20190829123,1234,8,9,1
20190829124,1244,8,3,5
20190829125,1254,1,3,2
20190829126,1264,8,2,6
20190829127,1274,3,3,0
20190829128,1284,7,5,2
20190829129,1294,5,8,3
20190829130,1304,6,5,1
20190829131,1314,7,4,3
20190829132,1324,3,7,4
20190829133,1334,7,3,4
20190829134,1344,8,0,8
20190829135,1354,3,4,1
20190829136,1364,7,1,6
20190829137,1374,8,9,1
20190829138,1384,2,8,6
20190829139,1394,7,6,1
20190829140,1404,2,0,2
20190829141,1414,2,1,1
20190829142,1424,1,2,1
20190829143,1434,3,5,2
20190829144,1444,0,4,4
20190829145,1454,0,9,9
20190829146,1464,1,7,6
20190829147,1474,6,2,4
20190829148,1484,5,2,3
20190829149,1494,1,5,4
20190829150,1504,9,1,8
20190829151,1514,4,5,1
20190829152,1524,0,7,7
20190829153,1534,4,4,0
20190829154,1544,0,0,0
20190829155,1554,3,3,0
20190829156,1564,5,1,4
20190829157,1574,9,8,1
20190829158,1584,6,8,2
20190829159,1594,5,1,4
20190829160,1604,6,9,3
20190829161,1614,0,3,3
20190829162,1624,6,7,1
20190829163,1634,8,6,2
20190829164,1644,3,4,1
20190829165,1654,8,8,0
20190829166,1664,6,8,2
20190829167,1674,1,3,2
20190829168,1684,9,1,8
20190829169,1694,6,2,4
20190829170,1704,9,9,0
20190829171,1714,2,4,2
20190829172,1724,8,4,4
20190829173,1734,8,5,3
20190829174,1744,1,9,8
20190829175,1754,2,1,1
20190829176,1764,4,3,1
20190829177,1774,8,0,8
20190829178,1784,0,4,4
20190829179,1794,2,2,0
20190829180,1804,7,2,5
20190829181,1814,6,8,2
20190829182,1824,0,0,0
20190829183,1834,2,4,2
20190829184,1844,1,9,8
20190829185,1854,9,3,6
20190829186,1864,5,3,2
20190829187,1874,0,7,7
20190829188,1884,1,5,4
20190829189,1894,3,5,2
20190829190,1904,6,7,1
20190829191,1914,9,0,9
20190829192,1924,6,0,6
20190829193,1934,4,7,3
20190829194,1944,9,5,4
20190829195,1954,0,7,7
20190829196,1964,3,1,2
20190829197,1974,0,6,6
20190829198,1984,4,4,0
20190829199,1994,5,5,0
20190829200,2004,6,5,1
20190829201,2014,9,5,4
20190829202,2024,4,0,4
20190829203,2034,3,3,0
20190829204,2044,7,8,1
20190829205,2054,5,8,3
20190829206,2064,3,4,1
20190829207,2074,4,0,4
20190829208,2084,9,3,6
20190829209,2094,6,5,1
20190829210,2104,9,5,4
20190829211,2114,4,1,3
20190829212,2124,9,5,4
20190829213,2134,0,3,3
20190829214,2144,0,9,9
20190829215,2154,5,4,1
20190829216,2164,9,1,8
20190829217,2174,9,7,2
20190829218,2184,8,8,0
20190829219,2194,8,7,1
20190829220,2204,4,2,2
20190829221,2214,7,2,5
20190829222,2224,6,0,6
20190829223,2234,8,4,4
20190829224,2244,8,9,1
20190829225,2254,8,7,1
20190829226,2264,2,5,3
20190829227,2274,1,1,0
20190829228,2284,3,8,5
20190829229,2294,5,3,2
20190829230,2304,9,2,7
20190829231,2314,6,6,0
20190829232,2324,6,7,1
20190829233,2334,6,1,5
20190829234,2344,9,6,3
20190829235,2354,7,5,2
20190829236,2364,9,4,5
20190829237,2374,7,0,7
20190829238,2384,0,4,4
20190829239,2394,4,5,1
20190829240,2404,8,5,3
20190829241,2414,2,1,1
20190829242,2424,1,0,1
20190829243,2434,3,8,5
20190829244,2444,1,5,4
20190829245,2454,2,8,6
20190829246,2464,2,3,1
20190829247,2474,3,4,1
20190829248,2484,1,1,0
20190829249,2494,0,0,0
20190829250,2504,9,6,3
20190829251,2514,3,6,3
20190829252,2524,6,1,5
20190829253,2534,5,8,3
20190829254,2544,3,0,3
20190829255,2554,9,5,4
20190829256,2564,8,1,7
20190829257,2574,5,2,3
20190829258,2584,2,1,1
20190829259,2594,3,7,4
20190829260,2604,1,9,8
20190829261,2614,5,5,0
20190829262,2624,0,0,0
20190829263,2634,7,8,1
20190829264,2644,1,1,0
20190829265,2654,9,2,7
20190829266,2664,7,4,3
20190829267,2674,8,4,4
20190829268,2684,5,6,1
20190829269,2694,6,3,3
20190829270,2704,3,9,6
20190829271,2714,1,2,1
20190829272,2724,8,2,6
20190829273,2734,9,4,5
20190829274,2744,1,2,1
20190829275,2754,3,8,5
20190829276,2764,9,8,1
20190829277,2774,6,1,5
20190829278,2784,1,7,6
20190829279,2794,7,4,3
20190829280,2804,8,8,0
20190829281,2814,7,8,1
20190829282,2824,8,0,8
20190829283,2834,2,6,4
20190829284,2844,2,4,2
20190829285,2854,2,6,4
20190829286,2864,0,8,8
20190829287,2874,4,0,4
20190829288,2884,6,4,2
20190830001,15,5,6,1
20190830002,25,1,9,8
20190830003,35,5,6,1
20190830004,45,7,3,4
20190830005,55,7,0,7
20190830006,65,6,1,5
20190830007,75,2,0,2
20190830008,85,6,7,1
20190830009,95,4,2,2
20190830010,105,5,3,2
20190830011,115,7,8,1
20190830012,125,3,0,3
20190830013,135,9,8,1
20190830014,145,8,6,2
20190830015,155,8,4,4
20190830016,165,7,1,6
20190830017,175,6,1,5
20190830018,185,1,6,5
20190830019,195,8,1,7
20190830020,205,5,3,2
20190830021,215,3,6,3
20190830022,225,2,0,2
20190830023,235,4,9,5
20190830024,245,5,4,1
20190830025,255,1,1,0
20190830026,265,6,4,2
20190830027,275,3,1,2
20190830028,285,6,5,1
20190830029,295,0,6,6
20190830030,305,1,8,7
20190830031,315,5,3,2
20190830032,325,0,9,9
20190830033,335,4,4,0
20190830034,345,2,6,4
20190830035,355,2,8,6
20190830036,365,6,7,1
20190830037,375,3,8,5
20190830038,385,9,5,4
20190830039,395,5,1,4
20190830040,405,1,2,1
20190830041,415,6,4,2
20190830042,425,1,0,1
20190830043,435,1,9,8
20190830044,445,4,8,4
20190830045,455,5,5,0
20190830046,465,1,9,8
20190830047,475,9,2,7
20190830048,485,5,1,4
20190830049,495,6,2,4
20190830050,505,1,7,6
20190830051,515,1,2,1
20190830052,525,9,1,8
20190830053,535,6,8,2
20190830054,545,7,0,7
20190830055,555,0,9,9
20190830056,565,2,0,2
20190830057,575,4,6,2
20190830058,585,2,3,1
20190830059,595,9,9,0
20190830060,605,1,3,2
20190830061,615,0,2,2
20190830062,625,1,7,6
20190830063,635,3,5,2
20190830064,645,5,4,1
20190830065,655,1,9,8
20190830066,665,1,3,2
20190830067,675,3,7,4
20190830068,685,5,8,3
20190830069,695,4,3,1
20190830070,705,5,1,4
20190830071,715,4,2,2
20190830072,725,4,7,3
20190830073,735,4,8,4
20190830074,745,1,5,4
20190830075,755,0,4,4
20190830076,765,8,3,5
20190830077,775,0,8,8
20190830078,785,0,1,1
20190830079,795,7,6,1
20190830080,805,2,3,1
20190830081,815,9,8,1
20190830082,825,2,7,5
20190830083,835,3,9,6
20190830084,845,2,1,1
20190830085,855,6,9,3
20190830086,865,8,3,5
20190830087,875,4,7,3
20190830088,885,1,2,1
20190830089,895,4,5,1
20190830090,905,5,1,4
20190830091,915,7,9,2
20190830092,925,2,7,5
20190830093,935,1,3,2
20190830094,945,0,1,1
20190830095,955,9,7,2
20190830096,965,3,8,5
20190830097,975,6,2,4
20190830098,985,6,4,2
20190830099,995,4,8,4
20190830100,1005,9,4,5
20190830101,1015,9,7,2
20190830102,1025,6,0,6
20190830103,1035,3,0,3
20190830104,1045,6,3,3
20190830105,1055,1,5,4
20190830106,1065,0,6,6
20190830107,1075,5,1,4
20190830108,1085,3,8,5
20190830109,1095,8,4,4
20190830110,1105,5,3,2
20190830111,1115,2,1,1
20190830112,1125,0,8,8
20190830113,1135,2,4,2
20190830114,1145,7,3,4
20190830115,1155,0,8,8
20190830116,1165,8,9,1
20190830117,1175,2,7,5
20190830118,1185,9,8,1
20190830119,1195,4,3,1
20190830120,1205,4,1,3
20190830121,1215,0,2,2
20190830122,1225,8,5,3
20190830123,1235,9,8,1
20190830124,1245,4,2,2
20190830125,1255,4,9,5
20190830126,1265,2,3,1
20190830127,1275,6,4,2
20190830128,1285,3,6,3
20190830129,1295,8,3,5
20190830130,1305,5,5,0
20190830131,1315,7,5,2
20190830132,1325,9,9,0
20190830133,1335,8,1,7
20190830134,1345,6,6,0
20190830135,1355,8,4,4
20190830136,1365,1,4,3
20190830137,1375,5,3,2
20190830138,1385,1,3,2
20190830139,1395,9,2,7
20190830140,1405,6,5,1
20190830141,1415,4,7,3
20190830142,1425,2,5,3
20190830143,1435,4,1,3
20190830144,1445,9,5,4
20190830145,1455,3,7,4
20190830146,1465,7,8,1
20190830147,1475,0,8,8
20190830148,1485,3,2,1
20190830149,1495,1,6,5
20190830150,1505,8,5,3
20190830151,1515,2,8,6
20190830152,1525,8,3,5
20190830153,1535,8,4,4
20190830154,1545,7,6,1
20190830155,1555,6,2,4
20190830156,1565,2,9,7
20190830157,1575,1,9,8
20190830158,1585,1,1,0
20190830159,1595,7,3,4
20190830160,1605,8,1,7
20190830161,1615,7,1,6
20190830162,1625,0,3,3
20190830163,1635,8,9,1
20190830164,1645,3,7,4
20190830165,1655,5,2,3
20190830166,1665,3,1,2
20190830167,1675,5,5,0
20190830168,1685,8,8,0
20190830169,1695,5,9,4
20190830170,1705,1,3,2
20190830171,1715,6,4,2
20190830172,1725,7,7,0
20190830173,1735,4,8,4
20190830174,1745,4,8,4
20190830175,1755,2,6,4
20190830176,1765,8,6,2
20190830177,1775,2,0,2
20190830178,1785,0,9,9
20190830179,1795,7,3,4
20190830180,1805,3,7,4
20190830181,1815,1,3,2
20190830182,1825,3,5,2
20190830183,1835,5,3,2
20190830184,1845,4,1,3
20190830185,1855,1,1,0
20190830186,1865,2,1,1
20190830187,1875,4,9,5
20190830188,1885,8,0,8
20190830189,1895,9,1,8
20190830190,1905,3,9,6
20190830191,1915,4,7,3
20190830192,1925,7,7,0
20190830193,1935,1,7,6
20190830194,1945,3,7,4
20190830195,1955,7,0,7
20190830196,1965,3,4,1
20190830197,1975,6,3,3
20190830198,1985,1,6,5
20190830199,1995,0,7,7
20190830200,2005,7,5,2
20190830201,2015,3,6,3
20190830202,2025,4,2,2
20190830203,2035,8,8,0
20190830204,2045,4,3,1
20190830205,2055,5,1,4
20190830206,2065,2,0,2
20190830207,2075,9,2,7
20190830208,2085,6,9,3
20190830209,2095,2,4,2
20190830210,2105,3,5,2
20190830211,2115,5,9,4
20190830212,2125,0,8,8
20190830213,2135,7,5,2
20190830214,2145,8,5,3
20190830215,2155,6,1,5
20190830216,2165,3,8,5
20190830217,2175,0,8,8
20190830218,2185,1,5,4
20190830219,2195,7,8,1
20190830220,2205,3,4,1
20190830221,2215,6,7,1
20190830222,2225,8,8,0
20190830223,2235,1,3,2
20190830224,2245,0,4,4
20190830225,2255,6,3,3
20190830226,2265,3,6,3
20190830227,2275,0,3,3
20190830228,2285,4,2,2
20190830229,2295,0,8,8
20190830230,2305,8,6,2
20190830231,2315,3,3,0
20190830232,2325,4,8,4
20190830233,2335,5,4,1
20190830234,2345,3,7,4
20190830235,2355,5,5,0
20190830236,2365,0,1,1
20190830237,2375,1,1,0
20190830238,2385,5,9,4
20190830239,2395,8,1,7
20190830240,2405,5,9,4
20190830241,2415,5,8,3
20190830242,2425,4,3,1
20190830243,2435,8,5,3
20190830244,2445,7,3,4
20190830245,2455,8,1,7
20190830246,2465,8,2,6
20190830247,2475,6,3,3
20190830248,2485,3,7,4
20190830249,2495,1,8,7
20190830250,2505,8,1,7
20190830251,2515,7,6,1
20190830252,2525,7,5,2
20190830253,2535,2,1,1
20190830254,2545,6,2,4
20190830255,2555,7,8,1
20190830256,2565,2,6,4
20190830257,2575,7,0,7
20190830258,2585,7,9,2
20190830259,2595,2,9,7
20190830260,2605,9,0,9
20190830261,2615,2,1,1
20190830262,2625,7,7,0
20190830263,2635,8,8,0
20190830264,2645,9,0,9
20190830265,2655,1,4,3
20190830266,2665,0,3,3
20190830267,2675,3,6,3
20190830268,2685,4,7,3
20190830269,2695,5,8,3
20190830270,2705,4,0,4
20190830271,2715,7,2,5
20190830272,2725,0,8,8
20190830273,2735,6,8,2
20190830274,2745,8,7,1
20190830275,2755,0,2,2
20190830276,2765,8,8,0
20190830277,2775,2,1,1
20190830278,2785,7,3,4
20190830279,2795,3,7,4
20190830280,2805,8,1,7
20190830281,2815,5,3,2
20190830282,2825,3,0,3
20190830283,2835,8,3,5
20190830284,2845,2,0,2
20190830285,2855,3,0,3
20190830286,2865,6,7,1
20190830287,2875,0,8,8
20190830288,2885,6,8,2
20190831001,16,8,9,1
20190831002,26,1,6,5
20190831003,36,2,2,0
20190831004,46,9,5,4
20190831005,56,4,6,2
20190831006,66,1,7,6
20190831007,76,7,7,0
20190831008,86,9,9,0
20190831009,96,7,5,2
20190831010,106,5,0,5
20190831011,116,0,9,9
20190831012,126,5,9,4
20190831013,136,8,6,2
20190831014,146,3,0,3
20190831015,156,3,4,1
20190831016,166,1,4,3
20190831017,176,3,6,3
20190831018,186,4,3,1
20190831019,196,5,4,1
20190831020,206,1,5,4
20190831021,216,5,6,1
20190831022,226,5,8,3
20190831023,236,6,2,4
20190831024,246,8,0,8
20190831025,256,0,6,6
20190831026,266,2,8,6
20190831027,276,7,0,7
20190831028,286,7,0,7
20190831029,296,7,1,6
20190831030,306,9,9,0
20190831031,316,8,1,7
20190831032,326,8,6,2
20190831033,336,9,7,2
20190831034,346,5,6,1
20190831035,356,7,0,7
20190831036,366,6,4,2
20190831037,376,0,1,1
20190831038,386,8,8,0
20190831039,396,2,2,0
20190831040,406,3,5,2
20190831041,416,8,9,1
20190831042,426,4,1,3
20190831043,436,7,8,1
20190831044,446,8,8,0
20190831045,456,6,8,2
20190831046,466,8,6,2
20190831047,476,3,7,4
20190831048,486,2,5,3
20190831049,496,6,1,5
20190831050,506,1,0,1
20190831051,516,5,2,3
20190831052,526,6,7,1
20190831053,536,8,2,6
20190831054,546,4,9,5
20190831055,556,4,8,4
20190831056,566,2,4,2
20190831057,576,0,7,7
20190831058,586,3,3,0
20190831059,596,2,3,1
20190831060,606,5,0,5
20190831061,616,0,6,6
20190831062,626,6,0,6
20190831063,636,7,9,2
20190831064,646,5,9,4
20190831065,656,5,4,1
20190831066,666,9,4,5
20190831067,676,5,9,4
20190831068,686,6,9,3
20190831069,696,0,2,2
20190831070,706,9,1,8
20190831071,716,0,9,9
20190831072,726,0,6,6
20190831073,736,5,3,2
20190831074,746,9,3,6
20190831075,756,8,3,5
20190831076,766,1,1,0
20190831077,776,4,8,4
20190831078,786,7,3,4
20190831079,796,2,9,7
20190831080,806,1,4,3
20190831081,816,3,1,2
20190831082,826,7,0,7
20190831083,836,9,9,0
20190831084,846,9,1,8
20190831085,856,2,6,4
20190831086,866,0,5,5
20190831087,876,7,2,5
20190831088,886,3,9,6
20190831089,896,6,4,2
20190831090,906,8,8,0
20190831091,916,6,1,5
20190831092,926,8,6,2
20190831093,936,5,3,2
20190831094,946,9,1,8
20190831095,956,9,9,0
20190831096,966,9,4,5
20190831097,976,5,5,0
20190831098,986,6,2,4
20190831099,996,6,6,0
20190831100,1006,6,4,2
20190831101,1016,4,5,1
20190831102,1026,5,3,2
20190831103,1036,0,1,1
20190831104,1046,1,4,3
20190831105,1056,3,7,4
20190831106,1066,6,1,5
20190831107,1076,7,3,4
20190831108,1086,7,8,1
20190831109,1096,5,5,0
20190831110,1106,2,6,4
20190831111,1116,3,6,3
20190831112,1126,4,4,0
20190831113,1136,6,9,3
20190831114,1146,4,1,3
20190831115,1156,3,7,4
20190831116,1166,4,7,3
20190831117,1176,0,4,4
20190831118,1186,7,8,1
20190831119,1196,7,0,7
20190831120,1206,3,8,5
20190831121,1216,3,3,0
20190831122,1226,9,3,6
20190831123,1236,2,3,1
20190831124,1246,6,9,3
20190831125,1256,1,8,7
20190831126,1266,2,3,1
20190831127,1276,9,1,8
20190831128,1286,4,9,5
20190831129,1296,2,1,1
20190831130,1306,6,9,3
20190831131,1316,3,1,2
20190831132,1326,3,2,1
20190831133,1336,3,1,2
20190831134,1346,5,1,4
20190831135,1356,7,9,2
20190831136,1366,7,5,2
20190831137,1376,5,8,3
20190831138,1386,9,0,9
20190831139,1396,7,7,0
20190831140,1406,8,1,7
20190831141,1416,2,6,4
20190831142,1426,1,4,3
20190831143,1436,8,1,7
20190831144,1446,8,3,5
20190831145,1456,9,4,5
20190831146,1466,7,5,2
20190831147,1476,7,2,5
20190831148,1486,9,1,8
20190831149,1496,1,7,6
20190831150,1506,9,0,9
20190831151,1516,1,3,2
20190831152,1526,3,2,1
20190831153,1536,2,4,2
20190831154,1546,8,9,1
20190831155,1556,5,4,1
20190831156,1566,5,1,4
20190831157,1576,3,9,6
20190831158,1586,1,4,3
20190831159,1596,8,7,1
20190831160,1606,8,5,3
20190831161,1616,7,8,1
20190831162,1626,2,6,4
20190831163,1636,1,5,4
20190831164,1646,9,9,0
20190831165,1656,2,6,4
20190831166,1666,2,1,1
20190831167,1676,3,0,3
20190831168,1686,1,3,2
20190831169,1696,6,2,4
20190831170,1706,5,5,0
20190831171,1716,3,2,1
20190831172,1726,4,1,3
20190831173,1736,9,2,7
20190831174,1746,1,0,1
20190831175,1756,5,5,0
20190831176,1766,1,6,5
20190831177,1776,6,6,0
20190831178,1786,6,0,6
20190831179,1796,6,7,1
20190831180,1806,5,3,2
20190831181,1816,2,0,2
20190831182,1826,7,6,1
20190831183,1836,9,6,3
20190831184,1846,3,2,1
20190831185,1856,1,2,1
20190831186,1866,6,5,1
20190831187,1876,9,5,4
20190831188,1886,8,4,4
20190831189,1896,5,0,5
20190831190,1906,1,0,1
20190831191,1916,0,3,3
20190831192,1926,1,3,2
20190831193,1936,8,5,3
20190831194,1946,7,7,0
20190831195,1956,3,1,2
20190831196,1966,0,5,5
20190831197,1976,4,3,1
20190831198,1986,9,4,5
20190831199,1996,9,6,3
20190831200,2006,8,6,2
20190831201,2016,7,4,3
20190831202,2026,6,7,1
20190831203,2036,6,8,2
20190831204,2046,4,1,3
20190831205,2056,9,0,9
20190831206,2066,5,2,3
20190831207,2076,9,5,4
20190831208,2086,6,1,5
20190831209,2096,9,0,9
20190831210,2106,4,8,4
20190831211,2116,7,2,5
20190831212,2126,0,8,8
20190831213,2136,4,4,0
20190831214,2146,3,8,5
20190831215,2156,6,3,3
20190831216,2166,1,0,1
20190831217,2176,8,9,1
20190831218,2186,2,7,5
20190831219,2196,7,3,4
20190831220,2206,3,6,3
20190831221,2216,5,3,2
20190831222,2226,0,8,8
20190831223,2236,3,2,1
20190831224,2246,8,4,4
20190831225,2256,9,8,1
20190831226,2266,7,8,1
20190831227,2276,9,5,4
20190831228,2286,5,8,3
20190831229,2296,2,1,1
20190831230,2306,4,5,1
20190831231,2316,8,1,7
20190831232,2326,8,9,1
20190831233,2336,3,0,3
20190831234,2346,3,9,6
20190831235,2356,1,8,7
20190831236,2366,3,0,3
20190831237,2376,6,5,1
20190831238,2386,9,9,0
20190831239,2396,2,1,1
20190831240,2406,4,6,2
20190831241,2416,9,1,8
20190831242,2426,3,1,2
20190831243,2436,9,2,7
20190831244,2446,0,0,0
20190831245,2456,3,6,3
20190831246,2466,5,3,2
20190831247,2476,1,1,0
20190831248,2486,5,6,1
20190831249,2496,3,9,6
20190831250,2506,6,6,0
20190831251,2516,1,4,3
20190831252,2526,3,7,4
20190831253,2536,0,3,3
20190831254,2546,5,6,1
20190831255,2556,6,9,3
20190831256,2566,8,5,3
20190831257,2576,1,1,0
20190831258,2586,1,9,8
20190831259,2596,2,0,2
20190831260,2606,3,1,2
20190831261,2616,5,2,3
20190831262,2626,1,9,8
20190831263,2636,3,5,2
20190831264,2646,8,4,4
20190831265,2656,2,9,7
20190831266,2666,7,0,7
20190831267,2676,5,6,1
20190831268,2686,4,3,1
20190831269,2696,8,0,8
20190831270,2706,5,2,3
20190831271,2716,9,0,9
20190831272,2726,0,5,5
20190831273,2736,6,2,4
20190831274,2746,3,8,5
20190831275,2756,3,7,4
20190831276,2766,8,0,8
20190831277,2776,8,2,6
20190831278,2786,0,4,4
20190831279,2796,3,1,2
20190831280,2806,4,6,2
20190831281,2816,5,5,0
20190831282,2826,5,0,5
20190831283,2836,9,3,6
20190831284,2846,6,8,2
20190831285,2856,4,6,2
20190831286,2866,8,1,7
20190831287,2876,4,2,2
20190831288,2886,0,4,4
20190901001,17,2,4,2
20190901002,27,4,6,2
20190901003,37,4,6,2
20190901004,47,4,2,2
20190901005,57,0,3,3
20190901006,67,7,0,7
20190901007,77,1,2,1
20190901008,87,1,8,7
20190901009,97,2,0,2
20190901010,107,0,6,6
20190901011,117,2,9,7
20190901012,127,4,2,2
20190901013,137,6,4,2
20190901014,147,5,0,5
20190901015,157,0,5,5
20190901016,167,2,8,6
20190901017,177,8,6,2
20190901018,187,4,6,2
20190901019,197,0,2,2
20190901020,207,0,4,4
20190901021,217,8,0,8
20190901022,227,6,6,0
20190901023,237,7,0,7
20190901024,247,6,0,6
20190901025,257,2,8,6
20190901026,267,4,4,0
20190901027,277,2,3,1
20190901028,287,7,3,4
20190901029,297,6,5,1
20190901030,307,3,6,3
20190901031,317,0,4,4
20190901032,327,2,3,1
20190901033,337,6,2,4
20190901034,347,4,9,5
20190901035,357,9,3,6
20190901036,367,4,1,3
20190901037,377,4,2,2
20190901038,387,1,5,4
20190901039,397,9,2,7
20190901040,407,6,9,3
20190901041,417,5,1,4
20190901042,427,6,2,4
20190901043,437,2,7,5
20190901044,447,3,2,1
20190901045,457,0,5,5
20190901046,467,7,3,4
20190901047,477,2,6,4
20190901048,487,3,5,2
20190901049,497,6,5,1
20190901050,507,3,8,5
20190901051,517,8,9,1
20190901052,527,0,5,5
20190901053,537,0,0,0
20190901054,547,2,3,1
20190901055,557,7,9,2
20190901056,567,4,0,4
20190901057,577,7,1,6
20190901058,587,4,0,4
20190901059,597,7,7,0
20190901060,607,6,3,3
20190901061,617,2,0,2
20190901062,627,4,7,3
20190901063,637,8,4,4
20190901064,647,3,1,2
20190901065,657,8,7,1
20190901066,667,5,9,4
20190901067,677,8,6,2
20190901068,687,4,8,4
20190901069,697,3,9,6
20190901070,707,1,9,8
20190901071,717,9,6,3
20190901072,727,6,2,4
20190901073,737,9,6,3
20190901074,747,5,6,1
20190901075,757,1,6,5
20190901076,767,8,1,7
20190901077,777,1,8,7
20190901078,787,7,4,3
20190901079,797,2,6,4
20190901080,807,6,7,1
20190901081,817,7,8,1
20190901082,827,9,1,8
20190901083,837,2,8,6
20190901084,847,8,5,3
20190901085,857,8,1,7
20190901086,867,0,7,7
20190901087,877,5,1,4
20190901088,887,4,6,2
20190901089,897,8,3,5
20190901090,907,4,6,2
20190901091,917,0,1,1
20190901092,927,1,1,0
20190901093,937,1,4,3
20190901094,947,2,9,7
20190901095,957,4,5,1
20190901096,967,6,3,3
20190901097,977,2,9,7
20190901098,987,5,6,1
20190901099,997,5,3,2
20190901100,1007,5,5,0
20190901101,1017,5,6,1
20190901102,1027,9,0,9
20190901103,1037,4,1,3
20190901104,1047,8,8,0
20190901105,1057,0,6,6
20190901106,1067,4,9,5
20190901107,1077,2,3,1
20190901108,1087,2,5,3
20190901109,1097,1,8,7
20190901110,1107,6,3,3
20190901111,1117,1,0,1
20190901112,1127,9,2,7
20190901113,1137,5,0,5
20190901114,1147,1,3,2
20190901115,1157,2,5,3
20190901116,1167,0,7,7
20190901117,1177,1,8,7
20190901118,1187,9,7,2
20190901119,1197,2,3,1
20190901120,1207,0,2,2
20190901121,1217,5,0,5
20190901122,1227,8,1,7
20190901123,1237,4,6,2
20190901124,1247,8,3,5
20190901125,1257,2,1,1
20190901126,1267,9,5,4
20190901127,1277,2,9,7
20190901128,1287,9,6,3
20190901129,1297,4,5,1
20190901130,1307,7,7,0
20190901131,1317,5,4,1
20190901132,1327,2,8,6
20190901133,1337,4,6,2
20190901134,1347,6,1,5
20190901135,1357,1,2,1
20190901136,1367,5,6,1
20190901137,1377,6,9,3
20190901138,1387,7,6,1
20190901139,1397,6,9,3
20190901140,1407,8,5,3
20190901141,1417,3,9,6
20190901142,1427,0,9,9
20190901143,1437,7,9,2
20190901144,1447,6,4,2
20190901145,1457,1,2,1
20190901146,1467,9,4,5
20190901147,1477,4,2,2
20190901148,1487,5,7,2
20190901149,1497,2,7,5
20190901150,1507,3,8,5
20190901151,1517,1,9,8
20190901152,1527,9,2,7
20190901153,1537,7,3,4
20190901154,1547,1,9,8
20190901155,1557,7,8,1
20190901156,1567,1,4,3
20190901157,1577,6,9,3
20190901158,1587,0,7,7
20190901159,1597,7,5,2
20190901160,1607,3,1,2
20190901161,1617,4,8,4
20190901162,1627,7,5,2
20190901163,1637,8,4,4
20190901164,1647,2,6,4
20190901165,1657,5,5,0
20190901166,1667,8,6,2
20190901167,1677,2,0,2
20190901168,1687,8,8,0
20190901169,1697,1,6,5
20190901170,1707,1,1,0
20190901171,1717,7,3,4
20190901172,1727,9,5,4
20190901173,1737,3,1,2
20190901174,1747,9,7,2
20190901175,1757,2,5,3
20190901176,1767,6,4,2
20190901177,1777,6,1,5
20190901178,1787,1,7,6
20190901179,1797,9,5,4
20190901180,1807,4,4,0
20190901181,1817,4,9,5
20190901182,1827,3,4,1
20190901183,1837,3,4,1
20190901184,1847,8,7,1
20190901185,1857,5,8,3
20190901186,1867,5,8,3
20190901187,1877,4,0,4
20190901188,1887,8,7,1
20190901189,1897,2,7,5
20190901190,1907,0,4,4
20190901191,1917,8,1,7
20190901192,1927,1,6,5
20190901193,1937,8,0,8
20190901194,1947,2,4,2
20190901195,1957,7,2,5
20190901196,1967,1,9,8
20190901197,1977,8,0,8
20190901198,1987,4,8,4
20190901199,1997,7,0,7
20190901200,2007,9,6,3
20190901201,2017,2,7,5
20190901202,2027,0,4,4
20190901203,2037,1,1,0
20190901204,2047,6,4,2
20190901205,2057,4,7,3
20190901206,2067,7,2,5
20190901207,2077,3,5,2
20190901208,2087,7,0,7
20190901209,2097,4,0,4
20190901210,2107,5,9,4
20190901211,2117,1,4,3
20190901212,2127,7,2,5
20190901213,2137,1,5,4
20190901214,2147,7,5,2
20190901215,2157,1,9,8
20190901216,2167,1,6,5
20190901217,2177,1,5,4
20190901218,2187,2,1,1
20190901219,2197,5,5,0
20190901220,2207,7,8,1
20190901221,2217,6,4,2
20190901222,2227,5,5,0
20190901223,2237,8,3,5
20190901224,2247,9,2,7
20190901225,2257,3,3,0
20190901226,2267,1,2,1
20190901227,2277,0,1,1
20190901228,2287,2,3,1
20190901229,2297,0,6,6
20190901230,2307,0,7,7
20190901231,2317,0,2,2
20190901232,2327,5,9,4
20190901233,2337,6,9,3
20190901234,2347,6,4,2
20190901235,2357,9,9,0
20190901236,2367,8,1,7
20190901237,2377,0,8,8
20190901238,2387,6,7,1
20190901239,2397,4,7,3
20190901240,2407,8,3,5
20190901241,2417,7,9,2
20190901242,2427,5,5,0
20190901243,2437,9,7,2
20190901244,2447,2,5,3
20190901245,2457,7,7,0
20190901246,2467,2,0,2
20190901247,2477,7,7,0
20190901248,2487,9,0,9
20190901249,2497,1,0,1
20190901250,2507,5,7,2
20190901251,2517,6,6,0
20190901252,2527,1,9,8
20190901253,2537,8,0,8
20190901254,2547,8,2,6
20190901255,2557,1,6,5
20190901256,2567,2,1,1
20190901257,2577,6,9,3
20190901258,2587,5,0,5
20190901259,2597,4,6,2
20190901260,2607,5,2,3
20190901261,2617,1,8,7
20190901262,2627,0,0,0
20190901263,2637,2,6,4
20190901264,2647,0,1,1
20190901265,2657,1,4,3
20190901266,2667,8,0,8
20190901267,2677,7,8,1
20190901268,2687,1,0,1
20190901269,2697,5,6,1
20190901270,2707,9,2,7
20190901271,2717,2,7,5
20190901272,2727,1,0,1
20190901273,2737,8,0,8
20190901274,2747,3,2,1
20190901275,2757,2,0,2
20190901276,2767,0,7,7
20190901277,2777,9,3,6
20190901278,2787,3,1,2
20190901279,2797,1,5,4
20190901280,2807,9,7,2
20190901281,2817,6,8,2
20190901282,2827,8,6,2
20190901283,2837,3,7,4
20190901284,2847,4,8,4
20190901285,2857,3,4,1
20190901286,2867,0,0,0
20190901287,2877,9,9,0
20190901288,2887,9,8,1
20190902001,11,5,2,3
20190902002,21,1,9,8
20190902003,31,1,8,7
20190902004,41,0,0,0
20190902005,51,2,2,0
20190902006,61,7,3,4
20190902007,71,4,4,0
20190902008,81,8,1,7
20190902009,91,8,5,3
20190902010,101,1,9,8
20190902011,111,3,6,3
20190902012,121,6,3,3
20190902013,131,6,4,2
20190902014,141,1,0,1
20190902015,151,3,2,1
20190902016,161,3,8,5
20190902017,171,7,0,7
20190902018,181,5,3,2
20190902019,191,8,8,0
20190902020,201,7,3,4
20190902021,211,9,5,4
20190902022,221,1,4,3
20190902023,231,4,9,5
20190902024,241,7,9,2
20190902025,251,4,5,1
20190902026,261,3,5,2
20190902027,271,8,1,7
20190902028,281,4,2,2
20190902029,291,7,1,6
20190902030,301,4,1,3
20190902031,311,2,9,7
20190902032,321,7,6,1
20190902033,331,4,6,2
20190902034,341,3,1,2
20190902035,351,4,7,3
20190902036,361,0,2,2
20190902037,371,6,2,4
20190902038,381,4,7,3
20190902039,391,4,3,1
20190902040,401,4,2,2
20190902041,411,6,0,6
20190902042,421,3,7,4
20190902043,431,2,1,1
20190902044,441,7,6,1
20190902045,451,9,2,7
20190902046,461,1,6,5
20190902047,471,5,2,3
20190902048,481,7,8,1
20190902049,491,8,8,0
20190902050,501,6,5,1
20190902051,511,2,7,5
20190902052,521,8,8,0
20190902053,531,3,3,0
20190902054,541,5,1,4
20190902055,551,2,5,3
20190902056,561,3,6,3
20190902057,571,0,6,6
20190902058,581,9,5,4
20190902059,591,2,4,2
20190902060,601,1,3,2
20190902061,611,1,0,1
20190902062,621,7,0,7
20190902063,631,1,3,2
20190902064,641,6,9,3
20190902065,651,9,4,5
20190902066,661,2,5,3
20190902067,671,5,7,2
20190902068,681,2,1,1
20190902069,691,2,1,1
20190902070,701,6,8,2
20190902071,711,6,5,1
20190902072,721,9,3,6
20190902073,731,5,4,1
20190902074,741,3,1,2
20190902075,751,4,6,2
20190902076,761,2,8,6
20190902077,771,3,3,0
20190902078,781,5,8,3
20190902079,791,0,0,0
20190902080,801,8,5,3
20190902081,811,9,8,1
20190902082,821,2,4,2
20190902083,831,6,1,5
20190902084,841,8,1,7
20190902085,851,2,8,6
20190902086,861,6,6,0
20190902087,871,3,0,3
20190902088,881,5,1,4
20190902089,891,4,3,1
20190902090,901,4,9,5
20190902091,911,9,6,3
20190902092,921,0,5,5
20190902093,931,2,5,3
20190902094,941,9,2,7
20190902095,951,6,4,2
20190902096,961,9,3,6
20190902097,971,4,5,1
20190902098,981,1,1,0
20190902099,991,4,5,1
20190902100,1001,6,9,3
20190902101,1011,4,9,5
20190902102,1021,3,3,0
20190902103,1031,0,2,2
20190902104,1041,3,4,1
20190902105,1051,7,7,0
20190902106,1061,9,8,1
20190902107,1071,8,3,5
20190902108,1081,1,5,4
20190902109,1091,4,2,2
20190902110,1101,5,4,1
20190902111,1111,9,9,0
20190902112,1121,4,5,1
20190902113,1131,7,3,4
20190902114,1141,4,8,4
20190902115,1151,2,1,1
20190902116,1161,2,7,5
20190902117,1171,9,9,0
20190902118,1181,3,1,2
20190902119,1191,4,0,4
20190902120,1201,1,7,6
20190902121,1211,9,7,2
20190902122,1221,0,4,4
20190902123,1231,2,4,2
20190902124,1241,8,5,3
20190902125,1251,1,5,4
20190902126,1261,6,0,6
20190902127,1271,9,6,3
20190902128,1281,0,8,8
20190902129,1291,9,9,0
20190902130,1301,9,4,5
20190902131,1311,1,0,1
20190902132,1321,3,5,2
20190902133,1331,5,2,3
20190902134,1341,1,8,7
20190902135,1351,6,6,0
20190902136,1361,1,4,3
20190902137,1371,8,4,4
20190902138,1381,1,1,0
20190902139,1391,8,8,0
20190902140,1401,7,5,2
20190902141,1411,1,9,8
20190902142,1421,1,3,2
20190902143,1431,7,7,0
20190902144,1441,0,6,6
20190902145,1451,3,2,1
20190902146,1461,2,8,6
20190902147,1471,7,9,2
20190902148,1481,1,1,0
20190902149,1491,0,9,9
20190902150,1501,5,1,4
20190902151,1511,5,1,4
20190902152,1521,3,5,2
20190902153,1531,9,4,5
20190902154,1541,4,3,1
20190902155,1551,5,3,2
20190902156,1561,4,2,2
20190902157,1571,6,3,3
20190902158,1581,4,5,1
20190902159,1591,1,5,4
20190902160,1601,2,5,3
20190902161,1611,7,3,4
20190902162,1621,6,2,4
20190902163,1631,5,8,3
20190902164,1641,5,7,2
20190902165,1651,8,2,6
20190902166,1661,5,8,3
20190902167,1671,6,0,6
20190902168,1681,8,6,2
20190902169,1691,6,6,0
20190902170,1701,8,8,0
20190902171,1711,8,5,3
20190902172,1721,4,6,2
20190902173,1731,0,8,8
20190902174,1741,3,0,3
20190902175,1751,9,6,3
20190902176,1761,1,3,2
20190902177,1771,4,4,0
20190902178,1781,1,2,1
20190902179,1791,9,4,5
20190902180,1801,4,5,1
20190902181,1811,9,2,7
20190902182,1821,5,7,2
20190902183,1831,3,3,0
20190902184,1841,8,8,0
20190902185,1851,7,9,2
20190902186,1861,3,6,3
20190902187,1871,9,9,0
20190902188,1881,1,0,1
20190902189,1891,4,3,1
20190902190,1901,6,1,5
20190902191,1911,2,0,2
20190902192,1921,4,7,3
20190902193,1931,8,8,0
20190902194,1941,6,2,4
20190902195,1951,3,0,3
20190902196,1961,2,4,2
20190902197,1971,5,8,3
20190902198,1981,6,6,0
20190902199,1991,7,4,3
20190902200,2001,4,3,1
20190902201,2011,1,9,8
20190902202,2021,4,6,2
20190902203,2031,8,3,5
20190902204,2041,7,1,6
20190902205,2051,2,4,2
20190902206,2061,7,5,2
20190902207,2071,2,5,3
20190902208,2081,8,1,7
20190902209,2091,8,9,1
20190902210,2101,2,1,1
20190902211,2111,0,3,3
20190902212,2121,5,6,1
20190902213,2131,1,1,0
20190902214,2141,7,0,7
20190902215,2151,4,5,1
20190902216,2161,6,0,6
20190902217,2171,8,6,2
20190902218,2181,9,0,9
20190902219,2191,6,5,1
20190902220,2201,1,0,1
20190902221,2211,9,1,8
20190902222,2221,6,6,0
20190902223,2231,0,7,7
20190902224,2241,3,9,6
20190902225,2251,6,6,0
20190902226,2261,2,6,4
20190902227,2271,1,2,1
20190902228,2281,3,8,5
20190902229,2291,4,4,0
20190902230,2301,5,4,1
20190902231,2311,0,4,4
20190902232,2321,5,2,3
20190902233,2331,7,9,2
20190902234,2341,8,0,8
20190902235,2351,0,7,7
20190902236,2361,8,9,1
20190902237,2371,2,2,0
20190902238,2381,8,6,2
20190902239,2391,4,2,2
20190902240,2401,8,7,1
20190902241,2411,2,4,2
20190902242,2421,6,0,6
20190902243,2431,3,9,6
20190902244,2441,4,2,2
20190902245,2451,6,6,0
20190902246,2461,2,2,0
20190902247,2471,3,5,2
20190902248,2481,1,7,6
20190902249,2491,5,4,1
20190902250,2501,2,4,2
20190902251,2511,6,8,2
20190902252,2521,4,3,1
20190902253,2531,7,3,4
20190902254,2541,8,5,3
20190902255,2551,1,3,2
20190902256,2561,3,2,1
20190902257,2571,7,4,3
20190902258,2581,3,6,3
20190902259,2591,5,0,5
20190902260,2601,4,7,3
20190902261,2611,5,4,1
20190902262,2621,7,4,3
20190902263,2631,2,7,5
20190902264,2641,4,5,1
20190902265,2651,7,7,0
20190902266,2661,8,6,2
20190902267,2671,0,3,3
20190902268,2681,2,9,7
20190902269,2691,3,5,2
20190902270,2701,0,9,9
20190902271,2711,7,1,6
20190902272,2721,6,3,3
20190902273,2731,5,9,4
20190902274,2741,4,7,3
20190902275,2751,7,5,2
20190902276,2761,1,0,1
20190902277,2771,5,6,1
20190902278,2781,6,9,3
20190902279,2791,6,5,1
20190902280,2801,3,8,5
20190902281,2811,5,1,4
20190902282,2821,3,0,3
20190902283,2831,8,2,6
20190902284,2841,4,7,3
20190902285,2851,5,6,1
20190902286,2861,7,3,4
20190902287,2871,6,6,0
20190902288,2881,9,3,6
20190903001,12,3,6,3
20190903002,22,6,7,1
20190903003,32,5,6,1
20190903004,42,0,3,3
20190903005,52,1,3,2
20190903006,62,0,4,4
20190903007,72,2,0,2
20190903008,82,9,1,8
20190903009,92,7,3,4
20190903010,102,6,7,1
20190903011,112,8,4,4
20190903012,122,3,0,3
20190903013,132,9,8,1
20190903014,142,8,9,1
20190903015,152,5,7,2
20190903016,162,7,6,1
20190903017,172,3,1,2
20190903018,182,6,7,1
20190903019,192,6,4,2
20190903020,202,1,2,1
20190903021,212,5,4,1
20190903022,222,3,8,5
20190903023,232,9,6,3
20190903024,242,3,6,3
20190903025,252,1,2,1
20190903026,262,2,1,1
20190903027,272,6,8,2
20190903028,282,3,5,2
20190903029,292,9,4,5
20190903030,302,2,8,6
20190903031,312,1,2,1
20190903032,322,2,7,5
20190903033,332,8,7,1
20190903034,342,2,8,6
20190903035,352,3,7,4
20190903036,362,5,3,2
20190903037,372,2,5,3
20190903038,382,1,6,5
20190903039,392,3,8,5
20190903040,402,5,1,4
20190903041,412,2,8,6
20190903042,422,7,6,1
20190903043,432,3,5,2
20190903044,442,9,4,5
20190903045,452,5,4,1
20190903046,462,2,9,7
20190903047,472,2,8,6
20190903048,482,2,0,2
20190903049,492,2,8,6
20190903050,502,3,4,1
20190903051,512,6,9,3
20190903052,522,6,6,0
20190903053,532,2,8,6
20190903054,542,1,9,8
20190903055,552,0,0,0
20190903056,562,4,0,4
20190903057,572,6,5,1
20190903058,582,1,9,8
20190903059,592,4,2,2
20190903060,602,1,7,6
20190903061,612,8,9,1
20190903062,622,8,1,7
20190903063,632,6,3,3
20190903064,642,0,1,1
20190903065,652,0,9,9
20190903066,662,6,5,1
20190903067,672,4,2,2
20190903068,682,8,1,7
20190903069,692,3,6,3
20190903070,702,4,6,2
20190903071,712,6,3,3
20190903072,722,0,2,2
20190903073,732,3,4,1
20190903074,742,7,9,2
20190903075,752,0,1,1
20190903076,762,4,2,2
20190903077,772,2,0,2
20190903078,782,7,9,2
20190903079,792,7,8,1
20190903080,802,2,7,5
20190903081,812,1,4,3
20190903082,822,2,8,6
20190903083,832,6,9,3
20190903084,842,3,5,2
20190903085,852,9,1,8
20190903086,862,8,2,6
20190903087,872,2,4,2
20190903088,882,8,1,7
20190903089,892,3,7,4
20190903090,902,4,3,1
20190903091,912,1,5,4
20190903092,922,5,8,3
20190903093,932,0,5,5
20190903094,942,7,7,0
20190903095,952,9,1,8
20190903096,962,9,2,7
20190903097,972,4,3,1
20190903098,982,8,7,1
20190903099,992,5,9,4
20190903100,1002,2,3,1
20190903101,1012,3,4,1
20190903102,1022,8,2,6
20190903103,1032,2,2,0
20190903104,1042,4,8,4
20190903105,1052,4,0,4
20190903106,1062,1,7,6
20190903107,1072,1,4,3
20190903108,1082,0,5,5
20190903109,1092,1,4,3
20190903110,1102,9,0,9
20190903111,1112,0,5,5
20190903112,1122,6,3,3
20190903113,1132,7,2,5
20190903114,1142,2,4,2
20190903115,1152,9,8,1
20190903116,1162,8,0,8
20190903117,1172,4,2,2
20190903118,1182,5,5,0
20190903119,1192,4,7,3
20190903120,1202,2,9,7
20190903121,1212,2,1,1
20190903122,1222,9,1,8
20190903123,1232,2,7,5
20190903124,1242,5,9,4
20190903125,1252,0,0,0
20190903126,1262,2,9,7
20190903127,1272,6,5,1
20190903128,1282,9,7,2
20190903129,1292,3,4,1
20190903130,1302,4,8,4
20190903131,1312,9,5,4
20190903132,1322,6,5,1
20190903133,1332,5,7,2
20190903134,1342,5,8,3
20190903135,1352,3,8,5
20190903136,1362,7,3,4
20190903137,1372,0,0,0
20190903138,1382,2,0,2
20190903139,1392,3,9,6
20190903140,1402,1,9,8
20190903141,1412,4,7,3
20190903142,1422,1,9,8
20190903143,1432,1,4,3
20190903144,1442,2,0,2
20190903145,1452,8,4,4
20190903146,1462,9,4,5
20190903147,1472,6,5,1
20190903148,1482,5,8,3
20190903149,1492,7,8,1
20190903150,1502,7,7,0
20190903151,1512,3,0,3
20190903152,1522,0,9,9
20190903153,1532,8,9,1
20190903154,1542,1,1,0
20190903155,1552,8,7,1
20190903156,1562,9,9,0
20190903157,1572,8,7,1
20190903158,1582,8,3,5
20190903159,1592,8,7,1
20190903160,1602,6,9,3
20190903161,1612,2,9,7
20190903162,1622,7,7,0
20190903163,1632,0,7,7
20190903164,1642,3,3,0
20190903165,1652,6,1,5
20190903166,1662,5,4,1
20190903167,1672,0,9,9
20190903168,1682,7,2,5
20190903169,1692,9,4,5
20190903170,1702,1,4,3
20190903171,1712,2,6,4
20190903172,1722,0,5,5
20190903173,1732,3,5,2
20190903174,1742,8,2,6
20190903175,1752,6,6,0
20190903176,1762,0,5,5
20190903177,1772,0,0,0
20190903178,1782,4,2,2
20190903179,1792,6,9,3
20190903180,1802,2,2,0
20190903181,1812,8,1,7
20190903182,1822,0,5,5
20190903183,1832,9,1,8
20190903184,1842,7,4,3
20190903185,1852,8,6,2
20190903186,1862,0,9,9
20190903187,1872,0,0,0
20190903188,1882,9,5,4
20190903189,1892,9,8,1
20190903190,1902,8,1,7
20190903191,1912,5,9,4
20190903192,1922,9,9,0
20190903193,1932,8,9,1
20190903194,1942,5,3,2
20190903195,1952,8,9,1
20190903196,1962,9,0,9
20190903197,1972,6,9,3
20190903198,1982,0,4,4
20190903199,1992,1,4,3
20190903200,2002,3,3,0
20190903201,2012,0,4,4
20190903202,2022,1,4,3
20190903203,2032,8,1,7
20190903204,2042,0,0,0
20190903205,2052,3,1,2
20190903206,2062,2,5,3
20190903207,2072,3,7,4
20190903208,2082,2,3,1
20190903209,2092,3,7,4
20190903210,2102,8,3,5
20190903211,2112,5,6,1
20190903212,2122,4,6,2
20190903213,2132,8,5,3
20190903214,2142,9,5,4
20190903215,2152,5,7,2
20190903216,2162,2,4,2
20190903217,2172,1,3,2
20190903218,2182,3,0,3
20190903219,2192,5,5,0
20190903220,2202,6,8,2
20190903221,2212,6,5,1
20190903222,2222,5,0,5
20190903223,2232,2,0,2
20190903224,2242,4,6,2
20190903225,2252,6,6,0
20190903226,2262,9,8,1
20190903227,2272,6,0,6
20190903228,2282,2,7,5
20190903229,2292,5,6,1
20190903230,2302,7,6,1
20190903231,2312,1,0,1
20190903232,2322,2,5,3
20190903233,2332,3,1,2
20190903234,2342,3,4,1
20190903235,2352,1,6,5
20190903236,2362,0,5,5
20190903237,2372,6,8,2
20190903238,2382,3,1,2
20190903239,2392,3,9,6
20190903240,2402,4,8,4
20190903241,2412,8,6,2
20190903242,2422,4,2,2
20190903243,2432,6,4,2
20190903244,2442,0,2,2
20190903245,2452,2,7,5
20190903246,2462,9,9,0
20190903247,2472,2,8,6
20190903248,2482,1,1,0
20190903249,2492,0,1,1
20190903250,2502,4,2,2
20190903251,2512,2,6,4
20190903252,2522,2,4,2
20190903253,2532,9,6,3
20190903254,2542,3,1,2
20190903255,2552,1,7,6
20190903256,2562,5,1,4
20190903257,2572,4,1,3
20190903258,2582,6,4,2
20190903259,2592,7,4,3
20190903260,2602,1,1,0
20190903261,2612,5,4,1
20190903262,2622,1,5,4
20190903263,2632,2,8,6
20190903264,2642,1,9,8
20190903265,2652,9,5,4
20190903266,2662,6,6,0
20190903267,2672,8,6,2
20190903268,2682,8,6,2
20190903269,2692,4,8,4
20190903270,2702,3,8,5
20190903271,2712,9,3,6
20190903272,2722,0,6,6
20190903273,2732,7,8,1
20190903274,2742,3,9,6
20190903275,2752,8,4,4
20190903276,2762,3,8,5
20190903277,2772,3,1,2
20190903278,2782,8,2,6
20190903279,2792,3,4,1
20190903280,2802,3,1,2
20190903281,2812,6,7,1
20190903282,2822,8,5,3
20190903283,2832,5,2,3
20190903284,2842,2,3,1
20190903285,2852,4,4,0
20190903286,2862,7,8,1
20190903287,2872,2,0,2
20190903288,2882,4,4,0
20190904001,13,3,6,3
20190904002,23,5,1,4
20190904003,33,6,5,1
20190904004,43,2,4,2
20190904005,53,6,0,6
20190904006,63,7,5,2
20190904007,73,8,6,2
20190904008,83,1,6,5
20190904009,93,0,6,6
20190904010,103,6,0,6
20190904011,113,7,7,0
20190904012,123,0,6,6
20190904013,133,2,4,2
20190904014,143,9,5,4
20190904015,153,0,7,7
20190904016,163,4,4,0
20190904017,173,5,3,2
20190904018,183,7,5,2
20190904019,193,1,8,7
20190904020,203,9,8,1
20190904021,213,0,1,1
20190904022,223,4,9,5
20190904023,233,2,5,3
20190904024,243,8,5,3
20190904025,253,1,0,1
20190904026,263,4,7,3
20190904027,273,4,8,4
20190904028,283,9,0,9
20190904029,293,1,3,2
20190904030,303,7,2,5
20190904031,313,5,9,4
20190904032,323,0,5,5
20190904033,333,0,0,0
20190904034,343,3,8,5
20190904035,353,9,2,7
20190904036,363,7,3,4
20190904037,373,3,0,3
20190904038,383,0,4,4
20190904039,393,9,3,6
20190904040,403,1,8,7
20190904041,413,1,3,2
20190904042,423,3,6,3
20190904043,433,3,5,2
20190904044,443,1,9,8
20190904045,453,6,1,5
20190904046,463,6,6,0
20190904047,473,0,3,3
20190904048,483,9,5,4
20190904049,493,4,8,4
20190904050,503,8,1,7
20190904051,513,8,6,2
20190904052,523,8,8,0
20190904053,533,6,8,2
20190904054,543,9,1,8
20190904055,553,6,5,1
20190904056,563,0,1,1
20190904057,573,0,8,8
20190904058,583,8,5,3
20190904059,593,8,2,6
20190904060,603,4,6,2
20190904061,613,9,4,5
20190904062,623,3,3,0
20190904063,633,7,7,0
20190904064,643,5,3,2
20190904065,653,0,9,9
20190904066,663,4,2,2
20190904067,673,1,2,1
20190904068,683,5,5,0
20190904069,693,1,8,7
20190904070,703,6,1,5
20190904071,713,9,4,5
20190904072,723,0,6,6
20190904073,733,2,0,2
20190904074,743,6,4,2
20190904075,753,4,9,5
20190904076,763,5,4,1
20190904077,773,1,0,1
20190904078,783,7,1,6
20190904079,793,7,0,7
20190904080,803,3,3,0
20190904081,813,5,3,2
20190904082,823,4,3,1
20190904083,833,3,6,3
20190904084,843,8,0,8
20190904085,853,2,6,4
20190904086,863,1,1,0
20190904087,873,6,8,2
20190904088,883,0,7,7
20190904089,893,2,3,1
20190904090,903,7,3,4
20190904091,913,5,6,1
20190904092,923,8,6,2
20190904093,933,2,8,6
20190904094,943,1,0,1
20190904095,953,1,0,1
20190904096,963,8,7,1
20190904097,973,2,9,7
20190904098,983,4,6,2
20190904099,993,0,3,3
20190904100,1003,1,0,1
20190904101,1013,3,6,3
20190904102,1023,6,0,6
20190904103,1033,4,1,3
20190904104,1043,2,5,3
20190904105,1053,6,6,0
20190904106,1063,3,0,3
20190904107,1073,5,7,2
20190904108,1083,7,3,4
20190904109,1093,4,8,4
20190904110,1103,5,2,3
20190904111,1113,4,4,0
20190904112,1123,7,9,2
20190904113,1133,3,9,6
20190904114,1143,5,9,4
20190904115,1153,1,8,7
20190904116,1163,5,6,1
20190904117,1173,7,7,0
20190904118,1183,5,8,3
20190904119,1193,7,1,6
20190904120,1203,4,6,2
20190904121,1213,3,7,4
20190904122,1223,7,3,4
20190904123,1233,2,5,3
20190904124,1243,9,8,1
20190904125,1253,9,0,9
20190904126,1263,9,2,7
20190904127,1273,7,5,2
20190904128,1283,1,8,7
20190904129,1293,1,1,0
20190904130,1303,6,9,3
20190904131,1313,1,2,1
20190904132,1323,8,6,2
20190904133,1333,1,6,5
20190904134,1343,2,1,1
20190904135,1353,3,2,1
20190904136,1363,1,1,0
20190904137,1373,4,1,3
20190904138,1383,4,7,3
20190904139,1393,1,2,1
20190904140,1403,3,6,3
20190904141,1413,0,5,5
20190904142,1423,4,6,2
20190904143,1433,3,8,5
20190904144,1443,8,9,1
20190904145,1453,0,3,3
20190904146,1463,6,7,1
20190904147,1473,6,2,4
20190904148,1483,4,3,1
20190904149,1493,6,5,1
20190904150,1503,5,7,2
20190904151,1513,1,4,3
20190904152,1523,9,3,6
20190904153,1533,5,8,3
20190904154,1543,6,8,2
20190904155,1553,7,7,0
20190904156,1563,4,1,3
20190904157,1573,5,9,4
20190904158,1583,8,7,1
20190904159,1593,4,6,2
20190904160,1603,2,1,1
20190904161,1613,9,7,2
20190904162,1623,9,9,0
20190904163,1633,2,5,3
20190904164,1643,6,3,3
20190904165,1653,9,6,3
20190904166,1663,4,7,3
20190904167,1673,4,8,4
20190904168,1683,8,6,2
20190904169,1693,1,7,6
20190904170,1703,8,1,7
20190904171,1713,4,0,4
20190904172,1723,4,6,2
20190904173,1733,1,2,1
20190904174,1743,3,5,2
20190904175,1753,4,9,5
20190904176,1763,4,7,3
20190904177,1773,1,2,1
20190904178,1783,8,5,3
20190904179,1793,1,4,3
20190904180,1803,6,3,3
20190904181,1813,8,6,2
20190904182,1823,4,9,5
20190904183,1833,3,5,2
20190904184,1843,3,2,1
20190904185,1853,2,5,3
20190904186,1863,4,3,1
20190904187,1873,0,7,7
20190904188,1883,9,4,5
20190904189,1893,0,3,3
20190904190,1903,8,5,3
20190904191,1913,7,0,7
20190904192,1923,5,9,4
20190904193,1933,9,1,8
20190904194,1943,9,3,6
20190904195,1953,9,9,0
20190904196,1963,1,5,4
20190904197,1973,1,8,7
20190904198,1983,4,5,1
20190904199,1993,2,3,1
20190904200,2003,1,8,7
20190904201,2013,9,3,6
20190904202,2023,7,2,5
20190904203,2033,7,4,3
20190904204,2043,0,1,1
20190904205,2053,5,6,1
20190904206,2063,8,2,6
20190904207,2073,0,1,1
20190904208,2083,1,4,3
20190904209,2093,0,0,0
20190904210,2103,3,6,3
20190904211,2113,6,3,3
20190904212,2123,1,4,3
20190904213,2133,1,5,4
20190904214,2143,0,7,7
20190904215,2153,7,8,1
20190904216,2163,8,7,1
20190904217,2173,3,9,6
20190904218,2183,1,8,7
20190904219,2193,6,2,4
20190904220,2203,3,8,5
20190904221,2213,7,0,7
20190904222,2223,7,9,2
20190904223,2233,9,5,4
20190904224,2243,6,9,3
20190904225,2253,1,4,3
20190904226,2263,8,0,8
20190904227,2273,4,2,2
20190904228,2283,5,1,4
20190904229,2293,5,6,1
20190904230,2303,5,3,2
20190904231,2313,8,5,3
20190904232,2323,7,7,0
20190904233,2333,0,6,6
20190904234,2343,5,2,3
20190904235,2353,3,6,3
20190904236,2363,5,0,5
20190904237,2373,5,6,1
20190904238,2383,6,5,1
20190904239,2393,1,6,5
20190904240,2403,8,8,0
20190904241,2413,7,7,0
20190904242,2423,2,2,0
20190904243,2433,5,9,4
20190904244,2443,0,7,7
20190904245,2453,4,9,5
20190904246,2463,4,5,1
20190904247,2473,3,4,1
20190904248,2483,9,2,7
20190904249,2493,5,7,2
20190904250,2503,8,4,4
20190904251,2513,5,7,2
20190904252,2523,5,7,2
20190904253,2533,6,7,1
20190904254,2543,4,0,4
20190904255,2553,3,8,5
20190904256,2563,9,0,9
20190904257,2573,6,6,0
20190904258,2583,7,0,7
20190904259,2593,0,7,7
20190904260,2603,7,2,5
20190904261,2613,7,7,0
20190904262,2623,4,7,3
20190904263,2633,9,0,9
20190904264,2643,4,9,5
20190904265,2653,4,9,5
20190904266,2663,2,9,7
20190904267,2673,5,4,1
20190904268,2683,3,9,6
20190904269,2693,8,5,3
20190904270,2703,7,2,5
20190904271,2713,3,2,1
20190904272,2723,6,5,1
20190904273,2733,4,6,2
20190904274,2743,6,6,0
20190904275,2753,0,4,4
20190904276,2763,0,8,8
20190904277,2773,0,6,6
20190904278,2783,1,5,4
20190904279,2793,6,3,3
20190904280,2803,3,6,3
20190904281,2813,5,9,4
20190904282,2823,4,4,0
20190904283,2833,7,8,1
20190904284,2843,7,8,1
20190904285,2853,8,8,0
20190904286,2863,8,6,2
20190904287,2873,2,1,1
20190904288,2883,1,9,8
